wind-weather/data/weather/current/current-temp-isobaric-250hPa-gfs-1.0.json
{"header": {"discipline":0,"disciplineName":"Meteorologicalproducts","gribEdition":2,"gribLength":32965,"center":7,"centerName":"USNationalWeatherService-NCEP(WMC)","subcenter":0,"refTime":"2015-09-28T00:00:00.000Z","significanceOfRT":0,"significanceOfRTName":"Analysis","productStatus":0,"productStatusName":"Operationalproducts","productType":0,"productTypeName":"Analysisproducts","productDefinitionTemplate":0,"productDefinitionTemplateName":"Analysis/forecastathorizontallevel/layeratapointintime","parameterCategory":0,"parameterCategoryName":"Temperature","parameterNumber":0,"parameterNumberName":"Temperature","parameterUnit":"K","genProcessType":0,"genProcessTypeName":"Analysis","forecastTime":0,"surface1Type":100,"surface1TypeName":"Isobaricsurface","surface1Value":25000.0,"surface2Type":255,"surface2TypeName":"Missing","surface2Value":0.0,"gridDefinitionTemplate":0,"gridDefinitionTemplateName":"Latitude_Longitude","numberPoints":65160,"shape":6,"shapeName":"Earthsphericalwithradiusof6,371,229.0m","gridUnits":"degrees","resolution":48,"winds":"true","scanMode":0,"nx":360,"ny":181,"basicAngle":0,"subDivisions":0,"lo1":0.0,"la1":90.0,"lo2":359.0,"la2":-90.0,"dx":1.0,"dy":1.0}, "data":
[rows 68 to 101 of 181, columns 0 to 76 of 360]
229.3,229.6,229.3,229.1,228.7,228.8,228.8,228.8,229.0,228.9,228.8,228.6,228.2,228.1,228.1,227.9,228.2,228.4,228.4,228.1,228.0,227.9,228.1,228.3,228.3,228.2,228.0,228.0,228.2,228.5,228.9,229.3,229.6,229.8,230.0,230.2,230.0,229.9,229.8,229.9,229.9,229.8,229.8,229.9,229.8,229.7,229.6,229.7,229.8,229.8,229.8,230.0,230.2,230.5,230.7,231.1,231.4,231.7,231.8,231.9,232.2,232.3,232.5,232.9,233.1,233.2,233.4,233.6,233.7,233.8,233.9,234.0,234.1,234.3,234.2,234.1,234.0
230.2,230.4,229.9,229.8,229.5,229.4,229.4,229.2,229.2,229.1,229.1,228.7,228.6,228.6,228.6,228.4,228.5,228.8,228.6,228.5,228.4,228.4,228.7,228.8,228.9,228.9,228.8,228.9,229.1,229.3,229.6,229.8,229.9,230.1,230.2,230.2,230.2,230.0,230.1,230.1,230.3,230.3,230.2,230.2,230.3,230.2,230.3,230.3,230.3,230.2,230.2,230.3,230.6,230.9,231.2,231.5,231.8,232.1,232.3,232.4,232.5,232.7,233.0,233.1,233.1,233.2,233.4,233.5,233.5,233.7,233.8,233.9,234.1,234.2,234.0,234.0,234.0
230.6,230.4,230.3,230.1,230.1,230.0,229.9,229.8,229.7,229.6,229.4,229.1,229.0,229.1,229.2,229.0,228.8,228.8,228.8,228.9,228.9,229.0,229.3,229.5,229.6,229.5,229.6,229.7,229.7,229.9,229.9,229.9,230.1,230.2,230.3,230.3,230.4,230.3,230.4,230.5,230.7,231.1,230.8,230.8,230.8,230.9,231.0,230.9,230.7,230.8,230.9,231.0,231.2,231.4,231.7,231.9,232.1,232.3,232.5,232.5,232.8,233.0,233.1,233.0,233.1,233.2,233.2,233.3,233.3,233.5,233.6,233.8,233.9,234.0,233.8,233.8,233.9
231.1,230.8,230.6,230.4,230.5,230.5,230.4,230.3,230.2,230.0,229.5,229.2,229.2,229.3,229.4,229.6,229.5,229.4,229.4,229.4,229.6,229.9,230.1,230.1,230.0,230.0,230.0,230.1,230.1,230.1,229.9,230.1,230.2,230.3,230.5,230.6,230.6,230.6,230.7,230.9,231.1,231.2,231.3,231.3,231.6,231.5,231.5,231.4,231.3,231.3,231.4,231.5,231.6,231.8,232.0,232.0,232.2,232.3,232.5,232.7,233.0,233.0,233.0,232.9,233.0,233.0,233.0,233.1,233.1,233.2,233.4,233.7,233.8,234.0,233.8,233.7,233.8
231.0,231.0,230.9,230.8,230.9,230.8,230.8,230.8,230.6,230.1,229.7,229.6,229.5,229.7,229.8,229.9,230.1,230.1,230.1,230.2,230.5,230.6,230.7,230.6,230.4,230.4,230.3,230.3,230.2,230.1,230.3,230.3,230.5,230.7,230.8,230.8,230.9,231.0,231.1,231.4,231.6,231.7,232.0,231.8,231.8,231.7,231.7,231.7,231.8,231.8,231.7,231.8,231.9,232.0,232.1,232.1,232.2,232.4,232.7,232.9,232.9,232.9,232.9,232.8,232.8,232.8,233.0,233.0,233.0,232.9,233.1,233.3,233.6,233.7,233.7,233.8,233.8
231.3,231.2,231.1,231.1,231.1,231.2,231.2,231.1,230.8,230.5,230.2,230.0,230.0,230.1,230.3,230.5,230.7,230.6,230.7,230.8,230.7,230.6,230.6,230.5,230.4,230.4,230.4,230.2,230.3,230.4,230.7,230.8,231.0,231.0,231.0,231.0,231.2,231.4,231.6,232.0,232.0,232.1,232.1,232.5,232.3,232.0,231.9,231.9,231.9,231.9,231.9,232.0,232.1,232.1,232.0,232.1,232.3,232.5,232.8,232.9,232.8,232.9,232.8,232.6,232.7,232.8,232.7,232.7,232.7,232.8,232.9,233.0,233.3,233.5,233.5,233.6,233.8
231.5,231.5,231.4,231.3,231.4,231.5,231.5,231.4,231.1,230.9,230.6,230.5,230.5,230.7,231.0,231.1,231.2,231.1,231.1,231.0,230.8,230.8,230.8,230.6,230.5,230.5,230.5,230.6,230.7,230.9,231.0,231.0,231.0,231.1,231.1,231.1,231.4,231.6,231.9,232.3,232.1,232.3,232.2,232.1,232.2,231.9,231.8,231.8,231.8,231.9,232.0,232.0,232.0,232.2,232.3,232.3,232.5,232.6,232.7,232.7,232.7,232.7,232.7,232.6,232.6,232.6,232.6,232.5,232.5,232.8,233.0,233.0,233.3,233.5,233.6,233.4,233.4
231.8,231.8,231.7,231.7,231.8,231.9,231.8,231.6,231.3,231.1,231.0,230.9,231.0,231.3,231.4,231.5,231.5,231.7,231.5,231.4,231.3,231.2,230.9,230.8,231.0,231.1,231.1,231.1,231.4,231.6,231.4,231.3,231.1,231.2,231.4,231.5,231.6,231.9,232.2,232.6,232.6,232.3,231.9,232.0,231.7,231.8,231.8,231.7,231.7,232.0,232.1,232.3,232.1,232.1,232.2,232.3,232.4,232.5,232.5,232.7,232.7,232.7,232.6,232.5,232.5,232.4,232.4,232.4,232.5,232.7,232.7,233.0,233.3,233.6,233.4,233.6,233.7
232.1,232.2,232.1,232.2,232.3,232.4,232.4,232.0,231.6,231.4,231.3,231.3,231.5,231.7,231.8,231.9,232.0,232.0,231.9,231.7,231.7,231.4,231.5,231.7,231.6,231.6,231.4,231.5,232.1,232.4,231.7,231.5,231.5,231.5,231.8,231.8,231.9,232.2,232.3,232.3,232.5,232.0,231.8,231.8,232.0,231.5,231.6,231.7,231.8,232.0,232.0,232.0,232.1,232.1,232.2,232.2,232.2,232.3,232.4,232.6,232.5,232.5,232.5,232.5,232.5,232.6,232.6,232.6,232.6,232.9,232.8,232.9,233.3,233.2,233.0,232.7,233.0
232.5,232.5,232.5,232.7,232.9,232.8,232.7,232.6,232.0,231.8,231.7,231.9,231.9,232.1,232.1,232.4,232.4,232.1,232.1,232.1,232.0,232.0,232.1,231.9,231.7,231.8,231.5,231.7,232.1,232.6,231.9,231.8,231.7,232.0,232.0,232.0,232.0,232.0,232.6,232.3,232.3,231.9,231.9,231.8,231.8,231.7,231.7,231.7,231.7,231.8,231.9,231.9,232.0,232.1,232.2,232.1,232.1,232.3,232.4,232.3,232.2,232.4,232.5,232.5,232.5,232.5,232.6,232.7,232.8,233.1,233.2,233.2,233.3,233.2,232.8,232.7,232.3
232.7,232.7,232.8,232.7,232.7,232.9,232.7,232.7,232.5,232.2,232.3,232.2,232.3,232.3,232.4,232.8,232.7,232.4,232.2,232.3,232.4,232.3,232.0,231.9,232.0,231.8,231.8,232.0,232.2,232.2,232.2,231.9,232.0,232.2,232.1,232.1,232.0,232.6,232.6,232.3,232.1,232.0,231.9,231.8,231.8,231.6,231.5,231.6,231.6,231.7,231.8,232.0,232.0,232.1,232.1,232.0,232.1,232.2,232.2,232.0,232.1,232.3,232.4,232.4,232.3,232.3,232.4,232.8,232.9,233.0,232.9,233.1,233.0,232.6,232.5,232.2,232.2
232.8,232.8,232.9,232.7,232.8,232.7,232.8,232.8,232.9,233.0,232.8,232.6,232.4,232.6,232.3,232.6,232.5,232.0,232.1,232.3,232.2,232.2,232.0,232.1,232.1,232.1,232.2,232.4,232.4,232.3,232.0,232.1,232.2,232.3,232.1,232.1,232.2,232.6,232.0,232.2,232.2,231.9,231.9,231.8,231.9,231.7,231.5,231.4,231.7,231.8,231.7,231.9,231.9,232.0,231.9,231.9,232.0,232.1,232.1,232.0,232.1,232.2,232.4,232.3,232.3,232.2,232.5,233.1,233.0,233.0,232.8,232.9,233.1,232.5,232.5,232.6,233.0
233.2,233.4,232.9,232.6,232.9,232.9,232.9,232.9,232.9,233.1,233.2,233.1,232.8,232.8,232.8,232.7,232.7,232.5,232.4,232.1,232.2,232.1,232.3,232.4,232.3,232.3,232.1,232.4,232.3,232.2,232.4,232.4,232.4,232.4,232.3,232.2,232.2,232.2,232.0,231.9,231.9,231.9,232.0,231.9,231.9,231.7,231.5,231.5,231.6,231.8,231.8,231.7,231.7,231.7,231.6,231.6,231.8,232.0,232.1,232.0,232.0,232.3,232.4,232.4,232.3,232.2,232.5,233.0,232.9,232.6,232.8,232.7,232.8,232.5,232.4,232.4,232.4
233.3,233.3,233.0,232.4,233.0,233.0,233.4,233.1,233.2,233.3,233.3,233.1,232.9,233.0,232.8,233.0,232.9,232.6,232.2,232.2,231.9,232.2,232.5,232.3,232.1,232.2,232.2,232.3,232.4,232.3,232.1,232.3,232.4,232.4,232.3,232.2,232.0,232.2,232.3,231.9,232.1,231.9,231.7,231.9,231.8,231.6,231.6,231.6,231.7,231.7,231.8,231.8,231.7,231.5,231.4,231.5,231.9,232.2,232.1,231.9,231.9,232.2,232.5,232.6,232.7,232.6,232.5,232.8,232.7,232.7,232.5,232.6,232.4,232.4,232.4,232.1,232.7
233.3,233.1,233.0,232.7,232.6,232.7,233.0,233.0,233.0,233.3,233.2,233.1,232.8,232.8,232.8,233.0,232.8,232.7,232.5,232.1,231.8,232.1,232.2,232.2,232.1,232.1,232.0,232.2,232.2,232.3,231.8,232.3,232.4,232.5,232.3,232.4,232.4,232.4,232.3,231.9,231.8,231.9,231.8,231.8,231.9,231.8,231.7,231.7,231.8,231.9,232.1,232.0,231.9,231.7,231.7,231.9,232.2,232.3,232.3,232.0,232.1,232.3,232.6,232.7,232.9,232.8,232.6,232.8,232.8,232.5,232.2,232.5,232.5,232.8,232.8,233.1,232.7
233.3,232.9,232.8,232.6,232.8,232.7,232.5,232.8,232.7,233.1,233.0,233.0,232.7,232.7,232.8,232.4,232.5,232.4,232.2,231.9,231.8,232.5,232.2,232.3,232.3,231.9,232.0,231.9,232.2,231.9,232.4,232.2,232.4,232.8,232.3,232.4,232.1,232.1,232.0,232.1,232.0,231.9,231.9,231.9,232.0,232.0,231.9,231.9,232.0,232.1,232.2,232.2,232.1,231.9,232.0,232.2,232.3,232.3,232.4,232.2,232.2,232.4,232.7,232.9,233.0,232.9,232.6,232.6,232.6,232.7,232.6,232.2,232.6,232.8,232.5,233.0,233.2
232.9,232.6,232.6,232.8,233.0,232.9,232.6,232.8,233.0,233.0,233.1,232.7,232.8,232.7,232.6,232.4,232.1,231.9,231.9,232.0,232.4,232.8,232.3,232.3,232.2,231.9,231.7,231.7,232.1,232.1,232.3,232.5,232.7,232.5,232.4,232.5,232.4,232.0,232.1,232.1,232.1,231.9,231.9,231.8,231.8,231.9,231.9,231.9,232.0,232.1,232.1,232.1,232.1,232.2,232.4,232.4,232.4,232.4,232.3,232.3,232.5,232.7,232.9,233.2,233.3,233.2,232.8,232.7,232.7,232.8,232.8,232.3,232.2,232.4,232.4,232.4,232.9
232.8,232.6,232.6,232.3,232.6,232.5,232.4,232.5,232.7,232.9,232.8,232.7,233.0,233.2,233.1,232.3,232.0,231.8,231.9,232.1,232.3,232.5,232.1,232.0,232.1,232.1,232.1,231.9,232.1,232.2,232.6,232.6,232.7,232.5,232.6,232.4,232.3,232.1,232.4,232.2,232.1,231.9,231.7,231.7,231.8,231.9,231.9,231.9,231.9,232.0,231.9,231.9,232.1,232.4,232.5,232.4,232.5,232.4,232.3,232.5,232.7,232.9,233.0,233.3,233.5,233.4,233.1,232.9,232.7,232.8,232.6,232.2,232.0,231.9,231.9,232.0,232.2
232.8,232.4,232.4,232.4,232.3,232.2,232.2,232.4,232.7,232.6,232.8,232.7,232.6,232.6,232.6,232.3,232.2,232.0,232.1,231.9,232.0,232.0,231.8,232.2,232.7,232.4,232.1,232.1,232.2,232.2,232.2,232.6,232.8,232.9,232.7,232.4,232.2,232.1,232.1,232.2,232.1,232.0,231.9,231.7,231.8,231.9,231.9,231.9,231.9,231.9,231.9,232.0,232.2,232.5,232.5,232.6,232.5,232.4,232.4,232.6,232.7,232.6,232.7,233.1,233.5,233.6,233.5,233.2,233.1,233.0,232.8,232.6,232.5,232.2,231.8,232.2,232.1
232.7,232.3,232.3,232.2,232.1,232.2,232.3,232.4,232.5,232.8,232.8,232.6,232.5,232.3,232.2,232.3,232.2,232.1,232.2,231.9,231.9,232.1,231.9,232.0,232.2,232.1,232.7,232.4,232.2,232.0,231.9,232.4,232.8,232.6,232.6,232.3,232.3,232.2,232.4,232.3,232.2,232.1,231.9,231.7,232.0,232.0,232.0,232.0,231.9,231.8,231.9,232.1,232.3,232.4,232.5,232.5,232.5,232.4,232.4,232.4,232.4,232.3,232.4,232.8,233.1,233.4,233.5,233.4,233.4,233.4,233.3,233.0,232.7,232.4,232.1,232.1,232.3
232.8,232.6,232.7,232.8,232.5,232.3,232.3,232.4,232.5,232.6,232.6,232.5,232.4,232.3,232.3,232.5,232.2,231.9,232.0,231.9,232.0,232.3,232.3,232.3,232.3,232.5,233.1,232.5,232.5,231.7,231.8,232.2,232.6,232.8,232.5,232.4,232.1,232.2,232.2,232.3,232.2,232.1,232.0,232.0,232.0,232.1,232.2,232.2,232.0,231.9,231.9,232.0,232.1,232.2,232.4,232.4,232.4,232.3,232.3,232.2,232.1,232.0,232.1,232.4,232.7,233.1,233.2,233.3,233.3,233.4,233.6,233.3,232.8,232.6,232.2,232.3,232.4
232.9,232.7,232.6,232.6,232.7,232.4,232.5,232.6,232.6,232.6,232.6,232.5,232.3,232.3,232.0,231.8,231.7,231.7,231.8,232.0,232.2,232.3,232.6,232.6,232.7,232.6,233.1,232.3,231.6,231.6,231.9,232.2,232.3,232.5,232.6,232.5,232.1,232.1,232.1,232.2,232.2,232.1,232.1,232.1,232.1,232.2,232.3,232.3,232.1,232.0,232.1,232.2,232.2,232.2,232.3,232.4,232.4,232.3,232.3,232.2,232.1,232.0,231.9,232.0,232.4,232.7,232.9,233.0,233.0,233.1,233.2,233.5,233.3,232.9,232.4,232.1,232.1
232.8,232.4,232.3,232.3,232.4,232.6,232.9,233.0,233.0,232.9,232.8,232.6,232.4,232.1,231.8,231.6,231.4,231.4,231.6,231.8,232.1,232.2,232.5,232.8,232.7,232.6,232.6,232.1,231.5,231.8,231.7,231.9,232.1,232.4,232.4,232.4,232.0,231.8,232.1,232.1,232.2,232.2,232.1,232.1,232.2,232.3,232.3,232.3,232.3,232.3,232.4,232.5,232.4,232.3,232.3,232.2,232.2,232.3,232.2,232.1,232.0,231.9,231.7,231.8,232.3,232.7,232.7,232.6,232.8,233.0,233.0,233.1,233.4,233.3,232.8,232.4,232.2
233.0,232.7,232.5,232.5,232.6,232.6,232.9,233.1,233.2,233.1,232.9,232.6,232.3,232.0,231.6,231.5,231.4,231.4,231.5,231.7,232.0,232.1,232.4,232.9,232.8,232.6,232.5,232.0,231.8,231.9,232.3,232.0,232.2,232.1,232.5,232.6,232.2,232.0,231.9,232.2,232.3,232.2,232.0,232.0,232.0,232.2,232.3,232.4,232.3,232.4,232.5,232.5,232.4,232.3,232.2,232.2,232.1,232.0,232.1,232.0,231.7,231.5,231.4,231.7,232.1,232.6,232.5,232.3,232.5,232.6,232.8,233.1,233.0,233.1,232.9,232.5,232.3
233.2,233.1,232.9,232.6,232.8,232.9,233.0,233.1,233.1,232.9,232.6,232.4,232.0,232.1,231.8,231.6,231.4,231.4,231.7,232.1,232.2,232.2,232.3,232.3,232.9,232.8,232.5,232.3,231.8,232.2,232.2,232.3,232.2,232.1,232.5,232.4,231.8,231.8,232.1,232.3,232.4,232.3,232.0,231.9,231.8,232.0,232.1,232.3,232.4,232.3,232.5,232.4,232.3,232.1,232.1,232.1,232.2,232.0,231.8,231.7,231.4,231.2,231.3,231.7,231.8,231.7,231.8,232.0,232.3,232.5,232.6,232.6,232.8,232.9,233.1,232.7,232.4
232.9,232.8,232.7,232.5,232.6,232.8,233.0,233.1,233.0,232.8,232.6,232.2,231.9,231.7,231.8,231.7,231.5,231.4,231.8,232.2,232.4,232.4,232.4,232.3,232.5,232.6,232.3,232.2,232.3,232.3,232.5,232.4,232.1,232.2,232.3,232.2,231.8,231.8,232.0,232.2,232.5,232.4,232.1,231.9,231.7,231.8,232.0,232.0,232.1,232.1,232.2,232.2,232.1,232.0,232.0,232.1,232.2,232.1,231.8,231.5,231.4,231.2,231.2,231.8,231.9,231.6,231.5,231.8,232.1,232.3,232.6,232.7,232.5,232.8,233.0,232.9,232.8
232.8,232.8,232.7,232.5,232.5,232.7,232.7,232.9,233.0,232.7,232.4,232.2,231.8,231.6,231.4,231.4,231.3,231.2,231.6,232.1,232.4,232.6,232.6,232.5,232.6,232.6,232.2,231.9,232.5,232.4,232.6,232.6,232.4,232.5,232.1,232.0,231.9,231.9,231.9,231.9,232.2,232.5,232.1,232.0,231.7,231.8,231.9,232.1,232.2,232.1,232.1,232.2,232.2,232.0,231.9,232.0,232.1,232.1,231.9,231.7,231.5,231.6,231.8,231.4,231.4,231.2,231.3,231.5,232.1,232.5,232.3,232.9,232.8,232.8,233.1,233.1,232.7
232.8,232.8,232.8,232.7,232.7,232.6,232.6,232.7,232.9,232.7,232.6,232.2,231.9,231.7,231.4,231.4,231.3,231.3,231.4,231.9,232.3,232.6,232.7,232.7,233.2,232.7,232.3,231.9,232.3,232.6,232.6,232.5,232.5,232.6,232.4,232.1,231.9,232.0,232.0,232.1,232.0,232.5,232.1,232.0,231.7,231.7,231.8,231.8,231.9,231.6,232.1,232.4,232.5,232.4,232.2,232.1,231.9,231.9,232.0,231.9,231.7,232.1,232.4,232.6,232.5,232.5,232.2,231.9,231.8,232.1,232.3,232.8,232.9,233.2,233.2,233.1,232.9
232.9,233.0,233.1,233.1,233.1,233.0,232.9,232.8,232.8,232.8,232.6,232.3,231.9,231.8,231.6,231.5,231.4,231.3,231.3,231.6,232.1,232.7,232.8,232.7,232.9,232.9,232.7,232.2,232.2,232.2,232.3,232.3,232.2,232.4,232.6,232.3,232.1,232.0,232.0,232.0,232.1,232.3,232.2,232.1,231.7,231.6,231.5,232.0,232.2,232.2,231.8,232.7,232.4,232.6,232.4,232.2,232.1,232.0,231.8,231.7,232.1,232.4,232.7,232.7,232.1,232.7,232.8,232.7,232.0,232.2,232.4,232.4,232.9,233.2,233.0,232.9,232.9
232.7,232.8,232.9,233.0,233.0,233.0,232.9,232.8,232.8,232.8,232.6,232.4,232.1,231.9,231.6,231.6,231.6,231.5,231.3,231.4,231.8,232.3,232.6,232.8,233.0,232.9,232.9,232.6,232.4,232.2,231.8,232.0,232.1,232.1,232.2,232.2,232.1,232.1,231.9,231.9,232.0,232.1,232.3,231.9,231.8,231.6,231.7,231.8,231.9,231.6,231.7,232.1,232.2,232.1,232.0,231.9,232.0,231.7,231.7,231.9,231.8,232.1,232.4,232.3,232.3,232.2,232.6,232.6,232.6,231.9,232.5,232.8,233.1,233.0,232.7,232.7,232.9
232.1,232.1,232.1,232.2,232.3,232.2,232.3,232.2,232.1,232.0,232.1,232.1,232.0,232.0,231.8,231.7,231.7,231.6,231.7,231.3,231.4,231.9,232.2,232.7,232.8,232.8,232.8,232.5,232.2,232.2,232.3,231.9,231.9,232.0,232.1,232.0,232.1,232.0,231.9,231.8,231.9,232.0,232.0,232.0,231.8,231.6,231.6,231.7,231.8,231.5,231.5,231.5,231.6,231.6,231.8,231.8,231.8,231.9,231.8,231.5,231.8,232.1,232.5,232.8,232.9,232.6,232.4,232.3,232.5,232.2,232.5,232.5,232.7,232.6,232.3,232.1,232.7
231.4,231.3,231.3,231.3,231.3,231.4,231.3,231.3,231.3,231.1,231.0,231.1,231.3,231.6,231.8,231.9,231.6,231.6,231.8,231.5,231.4,231.6,231.9,232.5,232.9,232.8,232.7,232.5,232.4,232.1,232.0,232.1,232.0,232.1,232.2,232.0,232.0,231.8,231.6,231.6,231.7,231.8,231.9,231.9,231.8,231.6,231.4,231.5,231.6,231.4,231.2,231.6,231.9,232.2,232.4,232.2,231.9,231.6,231.6,231.6,231.9,232.1,232.5,232.8,232.8,232.8,232.6,232.6,232.3,232.3,232.4,232.4,232.4,232.4,232.2,232.3,232.5
231.3,231.2,231.1,230.9,230.8,230.6,230.6,230.7,230.6,230.5,230.4,230.2,230.4,230.7,231.2,231.7,231.8,231.6,231.5,231.6,231.5,231.3,231.7,232.3,232.4,232.6,232.2,232.2,232.4,232.1,232.2,231.9,231.9,231.9,232.1,231.7,231.8,231.6,231.6,231.5,231.4,231.4,231.5,231.7,231.8,231.6,231.6,231.5,231.5,231.7,231.8,232.2,232.3,232.5,232.5,232.5,232.1,231.8,231.7,231.9,232.0,232.0,232.4,232.7,232.7,232.7,232.7,232.5,232.5,232.3,232.3,232.1,232.0,232.0,231.8,232.0,232.1
231.3,231.2,231.1,230.9,230.7,230.5,230.3,230.1,230.0,230.0,229.9,229.8,229.8,230.1,230.5,230.9,231.3,231.5,231.7,231.4,231.6,231.7,231.8,231.8,232.2,232.2,232.2,232.1,232.2,232.0,232.0,231.8,232.1,232.0,231.9,231.8,231.7,231.4,231.3,231.4,231.7,231.6,231.4,231.4,231.6,231.7,231.7,231.5,231.4,231.5,231.8,232.0,232.0,232.1,232.2,232.3,232.2,232.1,232.2,232.3,232.3,232.3,232.4,232.4,232.5,232.4,232.5,232.6,232.5,232.4,232.2,232.2,232.1,231.9,231.6,231.7,231.8
