wind-weather/data/weather/current/current-relative_humidity-isobaric-500hPa-gfs-1.0.json
{"header": {"discipline":0,"disciplineName":"Meteorologicalproducts","gribEdition":2,"gribLength":72043,"center":7,"centerName":"USNationalWeatherService-NCEP(WMC)","subcenter":0,"refTime":"2015-09-28T00:00:00.000Z","significanceOfRT":0,"significanceOfRTName":"Analysis","productStatus":0,"productStatusName":"Operationalproducts","productType":0,"productTypeName":"Analysisproducts","productDefinitionTemplate":0,"productDefinitionTemplateName":"Analysis/forecastathorizontallevel/layeratapointintime","parameterCategory":1,"parameterCategoryName":"Moisture","parameterNumber":1,"parameterNumberName":"Relative_humidity","parameterUnit":"percent","genProcessType":0,"genProcessTypeName":"Analysis","forecastTime":0,"surface1Type":100,"surface1TypeName":"Isobaricsurface","surface1Value":50000.0,"surface2Type":255,"surface2TypeName":"Missing","surface2Value":0.0,"gridDefinitionTemplate":0,"gridDefinitionTemplateName":"Latitude_Longitude","numberPoints":65160,"shape":6,"shapeName":"Earthsphericalwithradiusof6,371,229.0m","gridUnits":"degrees","resolution":48,"winds":"true","scanMode":0,"nx":360,"ny":181,"basicAngle":0,"subDivisions":0,"lo1":0.0,"la1":90.0,"lo2":359.0,"la2":-90.0,"dx":1.0,"dy":1.0}, "data":
[rows 0 to 38 of 181, columns 88 to 175 of 360]
54.8,54.8,54.8,54.8,54.8,54.8,54.8,54.8,54.8,54.8,54.8,54.8,54.8,54.8,54.8,54.8,54.8,54.8,54.8,54.8,54.8,54.8,54.8,54.8,54.8,54.8,54.8,54.8,54.8,54.8,54.8,54.8,54.8,54.8,54.8,54.8,54.8,54.8,54.8,54.8,54.8,54.8,54.8,54.8,54.8,54.8,54.8,54.8,54.8,54.8,54.8,54.8,54.8,54.8,54.8,54.8,54.8,54.8,54.8,54.8,54.8,54.8,54.8,54.8,54.8,54.8,54.8,54.8,54.8,54.8,54.8,54.8,54.8,54.8,54.8,54.8,54.8,54.8,54.8,54.8,54.8,54.8,54.8,54.8,54.8,54.8,54.8,54.8
42.2,42.1,41.9,41.8,41.6,41.5,41.4,41.3,41.2,41.2,41.1,41.1,41.1,41.1,41.1,41.2,41.2,41.2,41.3,41.4,41.4,41.5,41.6,41.6,41.7,41.8,41.9,41.9,42.0,42.0,42.1,42.1,42.1,42.1,42.1,42.0,42.0,42.0,41.9,41.8,41.7,41.6,41.5,41.4,41.3,41.2,41.0,40.9,40.8,40.7,40.6,40.5,40.3,40.2,40.1,40.0,39.9,39.8,39.8,39.7,39.7,39.6,39.6,39.6,39.6,39.6,39.7,39.7,39.7,39.8,39.8,39.8,39.9,40.0,40.0,40.1,40.1,40.2,40.2,40.3,40.3,40.4,40.4,40.4,40.5,40.5,40.5,40.5
38.2,38.3,38.4,38.5,38.7,38.9,39.1,39.3,39.5,39.8,40.0,40.3,40.6,40.9,41.1,41.3,41.5,41.7,41.8,41.9,42.0,42.0,42.1,42.1,42.2,42.4,42.7,43.1,43.6,44.3,45.2,46.2,47.5,49.0,50.6,52.4,54.3,56.4,58.6,60.9,63.3,65.8,68.3,70.9,73.6,76.3,79.0,81.6,84.2,86.7,89.2,91.5,93.8,95.9,98.0,99.8,100.0,100.0,100.0,100.0,100.0,100.0,100.0,100.0,100.0,100.0,100.0,100.0,100.0,100.0,100.0,100.0,100.0,100.0,100.0,100.0,100.0,100.0,100.0,100.0,100.0,100.0,100.0,100.0,100.0,100.0,100.0,100.0
46.2,47.4,48.4,49.5,50.5,51.5,52.5,53.4,54.3,55.3,56.3,57.2,58.3,59.4,60.7,62.2,63.9,65.8,68.0,70.4,73.1,75.9,78.8,81.8,84.8,87.8,90.6,93.3,95.8,98.1,100.0,100.0,100.0,100.0,100.0,100.0,100.0,100.0,100.0,100.0,100.0,100.0,100.0,100.0,100.0,100.0,99.3,97.8,96.4,95.0,93.7,92.7,91.7,90.8,90.1,89.3,88.6,88.0,87.5,87.1,86.9,86.7,86.6,86.6,86.7,86.9,87.0,87.2,87.3,87.5,87.7,87.9,88.0,88.2,88.3,88.4,88.4,88.4,88.3,88.1,87.8,87.5,87.3,87.0,86.6,86.3,85.9,85.5
68.1,70.1,72.1,73.9,75.8,77.8,79.7,81.8,83.8,85.9,87.9,89.9,91.8,93.5,95.1,96.5,97.6,98.3,98.7,98.7,98.5,98.2,97.8,97.3,96.9,96.4,95.9,95.4,94.9,94.5,94.2,94.2,94.4,94.8,95.3,95.8,96.3,96.8,97.4,98.0,98.5,99.0,99.4,99.5,99.5,99.3,98.9,98.3,97.6,96.8,95.9,94.8,93.6,92.1,90.6,89.0,87.5,86.0,84.8,83.7,82.7,81.7,80.8,80.0,79.1,78.4,77.8,77.5,77.3,77.1,77.1,77.1,76.9,76.7,76.5,76.2,76.0,75.8,75.6,75.5,75.3,75.1,74.8,74.4,73.9,73.3,72.7,72.0
79.4,81.6,83.6,85.4,87.1,88.5,89.7,90.7,91.7,92.6,93.4,94.0,94.3,94.2,93.7,93.1,92.4,91.6,91.1,90.5,90.2,90.1,90.0,90.2,90.5,90.7,90.9,90.9,90.8,90.5,90.0,89.5,88.6,87.6,86.4,85.1,83.8,82.7,81.6,80.8,80.0,79.4,78.9,78.7,78.9,79.2,79.8,80.5,81.2,81.9,82.7,83.4,84.1,84.8,85.3,85.8,86.2,86.6,87.1,87.5,87.9,88.3,88.8,89.2,89.8,90.4,90.9,91.4,91.8,92.3,92.7,93.3,94.0,94.5,95.0,95.4,95.6,95.9,96.2,96.6,97.1,97.5,97.8,98.0,98.1,98.0,98.0,98.0
76.6,77.7,78.6,79.4,80.1,80.5,80.6,80.4,80.0,79.4,78.7,78.0,77.2,76.3,75.3,74.2,72.9,71.8,71.0,70.6,70.7,71.1,71.7,72.4,73.3,74.4,75.8,77.3,78.8,79.8,80.8,81.7,82.8,84.2,85.6,86.9,88.0,89.1,90.0,90.8,91.3,91.4,91.2,90.7,90.3,89.9,89.7,89.4,89.1,89.0,88.9,89.1,89.2,89.3,89.3,89.3,89.5,89.7,90.0,90.0,89.9,89.8,89.9,90.4,90.9,91.3,91.6,91.8,92.0,92.5,93.1,93.6,94.0,94.2,94.6,95.1,95.7,96.1,96.4,96.5,96.5,96.7,97.0,97.3,97.6,97.6,97.6,97.5
69.3,68.3,67.3,66.4,65.6,65.3,65.3,65.9,66.6,67.5,68.6,69.8,71.0,72.1,72.9,73.3,73.5,73.8,74.3,74.9,75.3,75.3,75.2,74.9,74.9,75.0,75.4,75.8,76.2,76.5,76.8,77.1,77.6,78.0,78.5,79.0,79.8,80.6,81.3,81.9,82.4,83.1,83.9,84.7,85.2,85.7,86.3,87.1,87.9,88.7,89.4,90.0,90.7,91.3,91.9,92.3,92.8,93.2,93.7,94.0,94.4,94.5,94.6,94.7,94.6,94.5,94.1,93.6,92.9,92.4,91.9,91.3,90.8,90.2,89.8,89.9,90.1,90.7,91.3,91.7,92.0,92.4,92.9,93.7,94.9,95.7,96.3,96.5
61.7,64.2,66.6,68.6,70.0,71.0,71.8,72.1,72.0,71.6,71.1,70.7,70.2,69.9,69.8,69.9,69.6,69.1,68.7,68.5,68.3,67.7,66.9,66.4,66.3,66.4,66.1,65.6,65.2,64.9,64.6,64.2,64.0,63.8,63.4,62.9,62.6,62.6,63.0,63.2,63.5,64.0,64.8,65.5,66.0,66.5,67.1,68.1,68.8,69.4,69.9,70.5,71.1,71.1,70.9,70.3,69.8,69.1,68.2,67.4,67.0,66.7,66.4,66.1,66.4,67.5,69.0,70.6,72.4,74.7,77.5,80.0,82.0,83.5,84.7,85.7,86.2,86.3,86.2,86.2,86.5,87.0,88.3,90.3,93.3,96.3,97.6,98.4
73.9,73.8,73.4,73.0,72.9,70.5,68.2,69.2,71.5,74.5,79.5,81.8,82.8,83.6,84.4,84.8,84.9,84.7,84.7,84.7,84.9,85.1,85.2,85.2,85.2,85.1,84.6,83.9,83.3,82.8,82.2,81.7,81.1,80.3,79.3,78.4,78.2,78.4,78.0,77.6,78.0,78.8,79.3,79.7,80.3,81.2,81.5,81.6,82.4,83.8,85.0,85.8,86.8,87.9,88.4,88.0,87.6,87.6,87.8,87.9,88.0,88.4,88.2,87.7,87.2,86.9,86.2,84.8,83.0,80.9,78.4,75.3,72.2,69.2,66.3,63.9,62.1,61.4,61.4,62.5,64.2,66.4,68.1,68.8,69.0,68.9,69.8,72.0
85.8,85.0,84.3,84.0,85.5,87.8,84.6,94.9,96.2,99.0,82.5,83.0,77.6,78.0,78.2,77.8,77.0,76.6,76.6,75.9,74.6,73.8,74.0,74.1,73.8,74.3,75.7,77.0,78.2,79.5,81.0,82.1,82.9,83.9,84.7,85.5,86.2,86.4,86.2,86.0,86.3,86.4,86.1,85.9,85.9,86.1,86.5,87.1,87.2,86.8,86.4,86.2,86.1,86.2,87.0,88.1,89.0,89.6,90.2,90.8,91.3,92.0,93.3,94.8,95.5,95.5,95.5,95.9,96.4,96.9,97.2,97.7,98.6,99.2,99.8,100.0,100.0,100.0,100.0,100.0,100.0,100.0,97.9,89.2,80.6,71.9,64.8,60.1
90.8,90.7,89.2,85.0,78.3,72.0,66.8,62.0,56.9,52.9,51.3,61.5,43.3,46.8,53.8,45.5,51.1,46.8,49.5,50.0,48.7,46.7,44.7,42.8,40.7,38.4,36.6,35.0,33.1,31.2,30.0,29.1,28.3,28.3,29.0,30.3,32.6,36.3,41.0,46.5,52.3,57.7,62.2,65.3,66.5,66.3,65.2,63.9,63.3,63.9,64.6,64.9,64.8,64.7,64.5,63.8,62.0,58.0,51.8,43.9,35.7,28.5,23.5,21.1,21.2,23.1,26.3,30.7,36.1,41.7,47.7,55.3,63.4,71.2,78.2,85.2,92.5,97.5,98.8,100.0,100.0,100.0,100.0,100.0,100.0,100.0,100.0,100.0
53.8,47.6,46.3,49.6,55.0,61.2,66.8,70.7,72.9,73.4,71.8,70.3,71.6,73.7,75.0,74.9,74.8,75.5,75.7,74.5,71.0,65.9,60.8,56.4,53.2,51.3,50.0,48.9,47.8,46.1,44.2,42.4,40.1,37.7,35.9,34.2,33.2,33.3,33.8,34.7,35.9,36.1,35.5,34.2,31.5,28.8,27.5,27.4,28.7,30.9,32.7,33.7,34.4,34.0,32.0,28.6,24.0,19.2,14.9,12.0,11.1,12.5,15.3,18.7,21.6,23.6,24.5,24.8,24.8,25.1,26.3,28.7,31.5,34.1,37.4,41.7,46.6,52.2,58.2,65.8,76.3,87.2,95.2,99.9,100.0,100.0,100.0,100.0
33.6,41.4,48.9,52.6,53.1,53.2,53.3,52.6,50.7,48.3,46.4,45.9,46.3,45.3,45.5,52.2,48.3,45.6,51.8,62.1,77.6,96.7,100.0,100.0,100.0,100.0,100.0,100.0,100.0,100.0,100.0,100.0,100.0,100.0,100.0,100.0,100.0,100.0,100.0,100.0,100.0,100.0,98.2,89.5,78.4,66.9,56.5,46.5,39.3,34.2,30.4,28.3,26.7,24.9,23.6,22.6,22.4,22.6,21.5,19.5,17.3,15.5,16.0,19.1,23.0,27.4,30.4,30.9,30.3,29.1,28.1,29.0,31.9,35.0,36.1,34.6,32.5,31.9,34.4,40.9,50.2,60.5,69.0,75.0,81.5,89.4,96.5,100.0
17.1,17.3,17.4,17.4,19.1,21.5,24.6,28.4,27.5,27.5,28.3,27.4,24.7,25.3,28.1,30.4,39.0,55.0,80.8,99.8,100.0,100.0,100.0,100.0,97.5,100.0,100.0,100.0,100.0,100.0,100.0,100.0,100.0,100.0,100.0,100.0,100.0,100.0,100.0,100.0,100.0,100.0,100.0,99.6,99.7,100.0,100.0,100.0,100.0,100.0,100.0,100.0,100.0,95.8,85.2,73.0,60.2,49.0,39.6,32.4,28.4,26.3,25.3,25.5,26.3,27.0,27.8,28.6,29.1,30.2,31.6,32.1,32.8,32.9,32.0,31.1,29.6,28.4,29.3,31.6,35.0,41.6,52.1,62.7,67.3,67.5,73.3,87.0
24.1,22.8,21.8,22.1,22.7,22.3,21.4,20.5,19.4,19.5,19.1,17.7,18.3,21.2,27.4,38.3,39.5,60.4,86.3,100.0,100.0,100.0,100.0,100.0,100.0,100.0,100.0,100.0,100.0,100.0,100.0,100.0,100.0,100.0,100.0,100.0,100.0,100.0,100.0,100.0,100.0,100.0,100.0,100.0,100.0,100.0,100.0,100.0,99.9,100.0,99.7,100.0,99.4,99.7,100.0,100.0,100.0,100.0,100.0,100.0,100.0,100.0,99.7,96.8,91.7,84.7,77.1,69.9,62.1,54.6,47.9,42.1,37.5,34.0,32.8,33.2,34.9,37.3,39.2,41.8,43.6,45.0,48.8,53.0,54.3,51.4,50.5,62.2
20.6,20.7,19.7,18.6,17.4,16.0,15.0,14.1,13.5,11.8,12.3,14.6,18.8,25.1,35.5,48.8,69.1,88.7,99.8,100.0,100.0,100.0,100.0,100.0,100.0,100.0,100.0,100.0,100.0,100.0,100.0,99.8,100.0,100.0,96.7,94.9,92.6,90.4,92.1,98.2,100.0,99.8,99.4,100.0,99.3,98.2,100.0,100.0,100.0,100.0,100.0,100.0,100.0,100.0,100.0,100.0,98.8,97.6,96.6,95.9,95.8,96.5,98.8,100.0,100.0,100.0,100.0,100.0,100.0,100.0,100.0,100.0,100.0,100.0,100.0,100.0,98.7,96.7,95.2,93.1,88.2,77.9,67.9,60.3,50.1,36.8,30.0,38.0
18.1,18.2,17.5,16.7,16.1,15.6,14.7,14.4,15.1,16.5,19.9,27.5,35.6,47.9,58.2,74.1,86.4,97.0,99.6,100.0,100.0,100.0,100.0,99.7,100.0,100.0,99.9,100.0,99.3,96.1,96.9,100.0,100.0,100.0,100.0,100.0,100.0,100.0,100.0,100.0,100.0,99.7,99.4,99.3,98.4,94.7,83.2,68.2,52.4,39.7,34.3,38.4,48.7,61.8,71.1,80.2,87.6,92.5,95.3,97.3,98.5,99.0,98.8,98.5,98.6,99.1,99.8,100.0,100.0,100.0,100.0,100.0,100.0,100.0,100.0,100.0,100.0,100.0,100.0,100.0,100.0,99.4,96.3,89.9,74.6,51.4,34.2,35.1
42.1,42.8,42.0,41.0,38.6,36.5,34.4,31.7,31.9,38.1,43.2,51.3,59.8,72.3,84.3,90.8,95.1,93.4,100.0,100.0,100.0,100.0,100.0,98.9,98.7,95.8,90.2,89.5,90.6,96.6,100.0,100.0,100.0,100.0,99.9,100.0,99.8,100.0,100.0,100.0,100.0,96.7,99.9,99.0,98.7,96.7,93.1,85.5,75.7,66.6,58.8,50.4,40.1,30.7,26.8,26.1,28.7,34.7,42.1,50.8,61.2,72.5,83.5,92.8,97.5,98.8,99.7,100.0,100.0,100.0,100.0,100.0,100.0,100.0,100.0,100.0,100.0,100.0,100.0,100.0,100.0,100.0,100.0,98.8,91.7,75.2,59.3,57.2
36.8,31.1,24.9,22.7,21.7,22.6,25.5,30.6,34.8,37.6,40.8,48.9,59.8,68.7,87.1,89.9,88.7,89.8,100.0,100.0,100.0,98.9,100.0,100.0,99.7,94.7,94.0,100.0,100.0,100.0,100.0,100.0,100.0,99.2,89.5,79.0,71.8,67.7,60.9,58.1,58.4,62.0,67.1,71.4,74.6,79.0,84.5,88.1,87.2,80.3,69.4,56.7,42.6,31.1,25.0,23.3,26.2,34.0,45.8,59.7,76.2,90.3,99.4,100.0,100.0,100.0,100.0,100.0,100.0,100.0,100.0,100.0,100.0,100.0,100.0,100.0,100.0,100.0,100.0,100.0,100.0,100.0,100.0,100.0,100.0,97.2,96.1,100.0
62.2,61.9,62.2,47.3,45.4,37.9,39.2,30.6,29.2,29.6,31.7,38.5,49.6,59.3,64.8,65.0,77.3,86.7,100.0,100.0,99.5,99.2,100.0,99.6,98.2,93.9,85.5,73.3,58.2,45.7,36.7,30.4,26.0,23.2,21.4,18.1,16.0,14.7,14.0,13.1,11.7,10.0,12.4,19.1,14.3,12.3,12.9,16.5,19.0,22.1,25.1,27.3,31.0,34.0,36.0,35.3,39.6,39.0,44.3,57.3,72.9,78.3,86.1,100.0,100.0,100.0,100.0,100.0,100.0,100.0,100.0,100.0,100.0,100.0,100.0,100.0,100.0,100.0,100.0,100.0,100.0,100.0,100.0,100.0,100.0,100.0,99.0,99.3
50.0,63.4,68.4,63.3,56.7,53.5,52.7,48.3,43.2,42.2,38.9,48.6,47.0,48.7,48.6,59.6,78.9,90.6,90.1,95.8,100.0,98.9,92.2,73.6,58.7,47.8,44.7,50.0,50.0,46.0,39.6,31.2,25.7,18.6,13.4,12.2,12.9,14.1,15.2,14.4,11.8,12.3,20.7,16.5,12.9,13.1,11.2,8.6,8.4,8.6,9.8,10.2,27.1,28.7,33.4,33.8,32.9,37.7,50.5,58.5,64.8,87.8,99.1,99.9,99.8,99.5,100.0,99.5,99.3,99.2,100.0,100.0,100.0,100.0,85.4,100.0,100.0,100.0,100.0,100.0,100.0,100.0,99.7,99.2,100.0,99.7,100.0,99.0
30.7,41.6,52.5,63.0,63.8,65.6,84.5,87.4,96.3,100.0,100.0,96.9,100.0,100.0,100.0,94.6,91.4,92.4,89.0,81.1,72.2,65.6,64.9,67.2,68.2,64.1,57.5,55.9,49.9,46.8,48.7,45.3,39.2,34.1,27.5,22.9,24.6,27.2,30.3,33.8,32.5,48.7,70.7,77.2,83.3,88.3,77.7,81.5,72.4,72.1,62.7,70.7,61.3,56.3,47.8,45.9,52.1,59.7,68.9,80.9,100.0,99.1,98.4,95.5,100.0,100.0,98.6,94.3,92.5,95.0,99.5,100.0,100.0,100.0,97.1,100.0,100.0,99.6,100.0,100.0,100.0,98.8,90.4,99.0,99.2,99.7,96.5,95.6
38.8,35.3,35.7,35.7,49.3,64.8,65.4,75.5,81.5,84.2,89.2,93.6,100.0,100.0,92.2,89.8,83.5,78.1,83.4,90.8,78.6,73.3,57.5,48.4,58.0,51.3,48.6,51.9,54.6,56.8,57.6,57.6,57.4,59.0,63.5,73.5,79.2,88.7,90.7,93.5,87.8,96.4,91.8,99.9,100.0,98.8,97.7,96.7,96.0,86.7,78.5,92.1,100.0,92.9,88.9,77.4,92.6,90.0,87.3,100.0,100.0,98.2,92.9,100.0,100.0,95.3,86.9,85.5,88.3,91.9,93.8,98.9,98.7,92.6,90.4,100.0,100.0,100.0,100.0,97.5,100.0,100.0,99.9,99.2,97.5,90.2,72.7,47.7
43.8,37.1,40.4,44.1,56.0,74.8,96.7,96.7,92.7,92.9,89.0,84.1,78.0,82.1,88.0,98.0,93.9,82.1,79.6,77.2,68.7,72.7,60.0,47.7,49.8,65.9,83.0,91.1,91.1,84.7,81.5,78.2,74.0,72.7,73.0,72.7,73.4,76.4,79.6,90.0,94.8,94.6,94.4,93.8,96.4,92.3,91.8,91.0,94.2,87.6,82.3,92.3,86.2,82.7,72.2,82.5,78.3,86.5,97.6,100.0,98.6,88.0,96.4,97.8,95.2,91.8,89.0,94.9,90.1,96.2,91.1,91.2,94.6,82.8,100.0,100.0,96.6,91.6,98.9,98.9,100.0,99.3,95.2,92.0,76.5,60.4,41.5,46.6
57.9,52.0,58.8,69.8,80.2,77.5,74.8,68.8,72.0,76.7,90.0,86.1,90.3,89.4,80.7,74.7,71.6,67.7,71.2,69.2,63.5,56.9,49.0,68.3,92.1,98.1,96.7,92.1,86.9,76.5,68.0,61.6,59.5,60.8,62.6,61.2,60.4,64.6,69.9,74.1,79.8,91.4,98.4,97.8,90.8,82.3,82.6,86.2,78.5,85.7,87.0,83.0,81.1,75.1,79.2,78.0,93.2,89.0,80.1,73.6,92.2,93.6,84.6,88.2,91.4,92.1,88.0,82.7,82.2,86.6,86.9,85.3,80.0,86.6,85.1,83.5,78.2,83.0,83.9,79.2,88.8,90.6,64.3,53.1,51.9,54.7,55.6,61.1
62.6,74.0,74.9,64.4,60.0,59.9,62.2,74.8,71.0,69.5,59.1,61.9,55.4,57.7,56.4,57.5,59.4,64.6,61.3,59.7,59.0,60.9,78.2,97.6,85.4,63.8,52.4,49.2,49.6,51.5,56.5,62.5,63.0,60.2,57.7,59.1,62.3,68.6,76.7,78.7,77.9,79.6,76.9,74.8,79.7,84.6,82.9,80.8,74.9,79.6,82.1,74.1,74.0,74.9,72.4,76.7,81.5,75.8,71.1,86.2,70.6,71.5,75.7,74.8,67.2,80.8,73.3,72.1,70.0,72.1,73.4,71.2,69.4,65.6,63.8,63.6,60.4,64.3,64.0,62.4,51.2,47.3,44.3,49.8,54.8,71.3,74.2,73.2
75.3,55.2,47.1,55.9,58.2,48.3,42.5,44.1,45.5,47.7,48.4,50.3,51.9,52.5,57.2,66.4,66.3,67.0,66.7,65.0,61.9,82.6,86.2,56.7,41.2,40.7,43.2,46.7,52.3,60.4,66.5,66.6,63.8,63.8,65.0,64.5,64.2,66.7,71.7,76.5,76.5,74.5,72.6,73.1,72.6,73.5,73.1,68.2,64.4,65.1,63.7,69.2,63.7,61.7,64.3,61.8,58.3,56.6,48.0,58.7,53.1,49.8,48.0,48.2,51.0,52.5,52.4,51.1,50.6,53.0,51.8,53.8,49.7,47.1,47.0,45.0,46.8,47.7,40.2,40.2,40.4,45.0,49.9,58.0,59.0,61.9,64.0,64.8
37.7,43.5,45.2,38.9,44.4,46.6,46.8,46.7,46.2,53.5,54.2,55.9,52.8,56.6,61.7,59.4,58.6,62.8,63.1,74.5,92.9,78.5,42.9,33.4,33.5,31.3,32.4,35.2,37.0,39.0,51.1,67.0,71.2,69.6,65.3,61.4,60.5,61.9,64.5,66.2,66.0,66.1,64.8,65.2,63.0,63.2,59.9,57.0,56.9,55.8,59.4,55.8,56.7,51.6,44.9,50.7,40.4,39.4,38.6,38.2,38.0,36.3,35.6,33.1,37.6,37.7,37.8,37.0,35.9,39.8,37.3,33.2,33.1,30.8,30.9,29.7,29.6,32.4,36.2,38.2,40.9,44.7,48.9,51.1,45.4,45.1,45.9,43.9
38.2,33.0,39.4,44.8,48.3,49.5,50.1,51.2,48.5,50.4,57.7,57.1,59.1,56.9,50.0,47.6,53.1,61.1,86.1,100.0,96.0,55.9,35.1,43.1,41.6,36.4,31.0,31.8,43.5,48.4,49.4,61.9,76.1,75.5,73.5,69.7,71.6,69.9,68.6,68.0,66.5,66.3,62.1,59.6,54.4,54.1,53.8,52.8,51.3,48.6,40.1,38.3,33.5,28.3,22.7,21.7,23.0,20.8,22.7,23.8,25.9,21.7,21.3,20.4,23.3,24.4,27.5,27.8,26.1,24.1,23.1,22.5,22.1,23.6,23.4,23.9,25.5,26.6,29.7,32.0,32.5,32.2,31.2,29.0,28.7,30.3,29.7,29.3
34.6,36.9,37.1,43.4,48.0,53.8,60.2,67.5,71.8,72.2,75.2,91.3,97.9,100.0,100.0,86.6,73.9,76.6,99.1,100.0,99.9,72.1,47.3,68.9,79.1,79.7,83.9,70.1,36.2,50.4,63.4,68.1,82.3,85.7,78.4,73.9,72.3,70.0,67.5,67.3,65.3,61.2,59.1,56.3,51.7,48.1,42.7,37.3,33.3,29.2,21.1,20.6,19.7,16.0,8.4,0.6,0.4,0.0,0.0,0.0,0.0,0.0,2.3,6.8,10.2,11.3,13.7,15.8,16.8,17.1,17.2,16.5,15.6,15.2,15.0,14.7,15.0,16.5,18.4,18.6,16.9,15.0,13.5,11.9,10.5,13.0,15.6,15.3
31.6,24.7,18.9,17.6,23.9,43.3,67.3,75.0,80.6,87.9,92.4,92.4,92.2,95.9,99.0,100.0,92.3,81.5,94.3,97.3,100.0,100.0,89.3,62.3,63.2,68.5,81.9,100.0,79.7,41.8,62.5,80.8,89.4,89.6,83.4,76.9,63.6,53.4,51.3,54.0,56.9,59.2,54.8,47.8,43.2,37.3,31.2,29.4,28.0,27.7,21.4,11.8,10.6,29.3,42.7,54.6,64.5,70.5,70.8,70.2,66.9,64.5,64.2,61.6,63.1,60.3,53.3,41.4,26.7,13.4,6.5,5.0,6.6,9.4,10.4,10.5,11.7,11.0,8.3,3.3,1.6,1.4,17.2,40.4,67.1,85.3,92.5,92.4
11.8,11.7,14.2,15.5,15.8,19.1,37.6,69.3,88.3,96.4,98.7,100.0,100.0,100.0,97.2,95.0,99.4,100.0,100.0,90.3,94.0,100.0,100.0,100.0,90.4,68.2,71.0,92.5,100.0,69.8,45.1,78.5,86.2,90.3,89.1,69.0,56.2,43.6,40.0,38.8,41.5,46.6,42.9,33.4,29.2,22.3,18.9,16.1,18.6,20.7,28.2,47.1,75.8,78.9,95.9,96.0,95.0,88.9,74.1,79.4,83.4,84.1,85.5,87.8,90.6,92.7,94.0,93.8,92.0,89.8,87.3,82.5,74.8,59.2,44.4,31.9,30.9,38.7,55.6,79.0,94.4,96.5,98.4,98.8,97.7,96.7,94.9,92.3
17.2,18.6,24.7,32.9,35.4,37.0,45.6,49.6,69.3,88.1,92.8,96.8,100.0,100.0,100.0,100.0,100.0,96.6,96.1,100.0,98.9,98.8,100.0,96.5,92.3,86.5,79.9,88.8,97.1,94.3,44.1,62.6,78.4,83.5,73.8,64.4,56.3,49.2,40.2,38.8,35.6,35.7,36.9,33.9,30.5,35.8,46.8,37.3,46.5,85.7,78.5,74.0,97.9,99.5,100.0,100.0,100.0,100.0,100.0,97.9,98.2,98.3,99.9,100.0,100.0,100.0,100.0,100.0,100.0,100.0,100.0,100.0,100.0,100.0,100.0,99.2,98.9,100.0,100.0,99.8,98.9,98.4,99.1,100.0,100.0,100.0,97.6,94.3
34.6,45.3,50.2,56.5,62.3,70.0,86.0,88.5,72.5,60.0,57.0,65.3,71.3,73.6,90.8,100.0,100.0,100.0,100.0,100.0,98.0,100.0,52.6,73.4,80.1,100.0,94.6,100.0,94.7,100.0,64.6,56.2,71.6,73.4,66.9,59.4,57.5,60.2,84.0,100.0,97.0,89.5,84.9,79.2,76.9,61.6,57.2,59.0,94.4,74.2,96.9,100.0,100.0,100.0,100.0,100.0,100.0,100.0,100.0,100.0,78.1,78.9,96.3,100.0,100.0,100.0,100.0,100.0,100.0,100.0,100.0,100.0,99.9,86.9,100.0,100.0,100.0,100.0,100.0,100.0,100.0,99.4,96.8,94.2,92.7,92.9,93.8,94.9
89.1,89.5,100.0,93.7,93.0,95.4,95.7,97.5,98.6,97.1,97.8,95.7,97.8,95.6,93.5,80.0,73.5,95.5,100.0,100.0,100.0,91.4,100.0,52.3,91.4,74.5,77.1,82.8,94.9,89.9,93.3,48.0,57.3,62.0,56.2,51.4,58.7,74.3,83.6,87.6,76.9,91.2,97.9,75.3,78.7,27.5,46.9,99.5,100.0,92.1,100.0,100.0,100.0,100.0,100.0,100.0,100.0,96.1,78.0,41.1,79.7,100.0,55.9,79.6,89.4,94.7,100.0,100.0,100.0,100.0,100.0,100.0,100.0,100.0,100.0,94.9,94.6,91.2,86.6,91.6,91.6,92.1,93.5,95.6,97.9,98.8,100.0,89.9
97.5,100.0,100.0,100.0,100.0,100.0,92.4,90.9,97.6,99.1,97.7,97.5,98.7,100.0,100.0,100.0,99.5,83.7,64.8,65.6,100.0,86.4,84.7,90.6,48.2,34.2,59.8,70.6,71.1,80.0,88.3,94.6,41.5,36.1,44.8,34.5,33.3,43.5,54.1,77.6,76.4,78.1,99.1,62.2,45.1,54.2,87.0,100.0,100.0,100.0,96.6,92.0,55.1,62.4,82.9,96.8,89.5,22.0,20.9,33.1,26.1,12.0,23.8,65.0,93.0,99.7,100.0,100.0,100.0,93.8,100.0,97.1,95.1,100.0,99.5,97.2,90.1,84.6,79.8,79.2,87.6,94.4,99.8,99.9,99.4,92.4,75.7,61.8
89.5,100.0,100.0,100.0,98.6,84.5,100.0,100.0,100.0,74.7,61.1,64.3,81.3,62.0,57.5,60.7,58.1,61.3,72.3,67.9,56.4,54.8,61.5,65.6,79.2,82.4,33.8,41.9,70.3,73.3,74.9,80.4,80.5,67.3,36.6,19.2,12.2,12.5,26.0,54.8,76.2,80.2,77.1,60.3,70.0,87.2,99.5,100.0,100.0,100.0,100.0,57.7,25.3,31.5,25.4,37.6,48.0,46.2,40.9,51.9,29.1,23.1,16.2,31.6,90.8,100.0,100.0,94.6,77.5,66.2,98.9,94.0,99.9,92.0,86.0,90.1,86.0,81.8,83.0,87.3,92.5,96.7,99.2,96.9,82.5,60.8,50.7,42.2
100.0,100.0,100.0,100.0,100.0,100.0,99.7,95.3,98.0,99.1,100.0,74.5,74.2,93.4,94.9,90.2,95.0,84.2,60.4,54.5,48.2,53.7,42.5,32.5,52.7,66.6,82.0,38.7,25.3,48.6,60.8,64.8,69.7,64.2,66.4,63.2,53.4,51.4,58.3,60.9,72.3,67.7,84.6,44.1,64.1,86.6,100.0,94.9,94.2,100.0,82.1,75.8,57.9,35.0,25.8,29.7,34.7,43.0,41.8,21.0,26.5,24.7,25.5,36.3,74.8,99.5,100.0,99.3,79.2,82.2,99.0,100.0,100.0,98.9,90.1,83.1,85.0,86.3,89.9,93.5,93.7,92.1,86.1,76.6,61.2,45.9,35.8,26.3
