wind-weather/data/weather/current/current-temp-isobaric-850hPa-gfs-1.0.json
{"header": {"discipline":0,"disciplineName":"Meteorologicalproducts","gribEdition":2,"gribLength":43647,"center":7,"centerName":"USNationalWeatherService-NCEP(WMC)","subcenter":0,"refTime":"2015-09-28T00:00:00.000Z","significanceOfRT":0,"significanceOfRTName":"Analysis","productStatus":0,"productStatusName":"Operationalproducts","productType":0,"productTypeName":"Analysisproducts","productDefinitionTemplate":0,"productDefinitionTemplateName":"Analysis/forecastathorizontallevel/layeratapointintime","parameterCategory":0,"parameterCategoryName":"Temperature","parameterNumber":0,"parameterNumberName":"Temperature","parameterUnit":"K","genProcessType":0,"genProcessTypeName":"Analysis","forecastTime":0,"surface1Type":100,"surface1TypeName":"Isobaricsurface","surface1Value":85000.0,"surface2Type":255,"surface2TypeName":"Missing","surface2Value":0.0,"gridDefinitionTemplate":0,"gridDefinitionTemplateName":"Latitude_Longitude","numberPoints":65160,"shape":6,"shapeName":"Earthsphericalwithradiusof6,371,229.0m","gridUnits":"degrees","resolution":48,"winds":"true","scanMode":0,"nx":360,"ny":181,"basicAngle":0,"subDivisions":0,"lo1":0.0,"la1":90.0,"lo2":359.0,"la2":-90.0,"dx":1.0,"dy":1.0}, "data":
[rows 102 to 135 of 181, columns 77 to 153 of 360]
289.5,289.3,288.8,288.5,288.0,289.1,288.9,289.2,288.9,288.7,288.7,288.0,286.8,287.3,287.9,287.8,287.9,287.9,287.9,287.8,288.3,289.1,289.1,289.3,289.4,289.4,289.4,289.6,289.7,289.8,289.7,289.6,289.6,289.5,289.5,289.5,289.5,289.6,289.8,289.7,289.9,290.1,290.1,289.6,289.5,289.4,289.5,289.9,290.1,289.8,289.7,289.1,289.2,289.2,288.8,288.7,290.1,289.9,289.6,289.2,287.6,287.7,287.9,288.5,289.0,289.4,289.1,289.5,289.4,289.5,289.5,289.4,289.3,289.4,289.8,290.4,290.6
289.3,288.8,288.6,288.4,288.3,287.7,288.4,288.6,287.1,288.5,288.8,288.7,288.0,287.8,288.5,287.2,287.9,287.8,287.8,287.2,287.5,288.5,288.7,288.6,288.3,288.1,288.1,288.4,288.8,288.9,288.8,288.7,288.7,288.8,288.9,289.1,289.3,289.4,289.5,289.7,289.9,289.9,289.7,289.6,289.9,289.9,290.1,290.5,290.5,290.6,290.7,290.5,289.8,290.0,290.1,288.8,289.3,289.3,288.9,287.6,287.2,287.6,287.0,288.2,288.5,289.4,290.3,288.9,289.1,289.0,289.3,289.5,289.3,289.5,290.0,290.1,290.0
288.7,288.3,288.4,288.2,288.2,288.4,288.8,288.9,288.9,288.9,288.7,288.5,288.7,288.7,288.6,287.4,287.2,287.2,287.1,287.1,288.3,288.2,288.0,287.6,287.3,287.2,287.2,287.6,287.9,288.2,288.3,288.4,288.6,288.6,288.8,289.2,289.4,289.4,289.6,289.9,290.2,290.3,290.2,290.0,290.0,290.2,290.4,290.4,290.4,290.8,290.7,290.5,290.1,290.7,290.4,289.7,288.8,289.4,289.1,287.5,287.1,287.1,287.4,287.2,288.2,288.8,289.1,288.6,288.4,288.4,289.0,289.3,289.0,288.0,286.9,286.9,287.5
288.0,288.0,288.2,288.1,288.0,288.1,288.3,289.4,289.0,288.8,288.4,288.1,288.3,288.5,288.7,288.7,288.4,286.5,286.8,287.2,287.4,287.5,287.3,287.2,287.2,287.2,287.4,287.8,288.1,288.5,288.6,288.7,288.9,289.1,289.2,289.6,289.9,290.1,290.2,290.4,290.5,290.5,290.4,290.3,290.1,290.1,290.0,290.1,289.8,290.2,290.4,290.3,290.0,290.2,289.9,289.3,288.2,289.6,289.2,287.8,286.8,287.7,287.3,287.2,287.0,288.0,289.1,287.6,287.1,287.9,288.0,288.3,285.2,285.0,284.8,284.7,284.7
287.9,287.4,287.7,287.6,288.1,288.6,289.0,288.6,288.7,288.4,287.9,287.8,287.6,287.8,288.3,288.3,288.2,288.5,286.9,287.1,287.0,286.8,286.8,286.8,286.9,287.3,287.5,287.8,288.1,288.4,288.6,288.8,289.1,289.3,289.6,290.1,290.4,290.6,290.6,290.7,290.7,290.7,290.5,290.3,290.0,289.9,290.0,290.0,289.6,289.9,289.6,289.9,290.0,289.5,289.1,289.4,288.9,289.6,289.5,288.2,287.5,287.2,286.7,287.2,287.0,287.0,288.0,289.0,286.9,287.2,287.0,287.1,287.0,285.5,284.1,283.0,282.9
287.3,287.2,287.2,287.4,287.5,287.5,287.9,288.3,288.1,287.9,286.7,286.1,286.3,286.5,287.1,287.5,287.4,287.8,287.8,286.8,286.0,286.3,286.4,286.6,286.8,287.1,287.4,287.6,288.0,288.4,288.5,288.8,289.1,289.5,289.9,290.4,290.8,290.9,290.8,290.5,290.4,290.9,290.9,290.9,290.7,291.0,290.9,291.0,291.3,290.6,289.9,289.7,289.7,288.9,288.9,289.0,289.2,289.8,289.7,288.9,287.0,287.1,286.5,286.9,287.6,286.9,287.4,288.2,285.7,285.3,285.9,286.3,286.1,285.8,284.7,282.5,282.6
286.3,286.4,286.7,286.8,286.7,286.5,287.6,288.2,287.7,287.1,286.9,286.1,285.6,285.8,285.7,285.6,286.0,286.7,287.2,287.2,286.5,286.1,286.3,286.4,286.6,287.0,287.4,287.5,287.9,288.3,288.6,288.8,289.0,289.4,289.9,290.4,290.8,290.8,290.8,290.7,290.5,290.7,291.0,291.4,292.0,291.3,291.4,291.6,291.2,290.4,289.8,289.4,289.3,288.9,288.7,288.7,288.7,289.3,290.0,290.3,288.5,287.4,287.5,286.2,287.4,287.5,286.9,287.1,286.6,284.3,284.5,285.4,285.2,285.2,283.9,282.4,281.7
286.7,285.9,286.2,286.1,285.9,286.4,286.8,287.3,287.0,286.3,286.2,285.7,285.4,285.6,285.1,285.4,285.3,285.8,286.6,287.3,287.2,286.6,286.4,286.4,286.5,286.8,287.2,287.5,287.8,288.3,288.7,288.9,289.0,289.2,289.7,290.4,290.6,290.6,290.7,290.8,290.8,290.9,291.1,291.2,291.2,291.1,291.0,290.7,290.4,289.9,289.7,289.4,289.0,288.7,288.5,288.3,288.2,288.4,289.4,290.2,289.4,288.4,287.2,287.2,286.8,287.1,287.2,286.3,285.9,284.4,285.0,284.7,284.6,284.7,283.1,281.8,281.5
285.5,284.8,284.8,285.3,285.1,284.9,285.0,285.5,285.3,285.4,285.3,284.8,284.4,284.4,284.1,284.9,285.0,284.3,285.2,286.6,287.2,287.1,286.8,286.6,286.5,286.5,286.9,287.3,287.8,288.3,288.8,289.0,289.3,289.4,289.7,290.2,290.5,290.8,291.1,291.0,291.1,291.2,291.3,291.1,291.3,291.1,290.7,290.2,289.7,289.7,289.3,289.0,288.6,288.2,288.1,287.9,287.6,287.8,288.0,288.7,289.0,288.7,287.8,287.6,287.2,287.4,287.8,287.4,286.2,285.4,284.1,283.5,284.0,284.1,284.0,282.3,281.9
284.9,284.5,284.9,284.5,285.0,284.0,284.5,284.1,283.9,283.8,284.4,285.2,283.8,283.7,283.5,284.1,284.4,284.0,283.8,285.4,285.9,286.3,286.3,286.3,286.5,286.5,286.4,287.2,287.7,288.2,288.7,289.1,289.5,289.9,290.0,290.3,290.6,290.9,291.2,291.3,291.2,291.1,291.3,291.2,291.0,291.0,290.8,290.3,289.7,289.1,288.8,288.7,288.4,288.1,287.9,287.8,287.6,286.8,287.1,287.5,288.1,288.3,288.0,288.4,287.8,287.2,286.7,287.0,286.7,285.2,284.3,284.5,283.8,283.8,283.5,283.1,282.5
285.2,285.5,285.5,285.3,284.5,283.7,283.5,283.7,283.4,283.6,283.7,282.6,282.5,282.3,282.6,283.5,283.9,284.0,284.2,284.7,285.0,285.4,285.7,286.0,286.0,286.3,286.5,286.8,287.4,287.9,288.5,289.2,289.6,289.9,290.2,290.3,290.5,290.8,291.5,291.6,291.6,291.5,291.2,291.1,290.9,290.7,290.4,289.5,288.8,288.5,288.4,288.1,288.1,288.0,286.9,287.0,286.9,286.6,285.6,286.3,286.9,287.7,288.2,288.3,288.5,288.6,288.6,287.2,286.4,285.3,284.4,284.1,283.7,283.6,283.3,283.1,282.8
283.0,283.5,284.0,284.4,284.6,284.3,283.5,282.5,282.2,282.4,282.1,281.8,281.8,281.7,281.8,282.6,283.5,283.8,283.7,283.6,283.8,284.2,284.6,284.8,285.4,285.8,286.3,286.6,286.9,287.3,287.8,288.7,289.5,289.9,290.1,290.2,290.4,291.2,292.0,292.4,291.9,291.8,291.3,291.1,290.9,290.4,289.9,289.4,288.9,288.7,288.3,287.5,287.3,287.1,286.5,286.2,286.2,285.1,284.7,284.8,285.6,286.4,287.0,288.1,288.6,288.7,288.7,287.7,286.7,285.2,284.5,283.7,283.2,283.1,283.3,283.2,282.8
281.6,282.2,282.5,282.8,282.9,283.2,282.7,281.7,280.9,281.2,281.0,281.2,280.6,280.7,280.7,281.8,282.0,282.7,283.1,282.6,282.9,282.5,283.0,283.6,283.8,284.6,285.5,286.1,286.5,286.8,287.0,287.3,288.3,289.4,289.9,290.1,290.5,291.5,291.9,292.2,292.0,291.5,291.7,291.1,290.5,290.2,289.7,289.1,288.7,288.3,287.8,287.4,286.5,286.1,286.2,285.1,284.7,284.5,284.1,284.1,284.4,285.2,285.9,286.6,287.4,288.2,287.9,287.6,286.5,285.0,284.7,283.9,283.1,282.8,282.3,282.3,282.0
282.6,282.0,281.4,282.5,282.3,282.3,282.3,282.3,281.2,280.3,280.6,280.7,280.3,280.1,280.8,281.1,281.6,282.1,281.9,281.7,281.1,281.3,281.6,280.9,281.3,281.7,283.4,285.1,285.9,286.5,286.9,287.1,287.5,288.3,288.9,289.2,289.8,290.9,291.6,292.0,292.1,292.1,291.6,291.2,290.5,290.1,289.7,289.1,288.6,288.1,287.4,287.3,286.6,285.7,285.0,284.7,284.6,284.1,283.8,283.6,283.7,284.1,284.6,285.3,286.1,287.1,287.6,287.4,285.4,284.6,284.3,284.6,283.3,282.8,281.9,281.1,280.9
284.8,284.0,283.6,283.4,283.1,282.4,281.9,281.9,281.9,281.5,280.4,279.9,279.9,279.7,279.6,280.0,280.6,281.3,281.2,280.3,280.2,280.3,280.5,280.3,280.2,280.4,281.5,283.2,284.7,285.7,286.4,286.9,287.3,287.8,288.4,288.6,289.4,290.4,291.8,292.2,291.8,292.3,291.8,291.2,291.0,290.2,289.6,289.0,288.3,287.7,287.5,287.0,286.6,286.0,285.2,284.3,284.1,283.8,283.5,283.1,283.1,283.2,283.6,284.0,284.7,285.3,285.7,285.9,285.1,284.4,284.5,284.2,283.4,282.7,281.7,281.3,280.7
285.2,284.8,284.4,284.0,283.6,283.3,282.7,282.1,281.1,281.3,281.3,281.1,280.9,280.5,280.1,279.3,279.2,279.7,280.2,280.1,279.8,279.5,280.2,280.3,280.2,279.8,280.3,281.2,282.7,284.5,285.5,286.0,286.5,287.2,288.0,288.2,288.8,290.0,291.5,292.2,292.4,292.1,292.0,291.3,290.7,290.2,289.4,288.5,288.3,287.7,287.2,286.8,286.5,285.8,285.3,284.3,283.8,283.7,283.4,283.1,282.9,283.0,283.0,283.1,283.4,283.8,284.4,284.3,284.3,284.3,284.3,283.8,283.2,282.7,281.7,281.4,281.0
285.8,285.6,285.3,284.9,284.4,284.0,283.6,282.8,282.1,281.0,280.1,280.5,280.2,280.2,279.5,280.6,279.7,278.5,278.8,279.1,279.4,279.3,279.1,279.6,279.0,279.3,279.7,280.5,281.1,282.6,284.3,284.7,285.3,286.1,287.0,287.5,288.1,288.5,290.3,291.3,292.6,291.6,291.6,291.1,290.7,290.0,288.8,288.3,287.8,287.8,287.3,286.7,286.5,285.9,285.2,284.5,283.9,283.7,283.5,283.3,283.1,283.0,282.9,282.5,282.4,282.6,282.7,282.8,282.7,282.6,282.4,282.4,282.5,282.0,281.4,280.6,280.6
286.2,285.9,285.7,285.3,284.9,284.5,284.3,283.5,282.9,282.3,282.1,281.3,279.7,279.5,279.5,279.5,279.9,279.3,278.2,278.8,277.5,277.7,277.8,277.4,277.8,278.2,278.6,279.7,279.8,279.7,282.4,283.3,284.0,284.9,286.0,286.6,286.9,287.7,288.6,290.0,290.9,290.7,290.4,289.9,289.6,289.5,289.0,288.0,287.6,287.5,287.2,286.7,286.1,285.4,285.0,284.4,284.0,283.8,283.6,283.5,283.3,283.2,283.0,282.9,282.5,282.3,282.0,281.8,281.7,281.5,281.3,280.8,280.6,280.9,281.2,281.0,280.0
285.9,285.6,285.3,284.9,284.6,284.1,283.7,283.1,282.7,282.3,282.0,281.8,281.4,280.8,279.6,279.4,279.5,279.8,279.1,278.1,278.1,278.1,277.7,277.5,277.2,276.8,277.5,278.3,279.0,279.3,279.7,281.6,282.8,283.7,284.4,285.3,285.9,287.0,287.9,288.5,289.1,289.8,290.0,289.2,288.9,288.0,287.8,287.6,287.1,286.8,286.6,286.3,285.8,285.2,284.9,284.6,284.4,284.0,283.8,283.6,283.3,283.3,282.9,283.0,282.8,282.3,281.5,281.1,280.9,280.5,280.1,279.7,279.9,279.8,280.0,281.8,278.9
285.6,285.2,284.8,284.3,283.7,283.2,282.9,282.7,282.4,282.1,281.8,281.6,281.3,280.9,280.2,279.0,278.7,279.6,279.7,279.7,278.6,278.5,278.4,277.9,277.4,277.2,277.4,277.8,278.1,278.6,279.3,280.2,281.1,282.3,283.6,284.5,284.8,286.4,286.9,287.4,287.9,288.0,288.4,288.3,289.5,288.7,288.2,286.6,285.8,285.5,285.4,285.4,285.1,284.9,284.3,284.2,284.1,284.1,283.9,283.9,283.7,283.5,283.0,283.2,282.7,282.5,281.5,280.7,280.2,279.8,278.9,278.8,278.9,279.8,279.6,280.1,278.1
285.0,284.4,283.9,283.4,283.2,283.0,282.8,282.5,282.0,281.6,281.3,281.0,280.8,280.4,279.4,277.8,276.8,277.9,279.3,279.4,279.2,279.2,279.0,278.5,278.0,277.5,277.4,277.4,277.2,278.3,279.0,279.4,279.9,280.6,281.7,283.1,283.6,284.9,285.9,286.2,286.9,287.0,287.3,287.9,287.6,285.8,284.5,283.8,283.8,283.6,283.2,283.4,283.0,283.0,283.0,283.3,283.6,283.7,283.7,283.4,283.6,283.8,284.1,283.4,283.0,282.4,281.7,281.2,280.0,279.6,279.0,279.1,279.1,279.3,278.4,277.7,277.9
283.8,283.6,283.0,282.4,281.9,281.8,281.6,281.4,281.1,281.1,280.7,280.2,280.2,279.9,279.4,279.2,278.4,276.5,276.6,277.9,278.7,279.1,279.1,278.9,278.9,278.3,278.0,277.9,277.9,278.3,278.9,279.2,279.3,279.5,279.2,280.3,281.3,282.7,284.0,283.8,284.6,284.9,284.4,284.2,283.0,282.9,282.5,281.8,281.9,281.2,280.7,280.2,280.7,281.2,281.4,281.7,282.1,282.5,282.7,282.9,282.3,283.0,283.5,283.3,283.1,282.2,281.9,281.0,280.7,279.9,279.3,279.0,279.0,279.0,278.0,277.1,277.3
282.5,282.2,282.2,281.3,280.2,280.3,280.3,280.3,280.0,279.8,279.8,279.7,279.4,279.2,278.9,278.6,278.6,278.2,276.5,276.3,276.3,277.1,278.4,278.6,278.7,278.7,278.4,278.6,278.5,278.6,278.5,278.7,279.1,279.5,278.4,278.6,278.9,280.2,281.0,281.1,281.9,282.1,281.8,281.1,280.8,280.2,280.0,279.3,277.0,276.9,276.3,275.9,276.0,276.1,276.5,278.1,279.0,280.2,281.0,281.0,282.0,281.9,282.1,282.3,282.1,281.6,281.7,281.2,280.6,280.3,279.7,279.1,279.0,280.0,278.4,276.6,277.3
281.4,281.1,280.5,280.2,279.9,279.8,280.1,280.0,279.8,279.8,279.6,279.2,278.6,278.3,278.1,277.5,277.2,276.9,277.3,276.9,276.0,275.8,276.1,277.2,278.4,278.4,278.3,278.4,278.8,279.0,278.5,278.2,278.4,279.1,278.8,278.1,278.3,278.6,279.4,279.9,280.3,279.5,279.0,278.6,278.1,277.7,277.7,277.8,276.1,275.0,274.7,274.3,274.0,273.5,273.3,273.5,273.9,274.9,275.7,276.3,279.4,280.6,280.9,281.0,280.9,281.1,281.8,281.9,281.5,280.7,279.9,279.4,279.1,278.8,278.5,277.1,277.6
280.7,280.2,279.9,279.4,278.6,277.7,277.6,277.8,278.3,278.6,278.7,278.8,278.6,278.4,277.3,277.1,277.1,278.0,276.8,276.9,277.5,276.9,275.4,275.2,276.2,277.4,278.0,278.0,278.4,278.6,278.6,278.3,278.4,278.3,278.5,277.5,277.6,277.7,278.1,278.3,277.4,277.7,277.3,276.8,276.2,275.7,275.6,274.7,273.6,272.7,272.8,272.7,272.4,271.5,271.3,271.4,271.6,272.8,273.9,274.2,275.1,276.3,279.3,280.2,280.3,280.4,281.3,282.3,281.6,280.9,279.9,279.0,281.2,278.9,278.4,276.8,277.7
279.1,278.2,276.4,276.0,276.1,276.1,275.7,275.0,274.6,274.6,275.4,276.8,277.7,278.1,277.5,276.3,275.9,275.9,275.0,275.5,277.9,278.2,277.6,276.2,275.0,275.3,276.3,277.4,277.7,277.9,278.1,278.2,278.5,277.9,277.9,277.6,277.0,276.7,277.3,277.2,275.5,275.5,275.2,275.3,274.4,273.2,272.5,272.4,272.3,271.8,271.7,270.8,269.9,269.8,269.8,270.2,270.5,270.4,270.8,271.8,273.4,275.4,275.6,277.1,279.4,279.3,279.7,281.3,281.1,281.0,279.8,280.9,279.5,278.8,278.1,276.8,277.3
276.9,276.8,275.9,275.1,274.1,273.2,272.3,271.4,271.0,271.2,271.3,272.3,274.7,276.4,277.2,276.5,275.2,274.2,272.9,273.7,275.9,275.7,275.5,276.0,276.5,275.9,274.7,275.0,276.6,277.3,277.7,278.0,277.9,278.1,277.3,277.1,276.3,276.7,276.1,276.3,273.8,273.1,273.0,273.0,272.8,272.2,271.9,271.3,271.1,270.8,269.7,269.2,269.2,269.6,270.0,269.6,269.8,269.9,270.1,270.8,271.2,271.8,273.1,274.6,275.5,277.0,278.6,279.1,280.2,280.1,280.2,280.0,279.8,278.8,277.9,276.8,277.0
274.4,273.8,272.3,271.1,270.9,270.6,269.9,270.0,270.0,269.8,269.8,270.2,271.1,272.6,275.1,276.4,275.6,274.6,273.6,273.2,273.3,273.9,274.8,274.5,273.5,273.3,273.9,274.7,274.4,274.0,275.8,277.0,277.5,278.3,277.3,277.1,276.1,275.0,275.3,275.0,272.6,273.0,273.0,272.9,271.7,270.9,269.9,269.6,269.5,268.9,268.8,269.2,269.0,269.6,269.5,269.4,269.0,269.1,269.5,270.4,270.6,271.3,272.1,272.8,274.0,275.1,276.7,277.9,278.6,279.0,279.3,279.3,279.2,278.5,277.0,277.0,277.0
271.4,270.9,270.5,270.1,269.6,269.6,269.7,269.6,269.5,269.4,269.4,269.5,269.8,270.7,272.2,274.8,276.0,275.5,274.3,273.2,272.8,272.7,272.3,272.5,272.4,272.2,271.7,271.6,271.9,272.6,273.4,274.2,276.0,276.9,277.5,276.9,275.8,275.1,274.3,273.9,272.8,273.2,272.9,272.4,270.6,270.2,268.7,268.4,268.5,268.2,267.9,268.1,268.2,268.8,268.7,268.6,268.5,268.2,268.7,269.8,270.2,271.2,272.0,272.7,273.2,274.6,275.7,276.7,277.6,278.0,277.9,278.1,278.5,277.5,276.0,276.7,276.9
270.9,270.3,270.0,269.5,269.3,269.4,269.5,269.3,269.2,269.3,269.0,269.0,269.2,269.6,270.7,273.2,275.4,275.7,274.9,273.9,273.2,272.7,272.4,272.0,271.4,271.3,271.4,271.5,271.5,271.6,271.8,272.6,273.5,275.1,276.5,276.4,275.9,274.7,273.6,273.2,272.0,272.7,271.9,271.4,270.0,268.3,268.3,268.3,267.8,267.5,267.8,268.0,268.0,268.3,268.1,268.3,267.8,267.8,268.5,269.0,269.2,271.1,271.6,272.7,273.2,274.6,275.4,276.0,276.1,276.7,276.5,276.2,276.1,275.1,275.5,276.5,276.3
270.6,270.2,269.6,269.0,269.0,268.9,269.1,269.1,269.0,268.8,268.7,268.7,268.6,268.8,269.7,271.3,274.1,275.8,274.9,274.0,273.7,273.0,272.2,271.5,271.0,270.8,270.8,271.0,271.0,271.0,271.6,272.0,273.2,274.6,275.9,276.3,275.8,274.9,273.5,272.7,271.4,270.6,270.7,270.2,268.4,268.1,268.1,267.8,267.8,267.6,267.5,267.8,267.9,267.6,267.7,267.6,267.4,267.3,267.7,268.8,269.6,271.0,272.3,273.4,274.2,275.0,275.1,275.7,275.4,275.6,274.5,275.0,275.1,273.8,274.4,275.7,276.4
270.4,269.9,269.2,268.7,268.5,268.6,268.7,268.6,268.4,268.3,268.3,268.0,267.7,267.7,268.5,269.5,272.2,275.2,274.7,274.0,273.5,272.6,271.1,270.4,269.9,269.7,269.6,269.5,269.5,269.8,270.3,270.9,272.1,273.4,275.0,275.9,275.8,274.9,273.6,272.2,270.4,270.1,269.3,268.8,268.2,268.0,268.0,267.4,267.8,267.7,267.4,266.9,267.2,266.7,267.4,267.2,266.8,266.9,267.1,267.9,269.2,270.4,271.9,276.4,275.6,275.2,275.1,275.4,275.7,275.0,274.5,275.1,275.8,275.8,274.8,273.9,275.6
270.2,269.6,269.1,268.7,268.3,268.3,268.2,268.1,267.9,267.7,267.5,267.2,267.1,267.1,267.5,268.7,271.1,274.3,274.6,273.8,272.9,271.3,269.9,269.0,268.9,268.7,268.7,269.1,269.2,269.5,269.9,270.5,271.2,272.5,274.2,275.2,275.1,274.8,273.4,271.8,270.5,269.1,268.8,268.5,268.2,267.8,267.9,267.3,267.8,268.3,267.6,266.6,265.9,267.0,266.9,266.7,266.6,266.3,266.5,267.2,267.7,268.7,271.0,273.1,273.5,273.4,274.0,274.6,274.2,274.0,274.0,274.2,275.6,275.8,275.2,274.3,273.5
268.6,268.7,268.5,268.0,267.7,267.6,267.3,266.9,266.5,266.4,266.5,266.6,266.7,267.2,267.9,268.9,271.2,273.7,273.8,273.0,271.6,269.4,268.6,268.2,268.0,268.0,268.3,268.3,268.5,269.2,269.5,270.5,270.9,272.1,273.6,274.6,274.7,274.1,272.6,271.5,270.1,268.7,268.2,268.2,268.1,267.8,267.7,267.5,267.7,268.4,268.4,267.1,266.7,266.9,266.5,266.2,266.5,266.2,265.7,266.1,266.9,267.1,268.4,270.2,271.7,272.9,273.0,273.1,273.4,273.7,273.9,274.5,274.9,274.6,274.5,274.6,274.4
