wind-weather/data/weather/current/current-mean_sea_level_pressure-gfs-1.0.json
{"header": {"discipline":0,"disciplineName":"Meteorologicalproducts","gribEdition":2,"gribLength":81278,"center":7,"centerName":"USNationalWeatherService-NCEP(WMC)","subcenter":0,"refTime":"2015-09-28T00:00:00.000Z","significanceOfRT":0,"significanceOfRTName":"Analysis","productStatus":0,"productStatusName":"Operationalproducts","productType":0,"productTypeName":"Analysisproducts","productDefinitionTemplate":0,"productDefinitionTemplateName":"Analysis/forecastathorizontallevel/layeratapointintime","parameterCategory":3,"parameterCategoryName":"Mass","parameterNumber":192,"parameterNumberName":"MSLP_Eta_Reduction","parameterUnit":"Pa","genProcessType":0,"genProcessTypeName":"Analysis","forecastTime":0,"surface1Type":101,"surface1TypeName":"Meansealevel","surface1Value":0.0,"surface2Type":255,"surface2TypeName":"Missing","surface2Value":0.0,"gridDefinitionTemplate":0,"gridDefinitionTemplateName":"Latitude_Longitude","numberPoints":65160,"shape":6,"shapeName":"Earthsphericalwithradiusof6,371,229.0m","gridUnits":"degrees","resolution":48,"winds":"true","scanMode":0,"nx":360,"ny":181,"basicAngle":0,"subDivisions":0,"lo1":0.0,"la1":90.0,"lo2":359.0,"la2":-90.0,"dx":1.0,"dy":1.0}, "data":
[rows 0 to 27 of 181, columns 63 to 125 of 360]
101272.6,101272.6,101272.6,101272.6,101272.6,101272.6,101272.6,101272.6,101272.6,101272.6,101272.6,101272.6,101272.6,101272.6,101272.6,101272.6,101272.6,101272.6,101272.6,101272.6,101272.6,101272.6,101272.6,101272.6,101272.6,101272.6,101272.6,101272.6,101272.6,101272.6,101272.6,101272.6,101272.6,101272.6,101272.6,101272.6,101272.6,101272.6,101272.6,101272.6,101272.6,101272.6,101272.6,101272.6,101272.6,101272.6,101272.6,101272.6,101272.6,101272.6,101272.6,101272.6,101272.6,101272.6,101272.6,101272.6,101272.6,101272.6,101272.6,101272.6,101272.6,101272.6,101272.6
101461.0,101460.8,101460.2,101459.4,101458.6,101457.4,101456.0,101454.2,101452.4,101450.4,101448.4,101446.0,101443.6,101441.2,101438.6,101435.8,101433.0,101430.0,101426.8,101423.6,101420.2,101416.8,101413.4,101409.8,101406.2,101402.6,101399.0,101395.2,101391.6,101387.8,101384.0,101380.0,101376.2,101372.2,101368.4,101364.6,101360.6,101356.8,101353.0,101349.0,101345.0,101341.2,101337.2,101333.0,101329.0,101325.0,101321.0,101317.0,101313.2,101309.2,101305.2,101301.4,101297.4,101293.6,101289.6,101285.6,101281.6,101277.8,101273.8,101270.0,101266.0,101262.2,101258.2
101641.0,101638.4,101634.8,101631.0,101626.6,101622.0,101616.6,101610.8,101604.2,101597.4,101590.4,101583.6,101576.6,101569.4,101561.6,101553.6,101545.4,101537.4,101529.6,101522.0,101514.2,101506.4,101498.2,101490.2,101482.2,101474.6,101466.6,101458.8,101451.0,101443.0,101435.2,101427.8,101420.4,101413.2,101406.0,101399.0,101391.8,101384.8,101377.8,101370.8,101363.8,101356.6,101349.2,101341.8,101334.2,101326.6,101318.8,101311.0,101302.8,101294.4,101285.8,101277.2,101268.4,101259.4,101250.2,101241.0,101231.8,101222.6,101213.6,101204.8,101196.0,101187.4,101179.2
101805.0,101798.8,101791.6,101783.6,101774.6,101765.6,101756.2,101746.2,101736.0,101725.2,101714.4,101703.2,101691.6,101680.0,101668.6,101657.6,101646.2,101634.6,101623.2,101611.8,101600.6,101589.4,101578.2,101566.8,101555.8,101544.6,101533.4,101522.0,101510.6,101499.0,101487.2,101475.2,101463.2,101451.0,101439.0,101426.8,101414.4,101401.4,101388.2,101374.8,101361.2,101347.4,101333.4,101319.0,101304.4,101289.0,101273.0,101256.8,101240.6,101224.0,101207.2,101190.6,101174.6,101159.0,101144.2,101130.2,101117.4,101105.6,101095.0,101085.0,101075.8,101066.6,101057.6
101956.0,101945.0,101933.6,101921.6,101909.2,101896.6,101883.2,101869.8,101856.2,101842.4,101828.2,101814.8,101801.8,101789.0,101776.8,101764.8,101752.8,101740.6,101728.2,101715.0,101700.2,101684.4,101668.2,101651.4,101634.4,101617.2,101600.4,101583.8,101567.0,101549.6,101531.8,101514.2,101495.6,101476.2,101455.8,101435.4,101414.4,101392.8,101371.0,101349.2,101327.2,101304.4,101281.0,101256.8,101232.0,101206.4,101180.8,101155.0,101129.6,101105.2,101082.2,101060.6,101041.0,101023.2,101006.6,100990.4,100974.2,100958.4,100942.6,100927.0,100910.8,100894.0,100877.6
102096.8,102081.6,102066.4,102051.2,102035.2,102019.8,102004.2,101988.4,101972.8,101957.4,101942.2,101926.8,101911.4,101895.6,101879.0,101862.0,101845.0,101827.6,101810.0,101792.4,101774.4,101756.2,101737.6,101718.2,101698.2,101676.6,101654.0,101630.6,101605.6,101579.8,101553.2,101525.8,101498.4,101470.8,101442.4,101414.8,101387.6,101359.0,101330.0,101300.8,101270.4,101239.4,101207.4,101174.6,101141.8,101108.2,101073.4,101039.0,101006.0,100974.0,100943.2,100914.8,100889.0,100866.2,100845.8,100826.2,100807.4,100789.2,100770.8,100751.6,100732.2,100712.4,100692.8
102263.8,102252.4,102240.8,102226.0,102209.8,102193.8,102175.6,102157.0,102137.6,102117.4,102096.6,102073.4,102050.0,102026.4,102000.8,101975.8,101951.0,101927.2,101901.6,101877.2,101852.8,101826.6,101801.0,101773.8,101745.6,101715.6,101685.2,101654.0,101621.2,101588.4,101554.4,101521.0,101488.0,101455.2,101423.4,101392.0,101359.8,101328.8,101297.8,101266.0,101233.4,101200.0,101165.4,101130.2,101094.0,101057.0,101021.0,100984.2,100948.2,100911.6,100875.4,100839.0,100802.2,100767.4,100734.8,100705.6,100678.6,100653.8,100629.4,100605.2,100581.4,100556.8,100533.8
102427.0,102413.6,102398.2,102382.4,102364.4,102347.0,102326.0,102305.2,102282.0,102257.2,102230.0,102204.6,102175.6,102147.2,102117.2,102085.2,102053.8,102019.0,101984.6,101951.8,101917.8,101883.8,101851.2,101815.4,101780.4,101744.8,101707.6,101672.0,101634.2,101595.8,101555.2,101517.0,101479.4,101441.6,101404.4,101366.8,101330.4,101295.4,101259.8,101226.2,101193.4,101160.2,101127.2,101094.0,101059.4,101023.8,100988.0,100949.4,100912.2,100874.4,100836.4,100797.4,100757.2,100717.0,100680.0,100646.0,100614.8,100585.4,100555.8,100526.0,100496.4,100466.6,100438.0
102545.2,102532.6,102520.8,102503.8,102484.4,102463.0,102437.6,102412.6,102387.6,102359.2,102331.0,102297.4,102263.8,102228.6,102190.8,102150.6,102115.2,102079.8,102043.8,102005.6,101970.0,101933.0,101893.4,101853.4,101808.8,101761.0,101715.6,101674.0,101633.2,101594.2,101558.0,101519.4,101479.8,101437.6,101394.6,101353.0,101311.2,101269.6,101231.2,101191.0,101154.6,101118.4,101084.2,101053.2,101019.8,100988.8,100954.4,100920.6,100884.4,100848.2,100810.6,100770.6,100730.2,100690.4,100651.0,100613.6,100578.6,100542.6,100507.6,100470.8,100434.2,100398.4,100362.8
102619.2,102608.6,102552.0,102520.8,102507.4,102480.6,102448.2,102416.6,102384.4,102352.4,102318.2,102284.4,102247.6,102210.4,102172.4,102133.8,102102.2,102074.4,102028.2,101993.8,101956.8,101915.8,101871.6,101826.6,101779.4,101733.0,101687.2,101639.6,101601.4,101578.2,101552.4,101548.0,101538.0,101492.0,101403.6,101352.6,101304.6,101255.4,101216.4,101177.8,101137.0,101094.6,101053.8,101017.6,100982.0,100947.0,100910.4,100874.2,100837.6,100801.2,100763.0,100724.2,100683.0,100641.0,100598.8,100558.8,100518.2,100479.0,100438.2,100394.6,100350.2,100303.6,100258.4
102625.0,102599.6,102572.0,102543.6,102512.6,102479.4,102444.4,102409.0,102373.0,102336.8,102299.4,102260.8,102219.8,102180.4,102138.8,102099.6,102060.0,102019.6,101977.0,101933.4,101887.2,101840.8,101792.0,101743.6,101694.2,101647.2,101602.0,101558.4,101510.2,101474.4,101448.2,101396.4,101399.0,101356.8,101318.8,101295.8,101283.2,101209.0,101146.6,101110.8,101081.4,101053.4,101017.2,100971.0,100925.8,100883.2,100840.0,100800.0,100757.8,100718.6,100677.2,100633.2,100587.6,100540.6,100489.0,100439.2,100390.4,100341.0,100291.0,100243.6,100197.2,100151.6,100105.8
102617.8,102592.2,102562.4,102530.4,102495.6,102455.4,102419.2,102377.8,102337.2,102296.6,102253.8,102210.2,102163.4,102118.0,102069.4,102020.0,101970.0,101912.6,101856.6,101800.0,101745.6,101692.0,101640.0,101591.8,101542.0,101496.6,101452.4,101409.6,101367.6,101326.2,101287.8,101250.4,101220.8,101175.2,101125.0,101026.8,100976.6,101019.6,100993.6,101019.8,100994.0,100998.2,100923.4,100856.6,100804.8,100754.0,100707.0,100664.2,100622.6,100580.0,100541.0,100501.8,100463.8,100425.6,100387.6,100350.6,100311.6,100269.0,100220.0,100166.0,100113.8,100067.4,100025.0
102582.6,102551.6,102521.4,102486.0,102446.4,102406.4,102363.4,102321.6,102278.0,102228.8,102178.2,102124.8,102069.6,102009.2,101949.6,101892.8,101833.6,101773.4,101707.2,101640.4,101575.4,101514.2,101457.6,101401.0,101344.2,101288.0,101232.0,101182.2,101137.2,101102.4,101069.8,101039.0,101000.6,100959.4,100920.8,100887.8,100857.8,100829.0,100795.0,100755.0,100715.4,100680.8,100649.8,100617.4,100582.4,100545.8,100510.0,100478.4,100445.6,100414.8,100384.0,100353.8,100326.4,100300.6,100273.8,100246.0,100216.6,100186.2,100154.2,100117.4,100080.6,100044.6,100009.6
102499.0,102473.4,102451.4,102425.0,102417.4,102387.0,102313.4,102258.4,102206.0,102156.8,102105.4,102050.2,101991.8,101931.4,101870.4,101801.8,101724.8,101646.0,101562.2,101481.2,101400.4,101319.4,101239.4,101159.0,101086.8,101024.8,100976.6,100933.8,100890.8,100851.0,100809.0,100776.6,100749.0,100720.2,100691.4,100654.8,100619.2,100586.8,100561.6,100525.4,100487.2,100455.4,100410.8,100372.2,100347.0,100318.6,100296.4,100278.2,100260.0,100242.8,100226.2,100207.6,100192.4,100174.8,100157.0,100138.0,100120.8,100104.6,100088.0,100070.2,100050.2,100028.8,100005.6
102410.0,102359.4,102357.0,102360.8,102325.2,102267.4,102214.6,102170.6,102129.0,102081.8,102034.0,101980.6,101927.6,101872.0,101808.8,101740.0,101665.4,101582.2,101489.4,101387.6,101286.8,101189.8,101098.2,101009.4,100922.0,100844.6,100780.8,100739.0,100710.0,100681.4,100652.4,100630.0,100586.2,100576.4,100557.6,100523.8,100487.2,100445.0,100385.0,100301.4,100214.4,100132.6,100065.8,100015.6,99979.4,99992.2,99978.0,100003.0,100023.4,100033.4,100021.6,99997.6,99987.0,99981.2,99978.4,99976.8,99975.0,99974.6,99976.4,99976.6,99978.2,99978.6,99977.2
102342.8,102306.6,102266.6,102223.6,102181.8,102142.8,102104.8,102065.2,102026.0,101984.4,101942.6,101898.6,101854.0,101806.6,101751.0,101691.8,101630.2,101566.0,101493.6,101415.6,101332.8,101249.6,101163.8,101077.8,100999.4,100937.8,100860.2,100794.8,100744.6,100725.4,100675.0,100634.0,100589.4,100562.0,100540.8,100475.4,100382.2,100295.0,100202.4,100082.2,99978.6,99838.4,99726.6,99622.6,99566.6,99515.8,99565.6,99659.0,99722.2,99734.4,99720.4,99724.6,99720.4,99723.2,99728.6,99736.0,99761.4,99759.0,99773.8,99791.6,99810.0,99826.2,99839.4
102225.2,102188.2,102147.0,102109.8,102072.2,102034.2,101994.6,101953.0,101910.6,101868.0,101826.8,101786.4,101745.2,101703.6,101658.6,101612.6,101562.4,101512.4,101459.0,101400.0,101337.8,101272.4,101201.6,101134.2,101076.2,101024.2,100963.6,100906.2,100847.4,100780.0,100710.8,100617.6,100568.6,100494.0,100420.4,100359.8,100270.4,100168.2,100064.4,99994.6,99902.8,99820.2,99740.6,99700.6,99696.8,99711.2,99730.8,99782.6,99819.8,99847.8,99899.4,99934.2,99959.4,99969.6,100005.6,100014.8,100039.2,100062.6,100079.0,100091.4,100102.2,100108.4,100114.2
102021.4,101999.2,101970.2,101939.8,101907.4,101877.2,101848.0,101823.6,101787.8,101747.0,101710.2,101675.8,101642.0,101601.0,101560.8,101522.2,101482.6,101441.6,101405.4,101369.4,101320.0,101272.0,101212.4,101176.8,101137.8,101090.0,101030.2,100971.8,100900.4,100824.8,100743.0,100660.6,100583.8,100506.4,100409.6,100304.2,100214.2,100115.0,100028.4,99969.4,99937.6,99940.2,99953.4,99979.8,100006.0,100037.4,100081.8,100125.4,100158.6,100191.4,100218.8,100255.0,100285.2,100319.4,100350.2,100373.6,100386.4,100408.0,100417.6,100420.4,100408.4,100444.2,100449.6
101752.4,101727.0,101698.6,101673.8,101652.4,101633.2,101614.8,101597.4,101570.6,101541.0,101510.4,101488.2,101467.4,101435.6,101417.2,101386.8,101362.4,101338.4,101314.2,101279.6,101239.8,101214.4,101176.8,101146.2,101104.6,101058.4,101000.4,100943.2,100894.8,100837.4,100786.2,100698.8,100607.8,100526.8,100442.6,100360.8,100308.8,100270.8,100248.4,100246.4,100248.2,100255.2,100267.8,100289.6,100336.4,100357.0,100377.0,100422.8,100454.2,100479.2,100500.4,100518.4,100557.2,100589.6,100619.2,100642.8,100673.4,100700.2,100730.2,100746.8,100765.6,100785.8,100811.8
101424.2,101387.4,101351.2,101321.6,101297.0,101282.0,101262.8,101254.2,101249.0,101235.0,101203.6,101168.4,101164.6,101155.6,101135.2,101118.6,101102.6,101096.6,101085.2,101079.4,101042.2,101029.4,101017.4,100988.8,100970.6,100951.8,100931.6,100906.4,100882.2,100849.8,100814.0,100774.2,100731.4,100698.6,100673.0,100643.0,100619.6,100604.6,100606.4,100586.0,100605.4,100617.0,100664.2,100658.0,100672.4,100685.0,100677.4,100691.6,100682.4,100676.8,100718.6,100739.2,100771.2,100788.0,100816.2,100864.4,100883.2,100905.4,100943.2,100988.0,101045.6,101034.2,101055.8
101077.0,101018.2,100961.2,100917.8,100890.0,100877.0,100856.0,100841.4,100833.6,100824.0,100796.8,100784.6,100790.6,100789.4,100788.2,100793.0,100790.4,100794.0,100804.4,100819.8,100836.2,100861.8,100888.8,100913.2,100949.6,100973.6,101011.8,101060.2,101056.2,101027.2,100962.0,100965.8,100937.6,100887.8,100937.0,100922.2,100893.6,100896.0,100879.6,100914.2,100917.6,100944.4,100970.0,100987.2,100968.0,100971.2,100985.0,100928.8,100934.0,100907.6,100942.8,100943.0,100983.0,101013.4,101042.8,101080.4,101106.0,101143.6,101157.6,101181.6,101211.4,101269.6,101319.0
100700.8,100656.4,100579.0,100529.0,100474.0,100431.0,100411.0,100406.6,100408.6,100421.2,100436.6,100454.2,100475.2,100504.2,100534.8,100578.6,100630.4,100669.2,100712.8,100762.6,100808.8,100854.2,100907.4,100958.2,101015.6,101079.2,101140.4,101269.4,101297.4,101335.0,101322.2,101330.8,101362.8,101295.8,101271.4,101251.8,101151.2,101090.2,101121.4,101139.0,101142.2,101160.2,101189.0,101208.6,101218.6,101228.6,101219.4,101240.2,101251.8,101276.2,101270.8,101276.4,101273.2,101298.4,101320.8,101340.6,101376.2,101381.4,101412.4,101442.4,101500.6,101561.0,101613.4
100473.8,100449.0,100412.2,100380.0,100276.0,100257.8,100233.4,100225.4,100243.0,100269.0,100296.2,100337.4,100377.4,100418.6,100464.6,100515.4,100580.0,100640.8,100706.8,100779.8,100842.8,100922.2,100997.0,101071.0,101166.8,101227.6,101270.6,101362.2,101469.4,101557.8,101595.6,101611.6,101642.8,101597.2,101635.2,101597.2,101558.0,101472.8,101431.0,101447.0,101478.6,101456.2,101482.6,101490.2,101497.2,101519.4,101532.8,101542.6,101555.6,101550.8,101585.8,101557.2,101563.6,101577.8,101602.0,101630.6,101652.0,101655.0,101678.4,101699.0,101752.6,101840.2,101927.2
100713.8,100684.0,100656.6,100503.8,100498.0,100458.0,100398.8,100338.4,100307.8,100292.0,100301.2,100330.4,100358.6,100406.6,100463.6,100528.8,100605.2,100680.2,100765.6,100852.4,100941.2,101033.2,101128.8,101229.0,101343.6,101449.4,101547.2,101622.8,101722.8,101813.4,101866.4,101920.8,101899.2,101919.8,101958.6,101943.2,101969.2,101897.6,101935.0,101881.4,101880.2,101891.8,101874.4,101876.6,101874.4,101856.2,101817.2,101821.6,101867.6,101869.8,101868.2,101886.2,101875.8,101881.0,101894.4,101903.4,101915.2,101929.0,101940.4,101960.6,102005.0,102080.4,102165.4
100893.2,100889.0,100819.6,100800.4,100748.8,100699.8,100642.2,100582.2,100509.0,100464.6,100442.2,100436.2,100451.0,100493.4,100544.4,100608.0,100705.4,100803.2,100902.8,101006.6,101111.6,101218.4,101332.2,101440.2,101557.8,101674.6,101773.2,101838.8,101914.4,102035.4,102121.8,102137.4,102211.8,102203.6,102256.4,102234.4,102258.0,102252.0,102242.4,102244.8,102209.2,102183.6,102189.4,102222.0,102221.2,102230.4,102187.8,102179.2,102180.8,102135.8,102150.8,102110.8,102122.8,102121.6,102123.8,102124.2,102139.6,102155.6,102160.2,102185.8,102206.4,102246.4,102312.0
101032.8,101017.2,100991.8,100963.0,100928.6,100885.0,100836.8,100782.8,100730.2,100700.4,100656.8,100636.4,100657.2,100690.6,100745.8,100821.2,100911.8,101014.4,101122.0,101233.6,101346.6,101467.2,101590.2,101693.0,101817.4,101923.4,102033.6,102089.2,102168.6,102231.4,102299.0,102336.4,102378.2,102438.8,102472.8,102463.8,102424.4,102447.0,102454.8,102413.0,102397.8,102401.8,102390.2,102394.2,102358.4,102387.6,102390.4,102400.6,102410.8,102398.4,102385.8,102353.4,102342.0,102329.4,102335.8,102342.0,102347.0,102362.8,102377.2,102383.4,102376.0,102381.8,102402.6
101081.8,101045.2,101047.8,101037.8,101022.8,101007.2,101000.0,100984.0,100968.8,100953.4,100945.2,100946.2,100941.4,100957.8,101016.0,101119.6,101219.8,101307.2,101404.2,101505.6,101626.8,101740.8,101858.4,101958.0,102061.6,102161.6,102278.4,102349.2,102396.4,102413.2,102428.8,102472.0,102513.0,102518.6,102563.4,102532.0,102527.2,102493.2,102503.8,102464.6,102450.4,102465.6,102475.0,102473.2,102492.0,102521.6,102523.6,102556.0,102556.0,102559.4,102553.8,102553.6,102550.8,102551.2,102552.0,102558.4,102571.0,102573.4,102578.4,102575.4,102563.8,102548.0,102526.0
101202.0,101184.2,101194.4,101204.8,101229.8,101231.8,101232.0,101227.6,101228.8,101220.8,101217.8,101233.8,101262.2,101302.0,101362.2,101454.6,101554.6,101652.0,101744.8,101824.6,101941.0,102046.6,102140.4,102222.2,102294.4,102369.8,102453.2,102495.0,102550.4,102580.6,102608.0,102588.8,102613.4,102616.4,102616.4,102577.8,102525.6,102514.2,102511.0,102510.4,102526.2,102514.8,102529.8,102551.8,102567.4,102610.8,102642.0,102662.6,102674.4,102685.8,102696.2,102714.2,102708.2,102724.4,102725.8,102739.2,102733.4,102732.8,102733.8,102727.4,102713.0,102692.4,102667.8
