wind-weather/data/weather/current/current-wind-isobaric-10hPa-gfs-1.0.json
{"header": {"discipline":0,"disciplineName":"Meteorologicalproducts","gribEdition":2,"gribLength":39460,"center":7,"centerName":"USNationalWeatherService-NCEP(WMC)","subcenter":0,"refTime":"2015-05-15T06:00:00.000Z","significanceOfRT":0,"significanceOfRTName":"Analysis","productStatus":0,"productStatusName":"Operationalproducts","productType":0,"productTypeName":"Analysisproducts","productDefinitionTemplate":0,"productDefinitionTemplateName":"Analysis/forecastathorizontallevel/layeratapointintime","parameterCategory":2,"parameterCategoryName":"Momentum","parameterNumber":3,"parameterNumberName":"V-component_of_wind","parameterUnit":"m.s-1","genProcessType":0,"genProcessTypeName":"Analysis","forecastTime":0,"surface1Type":100,"surface1TypeName":"Isobaricsurface","surface1Value":1000.0,"surface2Type":255,"surface2TypeName":"Missing","surface2Value":0.0,"gridDefinitionTemplate":0,"gridDefinitionTemplateName":"Latitude_Longitude","numberPoints":65160,"shape":6,"shapeName":"Earthsphericalwithradiusof6,371,229.0m","gridUnits":"degrees","resolution":48,"winds":"true","scanMode":0,"nx":360,"ny":181,"basicAngle":0,"subDivisions":0,"lo1":0.0,"la1":90.0,"lo2":359.0,"la2":-90.0,"dx":1.0,"dy":1.0}, "data":
[rows 0 to 36 of 181, columns 82 to 163 of 360]
2.13,2.11,2.09,2.06,2.04,2.02,1.99,1.97,1.94,1.91,1.89,1.86,1.83,1.8,1.77,1.74,1.71,1.68,1.65,1.62,1.59,1.55,1.52,1.49,1.45,1.42,1.38,1.34,1.31,1.27,1.24,1.2,1.16,1.12,1.08,1.05,1.01,0.97,0.93,0.89,0.85,0.81,0.77,0.73,0.68,0.64,0.6,0.56,0.52,0.48,0.43,0.39,0.35,0.31,0.26,0.22,0.18,0.14,0.09,0.05,0.01,-0.03,-0.08,-0.12,-0.16,-0.21,-0.25,-0.29,-0.33,-0.38,-0.42,-0.46,-0.5,-0.54,-0.59,-0.63,-0.67,-0.71,-0.75,-0.79,-0.83,-0.87
1.8,1.78,1.75,1.73,1.7,1.67,1.65,1.62,1.59,1.56,1.54,1.51,1.48,1.45,1.42,1.39,1.36,1.33,1.3,1.27,1.24,1.21,1.18,1.15,1.12,1.09,1.06,1.03,1.0,0.97,0.94,0.9,0.87,0.84,0.81,0.78,0.75,0.72,0.69,0.65,0.62,0.59,0.56,0.53,0.5,0.47,0.44,0.4,0.37,0.34,0.31,0.28,0.25,0.22,0.19,0.16,0.13,0.1,0.06,0.03,0.0,-0.03,-0.06,-0.09,-0.12,-0.15,-0.18,-0.21,-0.24,-0.27,-0.3,-0.33,-0.37,-0.4,-0.43,-0.46,-0.49,-0.52,-0.55,-0.59,-0.62,-0.65
1.65,1.62,1.6,1.57,1.54,1.51,1.48,1.44,1.41,1.38,1.35,1.32,1.29,1.25,1.22,1.19,1.15,1.12,1.09,1.06,1.02,0.99,0.96,0.92,0.89,0.86,0.82,0.79,0.76,0.72,0.69,0.66,0.63,0.59,0.56,0.53,0.5,0.47,0.44,0.41,0.38,0.35,0.32,0.29,0.27,0.24,0.21,0.18,0.16,0.13,0.1,0.08,0.05,0.03,0.0,-0.02,-0.04,-0.07,-0.09,-0.11,-0.14,-0.16,-0.18,-0.2,-0.22,-0.25,-0.27,-0.29,-0.31,-0.33,-0.35,-0.37,-0.39,-0.41,-0.43,-0.46,-0.48,-0.5,-0.52,-0.54,-0.56,-0.58
1.56,1.53,1.5,1.47,1.45,1.42,1.39,1.36,1.33,1.3,1.27,1.24,1.21,1.17,1.14,1.11,1.08,1.05,1.01,0.98,0.95,0.92,0.88,0.85,0.82,0.78,0.75,0.71,0.68,0.64,0.61,0.58,0.54,0.51,0.47,0.44,0.4,0.37,0.33,0.3,0.26,0.23,0.19,0.16,0.13,0.1,0.06,0.03,0.0,-0.03,-0.06,-0.09,-0.11,-0.14,-0.17,-0.19,-0.22,-0.24,-0.26,-0.28,-0.3,-0.32,-0.34,-0.36,-0.37,-0.39,-0.4,-0.42,-0.43,-0.45,-0.46,-0.48,-0.49,-0.51,-0.52,-0.53,-0.55,-0.56,-0.58,-0.59,-0.61,-0.62
1.44,1.42,1.39,1.37,1.35,1.32,1.3,1.27,1.25,1.22,1.2,1.17,1.15,1.12,1.1,1.07,1.04,1.02,0.99,0.96,0.93,0.9,0.87,0.84,0.81,0.78,0.75,0.72,0.69,0.65,0.62,0.58,0.54,0.51,0.47,0.43,0.39,0.36,0.32,0.28,0.24,0.19,0.15,0.11,0.07,0.03,-0.01,-0.05,-0.08,-0.12,-0.16,-0.19,-0.22,-0.26,-0.29,-0.32,-0.34,-0.37,-0.39,-0.41,-0.43,-0.45,-0.47,-0.48,-0.5,-0.51,-0.52,-0.53,-0.54,-0.55,-0.56,-0.57,-0.57,-0.58,-0.59,-0.6,-0.61,-0.62,-0.63,-0.64,-0.65,-0.66
1.31,1.29,1.28,1.26,1.24,1.23,1.21,1.19,1.18,1.16,1.14,1.12,1.11,1.09,1.07,1.05,1.03,1.0,0.98,0.96,0.93,0.91,0.88,0.85,0.82,0.79,0.76,0.72,0.69,0.65,0.61,0.58,0.54,0.5,0.46,0.42,0.37,0.33,0.29,0.24,0.2,0.15,0.11,0.06,0.02,-0.03,-0.07,-0.12,-0.16,-0.21,-0.25,-0.29,-0.33,-0.37,-0.4,-0.44,-0.47,-0.5,-0.52,-0.54,-0.56,-0.58,-0.6,-0.61,-0.62,-0.62,-0.63,-0.63,-0.63,-0.63,-0.63,-0.63,-0.62,-0.62,-0.62,-0.62,-0.62,-0.62,-0.62,-0.63,-0.63,-0.63
1.14,1.14,1.14,1.14,1.14,1.13,1.13,1.13,1.13,1.13,1.13,1.12,1.12,1.11,1.11,1.1,1.09,1.07,1.06,1.04,1.02,0.99,0.97,0.94,0.9,0.87,0.83,0.8,0.75,0.71,0.67,0.62,0.57,0.52,0.47,0.42,0.37,0.32,0.27,0.21,0.16,0.11,0.06,0.01,-0.04,-0.08,-0.13,-0.18,-0.23,-0.27,-0.32,-0.37,-0.41,-0.46,-0.5,-0.54,-0.58,-0.61,-0.64,-0.67,-0.69,-0.71,-0.72,-0.73,-0.74,-0.74,-0.74,-0.74,-0.73,-0.72,-0.72,-0.71,-0.7,-0.69,-0.68,-0.66,-0.65,-0.64,-0.63,-0.63,-0.62,-0.61
1.1,1.11,1.11,1.12,1.12,1.12,1.13,1.13,1.13,1.13,1.13,1.13,1.12,1.12,1.12,1.11,1.1,1.1,1.09,1.07,1.06,1.05,1.03,1.01,0.99,0.96,0.93,0.9,0.87,0.83,0.78,0.74,0.69,0.63,0.58,0.52,0.46,0.4,0.34,0.28,0.22,0.16,0.1,0.04,-0.02,-0.08,-0.14,-0.2,-0.25,-0.31,-0.36,-0.42,-0.47,-0.52,-0.57,-0.61,-0.65,-0.68,-0.72,-0.75,-0.77,-0.8,-0.82,-0.83,-0.84,-0.85,-0.85,-0.85,-0.85,-0.84,-0.83,-0.82,-0.8,-0.79,-0.77,-0.75,-0.73,-0.7,-0.68,-0.66,-0.63,-0.61
1.15,1.16,1.18,1.19,1.2,1.21,1.22,1.22,1.22,1.22,1.21,1.21,1.2,1.2,1.2,1.19,1.18,1.17,1.15,1.13,1.11,1.09,1.07,1.04,1.01,0.98,0.95,0.91,0.87,0.83,0.79,0.74,0.7,0.65,0.6,0.55,0.49,0.44,0.38,0.32,0.26,0.2,0.14,0.08,0.01,-0.06,-0.12,-0.19,-0.26,-0.33,-0.39,-0.45,-0.51,-0.56,-0.61,-0.65,-0.69,-0.72,-0.76,-0.79,-0.82,-0.84,-0.87,-0.89,-0.9,-0.91,-0.92,-0.92,-0.92,-0.91,-0.9,-0.88,-0.86,-0.83,-0.8,-0.77,-0.74,-0.71,-0.67,-0.64,-0.6,-0.56
1.27,1.31,1.34,1.38,1.41,1.43,1.45,1.46,1.46,1.46,1.44,1.43,1.43,1.44,1.46,1.49,1.5,1.51,1.49,1.46,1.42,1.37,1.32,1.27,1.23,1.18,1.13,1.08,1.02,0.96,0.89,0.82,0.75,0.68,0.6,0.53,0.46,0.38,0.32,0.25,0.18,0.12,0.05,-0.01,-0.07,-0.14,-0.2,-0.26,-0.33,-0.39,-0.44,-0.5,-0.54,-0.59,-0.63,-0.66,-0.7,-0.73,-0.76,-0.79,-0.81,-0.83,-0.86,-0.87,-0.89,-0.9,-0.9,-0.9,-0.89,-0.87,-0.86,-0.83,-0.81,-0.78,-0.74,-0.71,-0.67,-0.63,-0.59,-0.54,-0.5,-0.45
1.53,1.57,1.61,1.65,1.68,1.71,1.73,1.75,1.76,1.76,1.75,1.74,1.73,1.71,1.68,1.64,1.61,1.58,1.55,1.52,1.48,1.44,1.41,1.39,1.37,1.35,1.31,1.27,1.21,1.15,1.09,1.03,0.96,0.89,0.81,0.73,0.63,0.54,0.44,0.34,0.25,0.16,0.07,-0.02,-0.09,-0.17,-0.24,-0.3,-0.36,-0.42,-0.47,-0.52,-0.57,-0.61,-0.65,-0.69,-0.72,-0.75,-0.77,-0.79,-0.81,-0.83,-0.84,-0.84,-0.84,-0.84,-0.83,-0.81,-0.79,-0.77,-0.74,-0.71,-0.68,-0.64,-0.6,-0.56,-0.51,-0.46,-0.41,-0.36,-0.31,-0.26
1.79,1.85,1.91,1.96,2.0,2.04,2.07,2.09,2.1,2.11,2.12,2.12,2.12,2.12,2.11,2.08,2.04,2.01,1.98,1.94,1.87,1.77,1.65,1.56,1.49,1.44,1.4,1.36,1.3,1.23,1.17,1.11,1.06,1.0,0.94,0.88,0.81,0.74,0.66,0.57,0.47,0.36,0.24,0.13,0.01,-0.1,-0.2,-0.29,-0.38,-0.45,-0.52,-0.57,-0.62,-0.66,-0.7,-0.73,-0.75,-0.77,-0.79,-0.8,-0.8,-0.81,-0.81,-0.79,-0.77,-0.75,-0.72,-0.69,-0.66,-0.62,-0.59,-0.55,-0.5,-0.46,-0.41,-0.36,-0.3,-0.25,-0.19,-0.13,-0.08,-0.02
2.16,2.2,2.24,2.28,2.3,2.32,2.34,2.34,2.35,2.35,2.35,2.34,2.33,2.32,2.31,2.29,2.26,2.24,2.21,2.16,2.11,2.03,1.95,1.86,1.77,1.69,1.61,1.53,1.44,1.36,1.28,1.2,1.13,1.06,1.0,0.94,0.88,0.82,0.75,0.68,0.6,0.5,0.4,0.27,0.15,0.01,-0.12,-0.25,-0.37,-0.47,-0.56,-0.63,-0.68,-0.72,-0.74,-0.76,-0.77,-0.77,-0.77,-0.76,-0.75,-0.74,-0.73,-0.7,-0.66,-0.62,-0.58,-0.55,-0.5,-0.46,-0.41,-0.35,-0.3,-0.24,-0.18,-0.12,-0.05,0.01,0.07,0.14,0.2,0.27
2.51,2.52,2.52,2.52,2.52,2.52,2.51,2.5,2.49,2.47,2.44,2.41,2.37,2.33,2.28,2.24,2.2,2.18,2.16,2.15,2.13,2.1,2.06,2.01,1.96,1.89,1.82,1.73,1.64,1.54,1.43,1.34,1.24,1.16,1.08,1.01,0.94,0.88,0.81,0.73,0.65,0.56,0.46,0.35,0.22,0.09,-0.06,-0.2,-0.34,-0.47,-0.58,-0.67,-0.73,-0.77,-0.79,-0.79,-0.77,-0.75,-0.73,-0.7,-0.67,-0.65,-0.61,-0.57,-0.52,-0.47,-0.42,-0.37,-0.31,-0.25,-0.18,-0.11,-0.04,0.03,0.1,0.17,0.24,0.31,0.38,0.45,0.51,0.57
2.76,2.71,2.65,2.59,2.53,2.48,2.43,2.38,2.34,2.31,2.28,2.26,2.26,2.24,2.2,2.13,2.05,1.97,1.9,1.86,1.85,1.85,1.86,1.87,1.88,1.89,1.87,1.83,1.77,1.69,1.6,1.5,1.4,1.3,1.21,1.12,1.03,0.95,0.86,0.76,0.66,0.56,0.45,0.33,0.2,0.07,-0.07,-0.22,-0.36,-0.49,-0.61,-0.7,-0.76,-0.79,-0.8,-0.79,-0.76,-0.71,-0.66,-0.61,-0.57,-0.52,-0.47,-0.41,-0.35,-0.27,-0.2,-0.12,-0.04,0.05,0.13,0.21,0.29,0.38,0.46,0.53,0.61,0.68,0.74,0.8,0.86,0.91
2.89,2.79,2.68,2.57,2.47,2.36,2.26,2.17,2.08,2.01,1.95,1.9,1.88,1.88,1.89,1.89,1.86,1.8,1.72,1.65,1.59,1.54,1.51,1.51,1.55,1.62,1.71,1.77,1.79,1.75,1.69,1.61,1.53,1.45,1.36,1.26,1.16,1.05,0.93,0.81,0.68,0.55,0.42,0.29,0.15,0.01,-0.14,-0.28,-0.42,-0.54,-0.65,-0.73,-0.78,-0.81,-0.8,-0.77,-0.73,-0.67,-0.6,-0.54,-0.48,-0.41,-0.34,-0.25,-0.16,-0.06,0.05,0.15,0.25,0.36,0.46,0.56,0.65,0.75,0.84,0.93,1.02,1.09,1.16,1.22,1.27,1.32
2.93,2.8,2.67,2.53,2.39,2.26,2.13,2.02,1.93,1.86,1.79,1.72,1.64,1.58,1.54,1.52,1.49,1.45,1.42,1.39,1.35,1.3,1.25,1.23,1.24,1.29,1.37,1.47,1.55,1.6,1.62,1.6,1.56,1.51,1.43,1.34,1.24,1.12,0.99,0.85,0.71,0.56,0.41,0.26,0.1,-0.05,-0.2,-0.35,-0.48,-0.59,-0.67,-0.73,-0.76,-0.76,-0.74,-0.7,-0.66,-0.61,-0.54,-0.47,-0.39,-0.3,-0.2,-0.09,0.03,0.16,0.29,0.42,0.54,0.66,0.77,0.87,0.97,1.07,1.16,1.25,1.33,1.4,1.46,1.52,1.56,1.6
2.89,2.78,2.65,2.51,2.36,2.22,2.08,1.95,1.84,1.74,1.66,1.58,1.51,1.43,1.36,1.28,1.21,1.15,1.11,1.08,1.06,1.04,1.02,1.0,0.99,1.02,1.08,1.16,1.25,1.34,1.41,1.45,1.46,1.44,1.39,1.32,1.22,1.11,0.99,0.85,0.7,0.55,0.39,0.24,0.08,-0.08,-0.23,-0.36,-0.48,-0.58,-0.66,-0.71,-0.73,-0.73,-0.71,-0.67,-0.63,-0.57,-0.5,-0.42,-0.32,-0.21,-0.09,0.05,0.2,0.35,0.5,0.63,0.75,0.87,0.97,1.07,1.18,1.28,1.38,1.48,1.57,1.64,1.71,1.76,1.8,1.83
2.68,2.61,2.52,2.43,2.32,2.2,2.09,1.97,1.84,1.71,1.58,1.47,1.37,1.3,1.23,1.17,1.1,1.03,0.95,0.88,0.82,0.77,0.73,0.71,0.7,0.72,0.77,0.85,0.94,1.02,1.1,1.15,1.17,1.17,1.16,1.12,1.06,0.97,0.87,0.76,0.63,0.49,0.36,0.22,0.1,-0.04,-0.2,-0.34,-0.45,-0.55,-0.62,-0.66,-0.68,-0.68,-0.67,-0.63,-0.59,-0.52,-0.44,-0.34,-0.23,-0.11,0.02,0.17,0.31,0.46,0.59,0.72,0.85,0.96,1.07,1.17,1.28,1.39,1.49,1.59,1.69,1.78,1.86,1.93,1.98,2.01
2.63,2.53,2.43,2.35,2.27,2.18,2.09,1.97,1.83,1.67,1.51,1.35,1.2,1.07,0.98,0.93,0.9,0.86,0.81,0.76,0.7,0.64,0.58,0.53,0.48,0.47,0.47,0.49,0.54,0.61,0.68,0.74,0.78,0.81,0.82,0.81,0.79,0.74,0.67,0.6,0.51,0.41,0.3,0.17,0.02,-0.12,-0.23,-0.33,-0.4,-0.47,-0.53,-0.59,-0.62,-0.63,-0.59,-0.54,-0.47,-0.4,-0.32,-0.22,-0.1,0.01,0.12,0.24,0.36,0.48,0.59,0.71,0.82,0.93,1.03,1.14,1.26,1.38,1.5,1.61,1.71,1.81,1.9,1.97,2.03,2.07
2.61,2.5,2.39,2.29,2.19,2.11,2.03,1.94,1.86,1.74,1.59,1.41,1.2,0.96,0.76,0.6,0.49,0.42,0.4,0.39,0.37,0.33,0.29,0.25,0.22,0.2,0.18,0.18,0.2,0.24,0.29,0.33,0.37,0.39,0.41,0.42,0.43,0.42,0.4,0.36,0.31,0.23,0.13,0.03,-0.06,-0.14,-0.23,-0.32,-0.39,-0.44,-0.48,-0.51,-0.5,-0.48,-0.43,-0.35,-0.25,-0.14,-0.06,0.0,0.08,0.19,0.29,0.4,0.5,0.59,0.67,0.73,0.78,0.86,0.97,1.08,1.18,1.31,1.44,1.57,1.68,1.79,1.87,1.95,2.01,2.06
2.71,2.59,2.45,2.32,2.2,2.09,1.98,1.89,1.8,1.72,1.63,1.5,1.34,1.13,0.9,0.7,0.53,0.39,0.27,0.18,0.09,0.02,-0.04,-0.09,-0.14,-0.18,-0.2,-0.2,-0.19,-0.18,-0.15,-0.12,-0.09,-0.04,0.02,0.07,0.11,0.13,0.13,0.11,0.06,0.01,-0.06,-0.14,-0.22,-0.3,-0.35,-0.39,-0.44,-0.48,-0.47,-0.44,-0.39,-0.31,-0.22,-0.1,0.0,0.09,0.19,0.28,0.36,0.43,0.51,0.59,0.66,0.72,0.78,0.83,0.87,0.94,1.0,1.07,1.16,1.25,1.36,1.48,1.59,1.69,1.77,1.83,1.89,1.95
2.98,2.86,2.73,2.58,2.42,2.28,2.14,1.99,1.84,1.71,1.57,1.4,1.22,1.01,0.81,0.65,0.52,0.37,0.21,0.09,0.0,-0.09,-0.18,-0.27,-0.36,-0.45,-0.54,-0.62,-0.68,-0.72,-0.72,-0.68,-0.6,-0.51,-0.41,-0.31,-0.21,-0.13,-0.09,-0.09,-0.11,-0.15,-0.2,-0.26,-0.31,-0.33,-0.35,-0.38,-0.42,-0.42,-0.37,-0.3,-0.22,-0.13,-0.04,0.02,0.08,0.19,0.35,0.44,0.48,0.57,0.65,0.7,0.76,0.84,0.89,0.95,1.03,1.11,1.18,1.24,1.29,1.34,1.4,1.48,1.56,1.63,1.7,1.78,1.86,1.92
3.09,3.01,2.9,2.78,2.65,2.5,2.34,2.18,1.99,1.81,1.64,1.44,1.23,1.01,0.8,0.58,0.4,0.26,0.12,-0.05,-0.21,-0.35,-0.47,-0.57,-0.65,-0.73,-0.84,-0.93,-0.99,-1.01,-0.99,-0.94,-0.87,-0.79,-0.71,-0.63,-0.54,-0.48,-0.43,-0.4,-0.39,-0.42,-0.45,-0.49,-0.53,-0.55,-0.53,-0.51,-0.46,-0.41,-0.35,-0.25,-0.15,-0.06,0.02,0.13,0.27,0.37,0.44,0.5,0.58,0.66,0.73,0.81,0.89,0.97,1.06,1.17,1.27,1.37,1.47,1.55,1.61,1.66,1.69,1.72,1.76,1.8,1.86,1.93,1.97,2.02
3.02,2.93,2.84,2.74,2.66,2.56,2.44,2.29,2.12,1.94,1.78,1.61,1.44,1.25,1.06,0.85,0.64,0.47,0.28,0.07,-0.14,-0.33,-0.5,-0.68,-0.85,-1.0,-1.12,-1.19,-1.25,-1.29,-1.31,-1.31,-1.29,-1.26,-1.22,-1.16,-1.09,-1.01,-0.93,-0.85,-0.79,-0.75,-0.73,-0.72,-0.71,-0.69,-0.67,-0.62,-0.55,-0.48,-0.39,-0.3,-0.19,-0.05,0.1,0.25,0.4,0.52,0.64,0.79,0.93,1.03,1.07,1.09,1.09,1.18,1.28,1.36,1.5,1.66,1.79,1.88,1.97,2.04,2.05,2.06,2.06,2.08,2.11,2.11,2.13,2.17
2.86,2.78,2.7,2.62,2.56,2.51,2.44,2.35,2.23,2.1,1.93,1.76,1.58,1.39,1.2,1.02,0.83,0.65,0.47,0.28,0.08,-0.13,-0.34,-0.56,-0.79,-1.02,-1.22,-1.41,-1.57,-1.69,-1.76,-1.8,-1.8,-1.75,-1.68,-1.58,-1.47,-1.35,-1.24,-1.15,-1.07,-1.01,-0.95,-0.9,-0.84,-0.79,-0.75,-0.71,-0.64,-0.56,-0.43,-0.27,-0.13,0.02,0.15,0.31,0.49,0.66,0.82,0.98,1.11,1.12,1.14,1.26,1.39,1.43,1.51,1.62,1.72,1.87,2.0,2.11,2.19,2.25,2.28,2.3,2.3,2.3,2.3,2.32,2.32,2.29
2.65,2.57,2.5,2.44,2.41,2.39,2.38,2.36,2.31,2.21,2.04,1.83,1.61,1.41,1.22,1.05,0.9,0.74,0.55,0.36,0.17,-0.03,-0.26,-0.51,-0.78,-1.07,-1.34,-1.58,-1.78,-1.92,-1.99,-2.0,-1.98,-1.94,-1.89,-1.81,-1.72,-1.62,-1.53,-1.42,-1.31,-1.22,-1.14,-1.08,-1.04,-0.99,-0.94,-0.87,-0.78,-0.66,-0.52,-0.38,-0.24,-0.04,0.13,0.28,0.45,0.62,0.79,0.95,1.07,1.17,1.28,1.35,1.45,1.55,1.68,1.82,1.94,2.06,2.16,2.26,2.33,2.4,2.46,2.51,2.53,2.54,2.57,2.56,2.5,2.44
2.45,2.41,2.36,2.31,2.27,2.24,2.2,2.16,2.1,2.03,1.94,1.82,1.67,1.49,1.3,1.09,0.89,0.71,0.56,0.41,0.22,0.03,-0.18,-0.44,-0.73,-1.05,-1.37,-1.65,-1.87,-2.01,-2.07,-2.1,-2.11,-2.1,-2.08,-2.03,-1.95,-1.85,-1.73,-1.62,-1.53,-1.45,-1.39,-1.33,-1.28,-1.23,-1.17,-1.1,-1.0,-0.88,-0.73,-0.57,-0.38,-0.19,0.0,0.18,0.39,0.6,0.78,0.93,1.08,1.22,1.32,1.42,1.53,1.65,1.79,1.95,2.08,2.19,2.3,2.38,2.47,2.55,2.58,2.57,2.56,2.56,2.55,2.53,2.47,2.41
2.2,2.22,2.21,2.17,2.11,2.05,1.99,1.95,1.9,1.83,1.76,1.65,1.52,1.37,1.21,1.06,0.92,0.76,0.57,0.39,0.21,0.0,-0.23,-0.47,-0.75,-1.04,-1.33,-1.6,-1.82,-1.98,-2.1,-2.17,-2.19,-2.15,-2.13,-2.11,-2.09,-2.05,-1.99,-1.91,-1.82,-1.73,-1.64,-1.55,-1.48,-1.39,-1.31,-1.21,-1.09,-0.97,-0.83,-0.66,-0.47,-0.27,-0.08,0.13,0.36,0.57,0.76,0.89,1.05,1.18,1.27,1.4,1.51,1.62,1.75,1.9,2.04,2.15,2.26,2.37,2.45,2.52,2.55,2.57,2.56,2.55,2.53,2.48,2.43,2.37
1.83,1.93,1.97,1.96,1.91,1.84,1.78,1.73,1.69,1.67,1.64,1.55,1.43,1.28,1.13,0.98,0.83,0.66,0.47,0.31,0.14,-0.05,-0.27,-0.53,-0.79,-1.07,-1.32,-1.55,-1.75,-1.9,-2.02,-2.09,-2.11,-2.11,-2.11,-2.15,-2.16,-2.14,-2.09,-2.0,-1.89,-1.77,-1.66,-1.55,-1.45,-1.37,-1.3,-1.23,-1.15,-1.04,-0.9,-0.73,-0.54,-0.35,-0.16,0.05,0.26,0.45,0.62,0.78,0.91,0.99,1.12,1.25,1.37,1.5,1.64,1.78,1.91,2.04,2.15,2.22,2.27,2.31,2.36,2.42,2.46,2.48,2.49,2.5,2.47,2.41
1.44,1.58,1.65,1.65,1.6,1.53,1.45,1.4,1.38,1.37,1.35,1.32,1.25,1.17,1.05,0.91,0.71,0.56,0.43,0.28,0.11,-0.09,-0.3,-0.54,-0.8,-1.05,-1.28,-1.48,-1.67,-1.83,-1.93,-1.98,-2.02,-2.07,-2.12,-2.13,-2.14,-2.11,-2.05,-1.94,-1.8,-1.65,-1.51,-1.39,-1.3,-1.24,-1.19,-1.12,-1.05,-0.95,-0.83,-0.7,-0.56,-0.43,-0.29,-0.13,0.03,0.19,0.35,0.49,0.62,0.77,0.91,1.03,1.17,1.31,1.46,1.61,1.75,1.88,1.97,2.04,2.08,2.14,2.17,2.2,2.24,2.28,2.32,2.35,2.34,2.29
1.09,1.26,1.34,1.35,1.3,1.22,1.14,1.07,1.02,0.99,1.0,1.0,0.97,0.89,0.79,0.71,0.62,0.54,0.44,0.3,0.13,-0.06,-0.26,-0.49,-0.74,-1.0,-1.24,-1.46,-1.65,-1.81,-1.91,-1.97,-2.05,-2.12,-2.1,-2.07,-2.05,-1.98,-1.88,-1.77,-1.64,-1.52,-1.4,-1.32,-1.26,-1.18,-1.1,-1.01,-0.91,-0.81,-0.72,-0.65,-0.57,-0.47,-0.37,-0.26,-0.17,-0.06,0.06,0.18,0.31,0.44,0.59,0.75,0.91,1.07,1.24,1.41,1.57,1.72,1.84,1.92,1.99,2.01,2.02,2.03,2.04,2.04,2.05,2.05,2.08,2.07
0.7,0.87,0.97,0.99,0.96,0.9,0.83,0.75,0.68,0.62,0.59,0.58,0.55,0.51,0.44,0.37,0.31,0.25,0.19,0.12,0.03,-0.09,-0.26,-0.48,-0.72,-0.97,-1.21,-1.43,-1.63,-1.78,-1.92,-2.0,-2.02,-2.06,-2.11,-2.1,-2.02,-1.93,-1.83,-1.77,-1.7,-1.6,-1.5,-1.37,-1.23,-1.1,-0.94,-0.79,-0.69,-0.62,-0.54,-0.48,-0.45,-0.41,-0.37,-0.33,-0.32,-0.28,-0.23,-0.19,-0.12,-0.03,0.09,0.24,0.43,0.63,0.86,1.08,1.3,1.5,1.66,1.79,1.88,1.93,1.95,1.94,1.91,1.89,1.88,1.89,1.89,1.84
0.36,0.48,0.53,0.54,0.53,0.54,0.54,0.52,0.48,0.42,0.36,0.3,0.24,0.16,0.06,-0.05,-0.17,-0.26,-0.31,-0.34,-0.38,-0.44,-0.55,-0.69,-0.86,-1.04,-1.24,-1.4,-1.59,-1.76,-1.85,-1.96,-2.05,-2.13,-2.17,-2.18,-2.11,-2.04,-2.0,-1.86,-1.68,-1.53,-1.37,-1.2,-1.03,-0.86,-0.72,-0.59,-0.52,-0.46,-0.43,-0.39,-0.36,-0.32,-0.32,-0.33,-0.35,-0.4,-0.45,-0.49,-0.5,-0.47,-0.38,-0.23,-0.02,0.22,0.46,0.69,0.91,1.13,1.33,1.5,1.65,1.76,1.83,1.86,1.87,1.86,1.8,1.82,1.82,1.74
0.0,0.04,0.07,0.1,0.15,0.23,0.3,0.32,0.3,0.21,0.08,-0.08,-0.24,-0.34,-0.43,-0.49,-0.57,-0.66,-0.76,-0.85,-0.93,-0.98,-1.01,-1.04,-1.1,-1.18,-1.26,-1.35,-1.45,-1.61,-1.76,-1.93,-2.12,-2.22,-2.25,-2.2,-2.14,-2.04,-1.91,-1.76,-1.6,-1.44,-1.26,-1.11,-0.95,-0.8,-0.68,-0.56,-0.44,-0.35,-0.25,-0.19,-0.14,-0.1,-0.07,-0.09,-0.14,-0.24,-0.37,-0.5,-0.59,-0.63,-0.59,-0.5,-0.38,-0.23,-0.06,0.13,0.35,0.58,0.81,1.02,1.21,1.38,1.52,1.64,1.75,1.81,1.8,1.89,1.86,1.77
-0.34,-0.34,-0.29,-0.21,-0.09,0.03,0.14,0.16,0.13,0.04,-0.12,-0.31,-0.49,-0.66,-0.8,-0.91,-1.01,-1.12,-1.24,-1.33,-1.4,-1.45,-1.48,-1.5,-1.52,-1.54,-1.58,-1.61,-1.64,-1.68,-1.8,-1.98,-2.07,-2.12,-2.14,-2.12,-2.04,-1.94,-1.84,-1.68,-1.51,-1.35,-1.2,-1.05,-0.93,-0.8,-0.65,-0.5,-0.35,-0.2,-0.08,0.05,0.14,0.25,0.32,0.31,0.24,0.12,-0.06,-0.27,-0.47,-0.61,-0.68,-0.69,-0.63,-0.54,-0.41,-0.24,-0.06,0.13,0.32,0.5,0.67,0.85,1.01,1.17,1.32,1.49,1.68,1.79,1.82,1.82
-0.39,-0.38,-0.32,-0.23,-0.12,-0.02,0.04,0.05,0.03,-0.02,-0.11,-0.26,-0.42,-0.61,-0.82,-1.08,-1.33,-1.55,-1.72,-1.86,-1.96,-2.01,-2.05,-2.05,-2.05,-2.01,-1.96,-1.92,-1.9,-1.86,-1.9,-1.91,-1.95,-1.96,-1.95,-1.91,-1.85,-1.79,-1.72,-1.58,-1.44,-1.34,-1.24,-1.13,-0.99,-0.81,-0.61,-0.42,-0.22,-0.05,0.09,0.24,0.39,0.48,0.55,0.59,0.57,0.47,0.31,0.11,-0.11,-0.32,-0.47,-0.55,-0.55,-0.49,-0.38,-0.26,-0.14,-0.04,0.05,0.12,0.21,0.31,0.43,0.61,0.82,0.96,1.17,1.35,1.5,1.59
