wind-weather/data/weather/current/current-wind-isobaric-10hPa-gfs-1.0.json
{"header": {"discipline":0,"disciplineName":"Meteorologicalproducts","gribEdition":2,"gribLength":39460,"center":7,"centerName":"USNationalWeatherService-NCEP(WMC)","subcenter":0,"refTime":"2015-05-15T06:00:00.000Z","significanceOfRT":0,"significanceOfRTName":"Analysis","productStatus":0,"productStatusName":"Operationalproducts","productType":0,"productTypeName":"Analysisproducts","productDefinitionTemplate":0,"productDefinitionTemplateName":"Analysis/forecastathorizontallevel/layeratapointintime","parameterCategory":2,"parameterCategoryName":"Momentum","parameterNumber":3,"parameterNumberName":"V-component_of_wind","parameterUnit":"m.s-1","genProcessType":0,"genProcessTypeName":"Analysis","forecastTime":0,"surface1Type":100,"surface1TypeName":"Isobaricsurface","surface1Value":1000.0,"surface2Type":255,"surface2TypeName":"Missing","surface2Value":0.0,"gridDefinitionTemplate":0,"gridDefinitionTemplateName":"Latitude_Longitude","numberPoints":65160,"shape":6,"shapeName":"Earthsphericalwithradiusof6,371,229.0m","gridUnits":"degrees","resolution":48,"winds":"true","scanMode":0,"nx":360,"ny":181,"basicAngle":0,"subDivisions":0,"lo1":0.0,"la1":90.0,"lo2":359.0,"la2":-90.0,"dx":1.0,"dy":1.0}, "data":
[rows 111 to 147 of 181, columns 82 to 163 of 360]
2.31,2.44,2.44,2.51,2.73,3.01,3.25,3.51,3.85,4.17,4.32,4.45,4.54,4.54,4.48,4.38,4.24,4.08,3.94,3.81,3.72,3.67,3.69,3.79,3.86,3.87,3.84,3.74,3.56,3.3,2.99,2.65,2.32,2.04,1.84,1.7,1.62,1.59,1.63,1.72,1.84,1.94,2.02,2.09,2.14,2.16,2.16,2.13,2.07,1.98,1.87,1.79,1.72,1.66,1.61,1.59,1.64,1.76,1.93,2.09,2.22,2.33,2.39,2.37,2.24,2.02,1.78,1.59,1.48,1.49,1.5,1.52,1.52,1.45,1.39,1.32,1.19,0.98,0.7,0.39,0.08,-0.2
2.27,2.33,2.44,2.59,2.73,2.97,3.25,3.45,3.66,3.92,4.1,4.13,4.11,4.14,4.14,4.08,3.95,3.79,3.61,3.45,3.32,3.26,3.27,3.31,3.33,3.28,3.18,3.04,2.85,2.62,2.35,2.08,1.84,1.67,1.56,1.52,1.49,1.52,1.59,1.69,1.8,1.9,1.99,2.05,2.09,2.1,2.08,2.03,1.93,1.8,1.68,1.57,1.47,1.35,1.27,1.27,1.36,1.55,1.82,2.09,2.3,2.45,2.51,2.48,2.34,2.1,1.85,1.65,1.51,1.43,1.38,1.3,1.17,1.01,0.87,0.72,0.53,0.28,0.03,-0.22,-0.46,-0.71
2.33,2.34,2.41,2.48,2.61,2.8,2.98,3.21,3.4,3.58,3.74,3.82,3.82,3.79,3.73,3.66,3.56,3.41,3.25,3.1,3.0,2.93,2.89,2.83,2.75,2.63,2.49,2.34,2.17,1.98,1.79,1.6,1.48,1.43,1.42,1.48,1.53,1.6,1.67,1.77,1.87,1.98,2.07,2.14,2.15,2.13,2.08,1.98,1.82,1.62,1.44,1.29,1.16,1.03,0.94,0.94,1.06,1.31,1.65,2.0,2.29,2.47,2.55,2.53,2.42,2.2,1.94,1.72,1.56,1.39,1.19,0.99,0.79,0.59,0.36,0.13,-0.09,-0.34,-0.59,-0.79,-0.99,-1.17
2.29,2.31,2.33,2.43,2.49,2.63,2.82,2.96,3.14,3.32,3.46,3.52,3.51,3.5,3.47,3.38,3.23,3.05,2.87,2.74,2.65,2.58,2.52,2.44,2.31,2.14,1.94,1.76,1.59,1.43,1.3,1.22,1.21,1.26,1.36,1.49,1.61,1.72,1.84,1.94,2.03,2.14,2.25,2.33,2.34,2.29,2.18,2.01,1.8,1.52,1.24,1.02,0.83,0.68,0.6,0.61,0.76,1.05,1.45,1.84,2.15,2.34,2.44,2.46,2.39,2.24,2.02,1.77,1.56,1.31,1.04,0.74,0.45,0.19,-0.04,-0.26,-0.51,-0.72,-0.91,-1.1,-1.26,-1.44
1.97,2.03,2.07,2.12,2.24,2.37,2.51,2.7,2.86,3.02,3.14,3.23,3.25,3.19,3.1,3.01,2.91,2.75,2.53,2.37,2.29,2.25,2.18,2.08,1.96,1.8,1.59,1.37,1.18,1.03,0.94,0.93,0.99,1.13,1.29,1.47,1.66,1.83,1.99,2.12,2.24,2.39,2.53,2.62,2.64,2.56,2.39,2.15,1.84,1.53,1.22,0.9,0.61,0.41,0.32,0.34,0.5,0.8,1.19,1.58,1.91,2.13,2.25,2.29,2.27,2.18,2.02,1.81,1.53,1.22,0.91,0.56,0.23,-0.06,-0.31,-0.49,-0.64,-0.8,-0.94,-1.07,-1.23,-1.43
1.54,1.65,1.71,1.72,1.75,1.83,1.99,2.22,2.43,2.58,2.68,2.76,2.8,2.81,2.77,2.65,2.53,2.43,2.25,2.04,1.89,1.84,1.82,1.78,1.71,1.59,1.39,1.14,0.93,0.79,0.72,0.72,0.8,0.96,1.16,1.39,1.63,1.87,2.09,2.29,2.47,2.66,2.82,2.93,2.95,2.87,2.68,2.38,1.99,1.7,1.35,0.97,0.62,0.34,0.19,0.19,0.32,0.57,0.89,1.23,1.55,1.8,1.96,2.05,2.08,2.05,1.93,1.73,1.45,1.11,0.78,0.42,0.12,-0.15,-0.37,-0.51,-0.6,-0.68,-0.77,-0.9,-1.07,-1.26
1.01,1.12,1.19,1.23,1.27,1.34,1.49,1.65,1.82,1.99,2.13,2.23,2.3,2.32,2.29,2.22,2.1,1.97,1.86,1.75,1.62,1.52,1.48,1.49,1.48,1.43,1.31,1.1,0.87,0.72,0.63,0.58,0.6,0.73,0.94,1.21,1.51,1.81,2.1,2.39,2.65,2.87,3.07,3.21,3.26,3.2,3.02,2.73,2.36,1.96,1.58,1.19,0.8,0.46,0.25,0.18,0.25,0.4,0.61,0.86,1.13,1.38,1.57,1.71,1.78,1.77,1.69,1.52,1.29,1.02,0.73,0.42,0.11,-0.13,-0.31,-0.43,-0.5,-0.55,-0.6,-0.68,-0.83,-1.03
0.49,0.58,0.69,0.78,0.86,0.92,0.99,1.1,1.22,1.33,1.44,1.56,1.68,1.75,1.76,1.71,1.61,1.49,1.4,1.37,1.33,1.25,1.25,1.24,1.23,1.2,1.16,1.08,0.91,0.75,0.63,0.53,0.46,0.51,0.69,0.96,1.29,1.63,2.0,2.36,2.69,2.98,3.23,3.43,3.55,3.54,3.41,3.17,2.83,2.42,1.97,1.51,1.07,0.69,0.42,0.26,0.23,0.29,0.41,0.57,0.77,0.99,1.17,1.3,1.36,1.36,1.3,1.19,1.04,0.86,0.67,0.43,0.18,-0.03,-0.18,-0.28,-0.36,-0.42,-0.49,-0.58,-0.71,-0.88
-0.01,0.09,0.19,0.29,0.36,0.42,0.47,0.54,0.62,0.73,0.85,0.97,1.07,1.17,1.24,1.24,1.2,1.16,1.08,1.01,1.0,1.01,0.97,1.03,1.07,1.02,0.97,0.92,0.84,0.71,0.59,0.5,0.42,0.39,0.47,0.69,0.98,1.34,1.75,2.18,2.6,2.96,3.27,3.54,3.73,3.83,3.81,3.63,3.34,2.96,2.5,1.98,1.45,0.98,0.63,0.39,0.26,0.22,0.24,0.33,0.48,0.66,0.79,0.86,0.88,0.85,0.81,0.76,0.7,0.62,0.49,0.37,0.22,0.07,-0.02,-0.09,-0.16,-0.25,-0.36,-0.49,-0.62,-0.79
-0.48,-0.39,-0.31,-0.24,-0.16,-0.1,-0.05,0.01,0.09,0.17,0.29,0.43,0.55,0.64,0.73,0.8,0.82,0.83,0.85,0.85,0.81,0.82,0.84,0.8,0.84,0.87,0.78,0.75,0.7,0.57,0.46,0.39,0.33,0.28,0.3,0.43,0.68,1.02,1.44,1.89,2.36,2.8,3.17,3.49,3.73,3.92,4.04,4.01,3.81,3.49,3.05,2.54,1.96,1.37,0.88,0.51,0.26,0.11,0.05,0.09,0.2,0.31,0.38,0.41,0.41,0.39,0.38,0.39,0.39,0.4,0.4,0.37,0.34,0.28,0.22,0.15,0.07,-0.04,-0.17,-0.32,-0.48,-0.69
-0.89,-0.83,-0.75,-0.68,-0.61,-0.54,-0.49,-0.45,-0.41,-0.35,-0.26,-0.14,-0.01,0.13,0.25,0.4,0.55,0.59,0.57,0.61,0.63,0.62,0.65,0.71,0.66,0.64,0.55,0.34,0.32,0.31,0.24,0.15,0.1,0.07,0.1,0.19,0.37,0.68,1.1,1.55,2.01,2.47,2.9,3.25,3.53,3.78,4.02,4.15,4.11,3.92,3.58,3.09,2.5,1.84,1.18,0.62,0.22,-0.09,-0.23,-0.24,-0.16,-0.07,-0.02,0.01,0.05,0.1,0.14,0.2,0.27,0.39,0.49,0.53,0.55,0.53,0.46,0.37,0.27,0.17,0.04,-0.12,-0.35,-0.63
-1.12,-1.14,-1.12,-1.06,-0.99,-0.94,-0.9,-0.9,-0.91,-0.89,-0.83,-0.73,-0.58,-0.42,-0.27,-0.14,0.01,0.19,0.31,0.35,0.38,0.41,0.38,0.4,0.41,0.3,0.22,0.05,-0.18,-0.23,-0.2,-0.21,-0.25,-0.27,-0.24,-0.13,0.06,0.34,0.73,1.16,1.58,2.0,2.43,2.81,3.14,3.45,3.75,4.04,4.18,4.14,3.95,3.6,3.06,2.34,1.56,0.82,0.21,-0.25,-0.52,-0.61,-0.53,-0.42,-0.33,-0.23,-0.12,-0.01,0.1,0.22,0.34,0.47,0.62,0.7,0.7,0.65,0.57,0.5,0.46,0.41,0.29,0.08,-0.23,-0.59
-1.13,-1.23,-1.31,-1.36,-1.39,-1.35,-1.33,-1.34,-1.4,-1.43,-1.4,-1.29,-1.13,-0.94,-0.78,-0.68,-0.6,-0.5,-0.39,-0.23,-0.09,-0.05,-0.02,0.0,0.01,-0.08,-0.27,-0.39,-0.52,-0.64,-0.72,-0.72,-0.72,-0.69,-0.65,-0.54,-0.33,-0.04,0.29,0.68,1.07,1.44,1.83,2.22,2.59,2.95,3.3,3.68,4.01,4.16,4.1,3.86,3.48,2.85,2.02,1.17,0.39,-0.28,-0.72,-0.89,-0.83,-0.69,-0.52,-0.34,-0.17,0.02,0.22,0.38,0.53,0.68,0.81,0.82,0.75,0.66,0.6,0.59,0.55,0.46,0.29,-0.02,-0.46,-0.94
-1.11,-1.21,-1.35,-1.51,-1.63,-1.7,-1.74,-1.78,-1.84,-1.9,-1.93,-1.88,-1.77,-1.62,-1.48,-1.36,-1.26,-1.18,-1.12,-0.99,-0.84,-0.74,-0.69,-0.65,-0.65,-0.63,-0.72,-0.88,-1.02,-1.16,-1.17,-1.19,-1.18,-1.15,-1.11,-1.03,-0.85,-0.59,-0.26,0.09,0.45,0.81,1.17,1.54,1.92,2.34,2.76,3.2,3.59,3.89,4.02,3.92,3.63,3.19,2.52,1.64,0.72,-0.09,-0.69,-0.99,-1.0,-0.85,-0.63,-0.39,-0.15,0.09,0.38,0.62,0.8,0.97,1.01,0.9,0.76,0.66,0.6,0.55,0.41,0.17,-0.21,-0.69,-1.17,-1.58
-1.23,-1.23,-1.33,-1.52,-1.74,-1.93,-2.07,-2.16,-2.22,-2.27,-2.31,-2.34,-2.34,-2.3,-2.23,-2.12,-1.95,-1.84,-1.82,-1.81,-1.73,-1.62,-1.55,-1.47,-1.45,-1.45,-1.35,-1.31,-1.34,-1.53,-1.66,-1.63,-1.61,-1.58,-1.56,-1.54,-1.46,-1.27,-0.98,-0.63,-0.27,0.1,0.45,0.83,1.24,1.69,2.18,2.66,3.06,3.37,3.59,3.68,3.55,3.22,2.75,2.09,1.21,0.29,-0.41,-0.83,-0.98,-0.93,-0.73,-0.45,-0.17,0.14,0.48,0.81,1.06,1.23,1.22,1.02,0.84,0.69,0.55,0.33,-0.02,-0.51,-1.03,-1.46,-1.77,-1.96
-1.42,-1.33,-1.33,-1.45,-1.65,-1.91,-2.16,-2.37,-2.51,-2.6,-2.67,-2.75,-2.81,-2.86,-2.86,-2.78,-2.65,-2.54,-2.56,-2.64,-2.65,-2.58,-2.5,-2.46,-2.39,-2.27,-2.14,-2.02,-1.88,-1.78,-1.99,-2.13,-2.12,-2.07,-2.08,-2.11,-2.09,-1.96,-1.73,-1.42,-1.06,-0.7,-0.33,0.07,0.51,1.0,1.54,2.03,2.46,2.78,2.98,3.08,3.11,3.0,2.68,2.21,1.62,0.87,0.1,-0.45,-0.73,-0.8,-0.7,-0.48,-0.21,0.11,0.5,0.88,1.19,1.41,1.46,1.25,0.98,0.73,0.42,-0.02,-0.6,-1.19,-1.63,-1.87,-1.97,-1.96
-1.64,-1.5,-1.39,-1.38,-1.48,-1.69,-1.96,-2.25,-2.5,-2.7,-2.86,-3.02,-3.17,-3.33,-3.46,-3.52,-3.47,-3.32,-3.21,-3.28,-3.4,-3.49,-3.53,-3.5,-3.42,-3.25,-3.07,-2.92,-2.79,-2.62,-2.54,-2.65,-2.72,-2.71,-2.71,-2.72,-2.69,-2.58,-2.4,-2.17,-1.88,-1.55,-1.17,-0.75,-0.3,0.22,0.76,1.29,1.73,2.06,2.3,2.44,2.47,2.45,2.36,2.12,1.72,1.24,0.71,0.2,-0.2,-0.42,-0.46,-0.34,-0.18,0.02,0.4,0.84,1.2,1.47,1.62,1.46,1.13,0.79,0.31,-0.32,-1.0,-1.56,-1.88,-2.0,-1.96,-1.8
-1.77,-1.64,-1.51,-1.43,-1.43,-1.52,-1.71,-1.98,-2.25,-2.5,-2.74,-2.95,-3.18,-3.45,-3.76,-4.04,-4.18,-4.13,-3.96,-3.87,-4.04,-4.35,-4.58,-4.57,-4.5,-4.41,-4.25,-4.05,-3.87,-3.69,-3.52,-3.51,-3.56,-3.53,-3.46,-3.4,-3.32,-3.21,-3.07,-2.88,-2.66,-2.38,-2.04,-1.64,-1.19,-0.69,-0.16,0.36,0.83,1.2,1.48,1.7,1.8,1.83,1.77,1.67,1.51,1.28,1.01,0.75,0.52,0.3,0.12,0.04,0.04,0.17,0.38,0.66,0.99,1.31,1.56,1.54,1.21,0.83,0.3,-0.4,-1.09,-1.59,-1.86,-1.96,-1.86,-1.58
-1.82,-1.75,-1.65,-1.56,-1.51,-1.51,-1.6,-1.75,-1.97,-2.21,-2.45,-2.69,-2.96,-3.28,-3.65,-4.02,-4.33,-4.52,-4.54,-4.49,-4.59,-4.93,-5.33,-5.54,-5.49,-5.49,-5.49,-5.31,-5.08,-4.9,-4.68,-4.5,-4.43,-4.45,-4.44,-4.36,-4.22,-4.04,-3.86,-3.69,-3.48,-3.23,-2.93,-2.58,-2.17,-1.69,-1.17,-0.67,-0.21,0.18,0.5,0.76,0.96,1.08,1.1,1.04,0.98,0.92,0.87,0.83,0.79,0.76,0.72,0.67,0.62,0.59,0.61,0.68,0.83,1.05,1.29,1.44,1.27,0.88,0.4,-0.24,-0.88,-1.34,-1.62,-1.75,-1.64,-1.33
-1.85,-1.84,-1.8,-1.75,-1.71,-1.68,-1.68,-1.73,-1.83,-1.98,-2.19,-2.42,-2.69,-3.02,-3.39,-3.75,-4.1,-4.37,-4.53,-4.68,-4.86,-5.15,-5.62,-6.18,-6.49,-6.47,-6.44,-6.43,-6.34,-6.16,-5.96,-5.76,-5.58,-5.45,-5.41,-5.39,-5.28,-5.08,-4.85,-4.63,-4.42,-4.19,-3.92,-3.59,-3.19,-2.74,-2.25,-1.77,-1.3,-0.91,-0.59,-0.32,-0.09,0.08,0.18,0.25,0.31,0.35,0.39,0.46,0.53,0.61,0.72,0.86,0.99,1.11,1.16,1.14,1.07,1.03,1.07,1.18,1.22,1.0,0.58,0.09,-0.45,-0.9,-1.17,-1.3,-1.26,-1.03
-1.79,-1.87,-1.91,-1.93,-1.95,-1.96,-1.95,-1.95,-1.96,-2.01,-2.13,-2.29,-2.5,-2.76,-3.07,-3.42,-3.78,-4.11,-4.35,-4.5,-4.67,-4.91,-5.31,-5.89,-6.53,-6.93,-7.07,-7.17,-7.31,-7.35,-7.24,-7.04,-6.88,-6.7,-6.56,-6.44,-6.3,-6.09,-5.84,-5.61,-5.39,-5.18,-4.94,-4.62,-4.24,-3.81,-3.37,-2.93,-2.49,-2.08,-1.73,-1.46,-1.25,-1.08,-0.92,-0.76,-0.61,-0.47,-0.32,-0.16,-0.01,0.14,0.31,0.51,0.72,0.94,1.17,1.35,1.4,1.35,1.25,1.15,1.09,1.01,0.8,0.45,0.05,-0.32,-0.6,-0.72,-0.72,-0.61
-1.68,-1.84,-1.97,-2.08,-2.16,-2.22,-2.26,-2.27,-2.25,-2.25,-2.28,-2.36,-2.49,-2.66,-2.89,-3.2,-3.58,-3.95,-4.25,-4.45,-4.56,-4.66,-4.91,-5.34,-5.96,-6.59,-6.99,-7.25,-7.54,-7.88,-8.13,-8.17,-8.04,-7.94,-7.8,-7.6,-7.42,-7.22,-6.96,-6.64,-6.36,-6.14,-5.93,-5.65,-5.3,-4.9,-4.49,-4.09,-3.69,-3.3,-2.95,-2.67,-2.45,-2.28,-2.1,-1.89,-1.68,-1.46,-1.24,-1.02,-0.8,-0.58,-0.36,-0.12,0.13,0.37,0.61,0.84,1.02,1.16,1.27,1.34,1.31,1.18,0.97,0.73,0.47,0.22,0.01,-0.13,-0.19,-0.17
-1.52,-1.77,-1.98,-2.15,-2.31,-2.43,-2.52,-2.56,-2.56,-2.53,-2.51,-2.52,-2.58,-2.67,-2.82,-3.1,-3.49,-3.92,-4.3,-4.57,-4.71,-4.75,-4.78,-4.95,-5.35,-5.95,-6.52,-6.91,-7.2,-7.53,-7.91,-8.3,-8.6,-8.78,-8.89,-8.84,-8.65,-8.38,-8.07,-7.75,-7.42,-7.15,-6.92,-6.69,-6.41,-6.06,-5.68,-5.29,-4.9,-4.53,-4.18,-3.88,-3.64,-3.44,-3.26,-3.07,-2.85,-2.59,-2.3,-2.01,-1.73,-1.46,-1.21,-0.98,-0.73,-0.48,-0.19,0.08,0.33,0.55,0.76,0.94,1.08,1.15,1.1,0.98,0.81,0.62,0.48,0.39,0.32,0.28
-1.34,-1.65,-1.92,-2.14,-2.34,-2.5,-2.63,-2.72,-2.76,-2.76,-2.73,-2.7,-2.71,-2.76,-2.88,-3.1,-3.46,-3.89,-4.3,-4.65,-4.9,-5.03,-5.02,-4.99,-5.11,-5.42,-5.94,-6.44,-6.8,-7.07,-7.36,-7.71,-8.13,-8.59,-8.99,-9.31,-9.48,-9.42,-9.17,-8.87,-8.58,-8.28,-7.99,-7.74,-7.51,-7.26,-6.94,-6.57,-6.17,-5.76,-5.4,-5.07,-4.79,-4.55,-4.35,-4.17,-3.98,-3.74,-3.43,-3.08,-2.74,-2.42,-2.14,-1.9,-1.66,-1.4,-1.14,-0.85,-0.55,-0.25,0.03,0.28,0.49,0.6,0.62,0.6,0.56,0.55,0.58,0.64,0.68,0.71
-1.25,-1.56,-1.86,-2.1,-2.31,-2.48,-2.62,-2.73,-2.8,-2.83,-2.84,-2.83,-2.84,-2.89,-3.0,-3.19,-3.47,-3.83,-4.23,-4.59,-4.89,-5.14,-5.31,-5.33,-5.3,-5.39,-5.63,-6.01,-6.43,-6.8,-7.11,-7.42,-7.73,-8.06,-8.43,-8.83,-9.26,-9.63,-9.86,-9.84,-9.7,-9.51,-9.26,-8.98,-8.7,-8.45,-8.17,-7.85,-7.48,-7.06,-6.62,-6.24,-5.91,-5.63,-5.39,-5.18,-4.99,-4.79,-4.53,-4.21,-3.86,-3.51,-3.19,-2.9,-2.62,-2.36,-2.09,-1.81,-1.5,-1.19,-0.89,-0.63,-0.4,-0.22,-0.11,-0.07,-0.07,-0.1,-0.08,0.02,0.23,0.49
-1.22,-1.56,-1.85,-2.1,-2.3,-2.47,-2.62,-2.73,-2.82,-2.87,-2.9,-2.92,-2.95,-3.0,-3.08,-3.2,-3.38,-3.64,-3.97,-4.33,-4.68,-4.97,-5.21,-5.38,-5.43,-5.47,-5.63,-5.88,-6.21,-6.59,-6.95,-7.27,-7.58,-7.84,-8.12,-8.45,-8.81,-9.23,-9.65,-9.99,-10.14,-10.18,-10.11,-9.97,-9.78,-9.58,-9.37,-9.09,-8.74,-8.34,-7.9,-7.47,-7.1,-6.78,-6.5,-6.25,-6.01,-5.79,-5.56,-5.3,-5.0,-4.68,-4.35,-4.03,-3.71,-3.38,-3.05,-2.73,-2.41,-2.1,-1.83,-1.6,-1.4,-1.21,-1.04,-0.93,-0.9,-0.89,-0.87,-0.82,-0.7,-0.46
-1.08,-1.5,-1.84,-2.11,-2.34,-2.53,-2.69,-2.83,-2.93,-2.99,-3.04,-3.08,-3.13,-3.19,-3.27,-3.36,-3.46,-3.6,-3.8,-4.07,-4.35,-4.62,-4.85,-5.03,-5.18,-5.28,-5.38,-5.62,-5.98,-6.41,-6.83,-7.18,-7.47,-7.76,-8.05,-8.36,-8.72,-9.08,-9.44,-9.79,-10.05,-10.21,-10.28,-10.29,-10.23,-10.14,-10.04,-9.92,-9.75,-9.5,-9.16,-8.78,-8.41,-8.06,-7.73,-7.41,-7.11,-6.82,-6.55,-6.29,-6.01,-5.73,-5.45,-5.16,-4.86,-4.54,-4.18,-3.78,-3.37,-3.0,-2.68,-2.44,-2.27,-2.14,-2.02,-1.91,-1.86,-1.86,-1.86,-1.81,-1.72,-1.55
-0.76,-1.23,-1.68,-2.05,-2.35,-2.59,-2.78,-2.95,-3.09,-3.2,-3.29,-3.35,-3.4,-3.45,-3.51,-3.58,-3.66,-3.75,-3.85,-3.98,-4.16,-4.35,-4.51,-4.63,-4.76,-4.89,-5.04,-5.22,-5.49,-5.88,-6.36,-6.84,-7.28,-7.67,-8.02,-8.36,-8.71,-9.05,-9.4,-9.74,-10.03,-10.23,-10.34,-10.39,-10.4,-10.38,-10.32,-10.24,-10.15,-10.06,-9.94,-9.74,-9.43,-9.07,-8.72,-8.37,-8.06,-7.77,-7.48,-7.19,-6.89,-6.57,-6.28,-6.01,-5.78,-5.56,-5.29,-4.92,-4.48,-4.02,-3.6,-3.26,-3.04,-2.9,-2.85,-2.86,-2.85,-2.85,-2.9,-2.97,-2.98,-2.89
-0.44,-0.83,-1.31,-1.78,-2.18,-2.49,-2.73,-2.94,-3.14,-3.34,-3.52,-3.65,-3.73,-3.77,-3.78,-3.81,-3.87,-3.97,-4.05,-4.12,-4.17,-4.23,-4.29,-4.35,-4.41,-4.5,-4.65,-4.86,-5.14,-5.48,-5.91,-6.4,-6.93,-7.44,-7.89,-8.27,-8.6,-8.93,-9.27,-9.59,-9.85,-10.04,-10.18,-10.27,-10.34,-10.4,-10.45,-10.46,-10.41,-10.33,-10.22,-10.08,-9.85,-9.52,-9.14,-8.81,-8.53,-8.28,-8.05,-7.82,-7.55,-7.21,-6.84,-6.49,-6.21,-6.02,-5.86,-5.66,-5.38,-5.02,-4.59,-4.17,-3.83,-3.62,-3.58,-3.67,-3.72,-3.71,-3.72,-3.84,-4.04,-4.21
-0.29,-0.55,-0.93,-1.39,-1.84,-2.22,-2.51,-2.75,-2.97,-3.22,-3.47,-3.71,-3.89,-4.0,-4.04,-4.05,-4.07,-4.12,-4.21,-4.29,-4.35,-4.36,-4.32,-4.28,-4.25,-4.25,-4.31,-4.45,-4.69,-5.05,-5.5,-5.99,-6.53,-7.08,-7.6,-8.04,-8.4,-8.69,-8.95,-9.21,-9.47,-9.71,-9.91,-10.07,-10.21,-10.34,-10.46,-10.53,-10.52,-10.43,-10.3,-10.16,-9.97,-9.72,-9.41,-9.08,-8.77,-8.48,-8.22,-8.0,-7.79,-7.5,-7.12,-6.68,-6.27,-5.97,-5.8,-5.72,-5.65,-5.52,-5.29,-4.97,-4.64,-4.4,-4.36,-4.45,-4.48,-4.45,-4.43,-4.46,-4.61,-4.87
-0.32,-0.44,-0.66,-1.0,-1.4,-1.8,-2.13,-2.4,-2.61,-2.83,-3.08,-3.36,-3.64,-3.89,-4.09,-4.22,-4.28,-4.3,-4.34,-4.4,-4.45,-4.49,-4.51,-4.47,-4.39,-4.32,-4.29,-4.31,-4.43,-4.66,-5.02,-5.47,-5.98,-6.53,-7.07,-7.55,-7.95,-8.27,-8.53,-8.78,-9.04,-9.34,-9.65,-9.95,-10.22,-10.43,-10.54,-10.56,-10.52,-10.4,-10.24,-10.09,-9.93,-9.75,-9.52,-9.25,-8.94,-8.59,-8.24,-7.93,-7.65,-7.35,-6.99,-6.56,-6.1,-5.72,-5.49,-5.44,-5.49,-5.54,-5.53,-5.43,-5.26,-5.13,-5.14,-5.21,-5.21,-5.18,-5.14,-5.11,-5.14,-5.26
-0.51,-0.51,-0.55,-0.68,-0.91,-1.24,-1.59,-1.9,-2.15,-2.36,-2.57,-2.81,-3.1,-3.43,-3.78,-4.09,-4.33,-4.47,-4.53,-4.55,-4.58,-4.6,-4.6,-4.62,-4.63,-4.62,-4.6,-4.57,-4.57,-4.64,-4.82,-5.12,-5.52,-5.98,-6.48,-6.96,-7.39,-7.76,-8.07,-8.37,-8.67,-9.01,-9.39,-9.77,-10.12,-10.39,-10.54,-10.59,-10.57,-10.49,-10.36,-10.17,-9.95,-9.73,-9.49,-9.22,-8.89,-8.52,-8.12,-7.72,-7.35,-6.99,-6.62,-6.23,-5.82,-5.45,-5.22,-5.14,-5.21,-5.35,-5.49,-5.57,-5.59,-5.64,-5.75,-5.81,-5.82,-5.82,-5.81,-5.8,-5.78,-5.82
-0.85,-0.76,-0.65,-0.57,-0.56,-0.67,-0.91,-1.23,-1.55,-1.84,-2.08,-2.3,-2.52,-2.79,-3.14,-3.55,-3.98,-4.35,-4.62,-4.76,-4.81,-4.81,-4.82,-4.83,-4.87,-4.91,-4.95,-4.98,-4.97,-4.97,-5.0,-5.12,-5.32,-5.61,-5.97,-6.4,-6.86,-7.3,-7.7,-8.06,-8.39,-8.73,-9.11,-9.47,-9.8,-10.07,-10.29,-10.46,-10.54,-10.53,-10.4,-10.18,-9.92,-9.68,-9.44,-9.18,-8.86,-8.51,-8.13,-7.73,-7.33,-6.93,-6.54,-6.15,-5.77,-5.43,-5.19,-5.06,-5.04,-5.13,-5.3,-5.49,-5.67,-5.88,-6.07,-6.14,-6.16,-6.21,-6.28,-6.34,-6.39,-6.43
-1.2,-1.05,-0.82,-0.57,-0.38,-0.32,-0.4,-0.61,-0.91,-1.25,-1.58,-1.85,-2.08,-2.3,-2.57,-2.91,-3.33,-3.8,-4.25,-4.62,-4.88,-5.03,-5.13,-5.19,-5.22,-5.24,-5.26,-5.3,-5.36,-5.41,-5.44,-5.45,-5.48,-5.55,-5.7,-5.95,-6.32,-6.77,-7.25,-7.71,-8.13,-8.51,-8.85,-9.15,-9.43,-9.72,-10.02,-10.28,-10.43,-10.43,-10.31,-10.1,-9.85,-9.56,-9.25,-8.98,-8.76,-8.58,-8.37,-8.11,-7.77,-7.38,-6.99,-6.63,-6.27,-5.94,-5.64,-5.41,-5.24,-5.16,-5.22,-5.4,-5.68,-5.99,-6.22,-6.31,-6.35,-6.41,-6.51,-6.63,-6.75,-6.85
-1.36,-1.17,-0.89,-0.6,-0.37,-0.23,-0.22,-0.32,-0.53,-0.81,-1.11,-1.43,-1.74,-2.02,-2.31,-2.6,-2.89,-3.21,-3.6,-4.05,-4.51,-4.92,-5.27,-5.51,-5.64,-5.66,-5.63,-5.62,-5.66,-5.74,-5.83,-5.88,-5.89,-5.87,-5.85,-5.88,-6.02,-6.28,-6.67,-7.13,-7.63,-8.09,-8.47,-8.78,-9.06,-9.35,-9.64,-9.88,-10.04,-10.1,-10.08,-9.96,-9.73,-9.43,-9.17,-9.02,-8.99,-8.98,-8.87,-8.6,-8.23,-7.83,-7.47,-7.16,-6.87,-6.56,-6.24,-5.93,-5.67,-5.48,-5.41,-5.49,-5.73,-6.05,-6.33,-6.49,-6.58,-6.64,-6.72,-6.83,-6.96,-7.08
-1.3,-1.1,-0.89,-0.69,-0.51,-0.37,-0.29,-0.3,-0.4,-0.58,-0.82,-1.11,-1.47,-1.86,-2.23,-2.54,-2.79,-3.0,-3.25,-3.58,-4.02,-4.53,-5.03,-5.47,-5.82,-6.04,-6.09,-6.05,-6.02,-6.04,-6.11,-6.19,-6.26,-6.3,-6.29,-6.27,-6.26,-6.31,-6.46,-6.72,-7.09,-7.51,-7.93,-8.32,-8.67,-8.97,-9.22,-9.41,-9.56,-9.68,-9.71,-9.6,-9.39,-9.21,-9.17,-9.24,-9.28,-9.18,-8.94,-8.63,-8.3,-7.95,-7.63,-7.34,-7.06,-6.77,-6.47,-6.2,-5.98,-5.8,-5.68,-5.65,-5.77,-6.01,-6.31,-6.58,-6.78,-6.9,-6.98,-7.05,-7.15,-7.26
-1.33,-1.12,-0.97,-0.85,-0.72,-0.58,-0.45,-0.38,-0.4,-0.51,-0.71,-0.99,-1.35,-1.76,-2.19,-2.56,-2.85,-3.1,-3.34,-3.58,-3.87,-4.25,-4.71,-5.19,-5.66,-6.06,-6.35,-6.45,-6.43,-6.38,-6.38,-6.43,-6.52,-6.61,-6.69,-6.72,-6.72,-6.7,-6.71,-6.79,-6.95,-7.19,-7.49,-7.85,-8.22,-8.54,-8.8,-9.01,-9.2,-9.33,-9.34,-9.23,-9.12,-9.11,-9.18,-9.17,-9.03,-8.83,-8.68,-8.58,-8.46,-8.28,-8.06,-7.8,-7.52,-7.2,-6.87,-6.58,-6.32,-6.1,-5.93,-5.82,-5.82,-5.97,-6.24,-6.56,-6.85,-7.07,-7.2,-7.26,-7.3,-7.39
