wind-weather/data/weather/current/current-wind-isobaric-10hPa-gfs-1.0.json
{"header": {"discipline":0,"disciplineName":"Meteorologicalproducts","gribEdition":2,"gribLength":43403,"center":7,"centerName":"USNationalWeatherService-NCEP(WMC)","subcenter":0,"refTime":"2015-05-15T06:00:00.000Z","significanceOfRT":0,"significanceOfRTName":"Analysis","productStatus":0,"productStatusName":"Operationalproducts","productType":0,"productTypeName":"Analysisproducts","productDefinitionTemplate":0,"productDefinitionTemplateName":"Analysis/forecastathorizontallevel/layeratapointintime","parameterCategory":2,"parameterCategoryName":"Momentum","parameterNumber":2,"parameterNumberName":"U-component_of_wind","parameterUnit":"m.s-1","genProcessType":0,"genProcessTypeName":"Analysis","forecastTime":0,"surface1Type":100,"surface1TypeName":"Isobaricsurface","surface1Value":1000.0,"surface2Type":255,"surface2TypeName":"Missing","surface2Value":0.0,"gridDefinitionTemplate":0,"gridDefinitionTemplateName":"Latitude_Longitude","numberPoints":65160,"shape":6,"shapeName":"Earthsphericalwithradiusof6,371,229.0m","gridUnits":"degrees","resolution":48,"winds":"true","scanMode":0,"nx":360,"ny":181,"basicAngle":0,"subDivisions":0,"lo1":0.0,"la1":90.0,"lo2":359.0,"la2":-90.0,"dx":1.0,"dy":1.0}, "data":
[rows 34 to 67 of 181, columns 156 to 233 of 360]
-13.02,-13.08,-13.12,-13.05,-12.93,-12.77,-12.59,-12.47,-12.39,-12.37,-12.41,-12.49,-12.62,-12.78,-12.94,-13.07,-13.18,-13.27,-13.34,-13.4,-13.45,-13.47,-13.48,-13.47,-13.44,-13.37,-13.28,-13.19,-13.11,-13.05,-12.99,-12.94,-12.9,-12.88,-12.87,-12.89,-12.94,-13.01,-13.1,-13.2,-13.22,-13.19,-13.12,-12.98,-12.87,-12.78,-12.74,-12.66,-12.55,-12.46,-12.42,-12.38,-12.31,-12.23,-12.16,-12.11,-12.09,-12.12,-12.17,-12.21,-12.25,-12.31,-12.44,-12.61,-12.77,-12.95,-13.15,-13.33,-13.51,-13.69,-13.9,-14.14,-14.35,-14.45,-14.47,-14.5,-14.44,-14.39
-11.7,-11.79,-11.91,-12.03,-12.17,-12.29,-12.34,-12.35,-12.36,-12.34,-12.32,-12.34,-12.41,-12.5,-12.6,-12.68,-12.75,-12.82,-12.88,-12.96,-13.03,-13.11,-13.17,-13.23,-13.27,-13.27,-13.24,-13.18,-13.11,-13.06,-12.99,-12.92,-12.86,-12.8,-12.75,-12.71,-12.7,-12.66,-12.67,-12.7,-12.69,-12.66,-12.61,-12.47,-12.35,-12.27,-12.18,-12.05,-11.9,-11.83,-11.83,-11.85,-11.85,-11.82,-11.84,-11.89,-11.93,-11.98,-12.03,-12.09,-12.13,-12.2,-12.33,-12.52,-12.7,-12.87,-13.04,-13.18,-13.3,-13.42,-13.56,-13.73,-13.89,-14.06,-14.19,-14.28,-14.22,-14.23
-10.34,-10.51,-10.69,-10.93,-11.15,-11.32,-11.51,-11.72,-11.92,-12.1,-12.24,-12.34,-12.43,-12.52,-12.6,-12.68,-12.75,-12.81,-12.85,-12.9,-12.95,-12.99,-13.02,-13.04,-13.06,-13.07,-13.08,-13.07,-13.07,-13.11,-13.11,-13.08,-13.03,-12.96,-12.88,-12.76,-12.62,-12.46,-12.35,-12.24,-12.16,-12.08,-12.0,-11.89,-11.84,-11.82,-11.75,-11.62,-11.48,-11.38,-11.34,-11.37,-11.4,-11.41,-11.45,-11.54,-11.59,-11.65,-11.69,-11.74,-11.79,-11.84,-11.93,-12.08,-12.25,-12.4,-12.54,-12.64,-12.7,-12.76,-12.86,-12.98,-13.12,-13.22,-13.33,-13.44,-13.54,-13.61
-9.63,-9.7,-9.82,-9.93,-10.07,-10.26,-10.49,-10.74,-11.03,-11.34,-11.66,-11.96,-12.23,-12.46,-12.64,-12.77,-12.87,-12.96,-13.01,-13.04,-13.07,-13.08,-13.07,-13.04,-13.0,-12.96,-12.93,-12.89,-12.88,-12.93,-12.96,-12.97,-12.97,-12.96,-12.94,-12.89,-12.8,-12.68,-12.53,-12.38,-12.25,-12.14,-11.99,-11.85,-11.73,-11.6,-11.44,-11.29,-11.11,-10.95,-10.86,-10.87,-10.91,-10.95,-11.02,-11.12,-11.19,-11.22,-11.24,-11.25,-11.28,-11.29,-11.35,-11.42,-11.56,-11.71,-11.81,-11.86,-11.89,-11.95,-12.06,-12.18,-12.3,-12.39,-12.45,-12.49,-12.55,-12.68
-8.74,-8.74,-8.78,-8.92,-9.1,-9.29,-9.53,-9.8,-10.09,-10.4,-10.74,-11.1,-11.47,-11.83,-12.16,-12.45,-12.69,-12.89,-13.04,-13.15,-13.25,-13.33,-13.38,-13.42,-13.45,-13.48,-13.5,-13.49,-13.46,-13.43,-13.41,-13.38,-13.3,-13.18,-13.04,-12.88,-12.72,-12.56,-12.4,-12.23,-12.07,-11.95,-11.83,-11.7,-11.55,-11.39,-11.21,-11.0,-10.77,-10.56,-10.44,-10.41,-10.42,-10.44,-10.49,-10.6,-10.71,-10.75,-10.81,-10.83,-10.86,-10.87,-10.91,-10.95,-11.01,-11.1,-11.14,-11.16,-11.2,-11.29,-11.4,-11.5,-11.54,-11.52,-11.45,-11.42,-11.45,-11.55
-8.03,-8.04,-8.07,-8.12,-8.23,-8.41,-8.63,-8.9,-9.18,-9.47,-9.76,-10.06,-10.36,-10.67,-10.99,-11.3,-11.59,-11.84,-12.05,-12.23,-12.38,-12.53,-12.67,-12.8,-12.93,-13.08,-13.22,-13.36,-13.48,-13.56,-13.61,-13.68,-13.73,-13.7,-13.58,-13.38,-13.13,-12.88,-12.62,-12.35,-12.11,-11.95,-11.84,-11.71,-11.52,-11.31,-11.12,-10.89,-10.64,-10.42,-10.25,-10.16,-10.14,-10.13,-10.17,-10.25,-10.36,-10.41,-10.46,-10.5,-10.5,-10.54,-10.58,-10.62,-10.66,-10.72,-10.76,-10.74,-10.73,-10.75,-10.79,-10.81,-10.8,-10.75,-10.66,-10.61,-10.63,-10.65
-7.75,-7.72,-7.64,-7.59,-7.6,-7.69,-7.86,-8.08,-8.34,-8.61,-8.89,-9.16,-9.4,-9.63,-9.85,-10.07,-10.31,-10.55,-10.8,-11.02,-11.24,-11.45,-11.67,-11.88,-12.06,-12.24,-12.42,-12.58,-12.71,-12.82,-12.91,-12.99,-13.1,-13.2,-13.23,-13.2,-13.13,-13.01,-12.86,-12.68,-12.48,-12.3,-12.1,-11.86,-11.55,-11.24,-10.99,-10.78,-10.56,-10.39,-10.24,-10.1,-9.98,-9.91,-9.9,-9.91,-9.94,-9.97,-9.99,-10.04,-10.06,-10.12,-10.21,-10.25,-10.28,-10.31,-10.35,-10.33,-10.28,-10.23,-10.19,-10.16,-10.12,-10.07,-10.02,-9.96,-9.92,-9.91
-7.1,-7.16,-7.13,-7.08,-7.08,-7.12,-7.23,-7.41,-7.63,-7.87,-8.13,-8.36,-8.59,-8.79,-8.99,-9.19,-9.4,-9.62,-9.85,-10.09,-10.36,-10.62,-10.86,-11.07,-11.25,-11.46,-11.68,-11.84,-11.97,-12.04,-12.09,-12.13,-12.18,-12.23,-12.23,-12.2,-12.17,-12.16,-12.17,-12.18,-12.19,-12.18,-12.13,-12.01,-11.82,-11.55,-11.25,-10.92,-10.59,-10.28,-10.07,-9.9,-9.76,-9.63,-9.55,-9.44,-9.32,-9.22,-9.18,-9.21,-9.29,-9.42,-9.6,-9.67,-9.68,-9.7,-9.73,-9.75,-9.72,-9.65,-9.55,-9.48,-9.41,-9.35,-9.31,-9.32,-9.34,-9.35
-6.32,-6.4,-6.44,-6.49,-6.56,-6.62,-6.71,-6.85,-7.02,-7.23,-7.42,-7.61,-7.82,-8.0,-8.16,-8.33,-8.54,-8.76,-8.99,-9.22,-9.44,-9.66,-9.87,-10.06,-10.26,-10.48,-10.72,-10.98,-11.16,-11.28,-11.35,-11.4,-11.45,-11.5,-11.49,-11.39,-11.26,-11.13,-11.04,-10.99,-11.0,-11.06,-11.14,-11.2,-11.21,-11.19,-11.12,-10.99,-10.8,-10.53,-10.22,-9.91,-9.61,-9.35,-9.18,-9.05,-8.9,-8.75,-8.65,-8.63,-8.69,-8.83,-8.96,-9.06,-9.01,-8.94,-8.9,-8.92,-8.93,-8.91,-8.84,-8.77,-8.68,-8.6,-8.55,-8.51,-8.42,-8.29
-5.56,-5.62,-5.69,-5.78,-5.91,-6.04,-6.17,-6.32,-6.47,-6.63,-6.77,-6.9,-7.07,-7.23,-7.36,-7.51,-7.67,-7.85,-8.06,-8.27,-8.47,-8.65,-8.83,-9.01,-9.2,-9.4,-9.63,-9.89,-10.15,-10.35,-10.48,-10.62,-10.75,-10.88,-10.98,-11.0,-10.95,-10.83,-10.67,-10.49,-10.28,-10.1,-9.97,-9.93,-9.95,-10.03,-10.13,-10.22,-10.27,-10.23,-10.08,-9.89,-9.68,-9.42,-9.15,-8.91,-8.67,-8.43,-8.23,-8.09,-8.04,-8.06,-8.12,-8.19,-8.22,-8.2,-8.15,-8.15,-8.17,-8.11,-7.98,-7.82,-7.65,-7.49,-7.39,-7.3,-7.18,-7.04
-4.79,-4.91,-5.01,-5.09,-5.2,-5.35,-5.54,-5.72,-5.87,-5.99,-6.09,-6.21,-6.36,-6.53,-6.67,-6.78,-6.89,-7.03,-7.19,-7.36,-7.54,-7.73,-7.93,-8.12,-8.29,-8.46,-8.63,-8.8,-8.96,-9.1,-9.21,-9.37,-9.57,-9.77,-9.95,-10.1,-10.21,-10.25,-10.23,-10.17,-10.08,-9.97,-9.82,-9.64,-9.43,-9.25,-9.13,-9.08,-9.09,-9.14,-9.18,-9.2,-9.2,-9.14,-9.0,-8.82,-8.61,-8.34,-8.05,-7.75,-7.51,-7.36,-7.26,-7.17,-7.2,-7.2,-7.14,-7.06,-6.99,-6.86,-6.6,-6.31,-6.05,-5.85,-5.75,-5.71,-5.71,-5.68
-3.77,-3.94,-4.16,-4.39,-4.6,-4.76,-4.91,-5.08,-5.2,-5.26,-5.32,-5.46,-5.67,-5.88,-6.03,-6.12,-6.2,-6.31,-6.44,-6.56,-6.71,-6.88,-7.08,-7.28,-7.46,-7.6,-7.7,-7.77,-7.79,-7.78,-7.8,-7.9,-8.07,-8.25,-8.41,-8.55,-8.71,-8.9,-9.03,-9.07,-9.03,-8.99,-9.02,-9.11,-9.22,-9.26,-9.16,-8.94,-8.65,-8.36,-8.13,-7.99,-7.97,-8.01,-8.03,-8.01,-7.95,-7.83,-7.63,-7.39,-7.15,-6.94,-6.76,-6.52,-6.36,-6.21,-6.0,-5.78,-5.59,-5.42,-5.18,-4.91,-4.67,-4.45,-4.34,-4.31,-4.29,-4.28
-2.98,-3.05,-3.22,-3.48,-3.81,-4.13,-4.36,-4.45,-4.46,-4.47,-4.55,-4.7,-4.89,-5.1,-5.27,-5.39,-5.48,-5.57,-5.68,-5.81,-5.97,-6.14,-6.31,-6.46,-6.59,-6.7,-6.75,-6.77,-6.75,-6.66,-6.58,-6.56,-6.62,-6.72,-6.82,-6.92,-7.03,-7.16,-7.31,-7.41,-7.44,-7.43,-7.41,-7.48,-7.65,-7.88,-8.09,-8.24,-8.29,-8.24,-8.05,-7.74,-7.36,-6.98,-6.67,-6.46,-6.38,-6.36,-6.32,-6.26,-6.19,-6.09,-5.97,-5.79,-5.57,-5.37,-5.08,-4.76,-4.45,-4.2,-3.98,-3.74,-3.55,-3.38,-3.24,-3.17,-3.12,-3.09
-2.66,-2.65,-2.72,-2.84,-3.0,-3.2,-3.43,-3.62,-3.71,-3.73,-3.76,-3.85,-4.01,-4.2,-4.39,-4.52,-4.6,-4.67,-4.78,-4.93,-5.14,-5.33,-5.47,-5.57,-5.66,-5.74,-5.77,-5.75,-5.71,-5.62,-5.5,-5.42,-5.39,-5.39,-5.41,-5.44,-5.45,-5.48,-5.54,-5.61,-5.67,-5.73,-5.78,-5.82,-5.89,-6.02,-6.2,-6.4,-6.61,-6.78,-6.89,-6.91,-6.83,-6.65,-6.35,-5.97,-5.58,-5.25,-4.96,-4.75,-4.63,-4.57,-4.51,-4.46,-4.34,-4.21,-3.99,-3.68,-3.34,-2.98,-2.64,-2.31,-2.08,-1.95,-1.86,-1.77,-1.69,-1.58
-2.41,-2.42,-2.48,-2.56,-2.61,-2.61,-2.55,-2.52,-2.59,-2.74,-2.91,-3.01,-3.09,-3.19,-3.33,-3.45,-3.54,-3.62,-3.73,-3.87,-4.05,-4.22,-4.35,-4.44,-4.5,-4.53,-4.53,-4.5,-4.44,-4.35,-4.24,-4.15,-4.08,-4.03,-3.99,-3.95,-3.93,-3.95,-4.02,-4.11,-4.25,-4.39,-4.49,-4.53,-4.5,-4.45,-4.45,-4.52,-4.68,-4.85,-5.0,-5.08,-5.1,-5.06,-4.99,-4.89,-4.79,-4.68,-4.55,-4.39,-4.2,-4.0,-3.77,-3.53,-3.28,-3.01,-2.71,-2.37,-2.0,-1.63,-1.27,-0.94,-0.69,-0.53,-0.37,-0.18,-0.03,0.14
-2.05,-2.07,-2.12,-2.18,-2.22,-2.2,-2.07,-1.87,-1.66,-1.57,-1.66,-1.89,-2.1,-2.21,-2.22,-2.21,-2.25,-2.35,-2.48,-2.62,-2.75,-2.86,-2.95,-3.02,-3.05,-3.04,-2.98,-2.93,-2.87,-2.82,-2.77,-2.72,-2.68,-2.64,-2.62,-2.64,-2.68,-2.76,-2.85,-2.94,-3.04,-3.13,-3.22,-3.29,-3.31,-3.26,-3.16,-3.02,-2.92,-2.9,-2.93,-3.01,-3.09,-3.14,-3.13,-3.06,-2.97,-2.91,-2.91,-2.96,-3.01,-3.03,-3.0,-2.89,-2.73,-2.52,-2.22,-1.88,-1.49,-1.09,-0.72,-0.42,-0.18,0.0,0.16,0.38,0.58,0.73
-1.48,-1.52,-1.58,-1.63,-1.67,-1.65,-1.52,-1.28,-1.01,-0.79,-0.65,-0.62,-0.71,-0.89,-1.02,-1.02,-0.96,-0.94,-1.01,-1.13,-1.24,-1.33,-1.41,-1.48,-1.53,-1.51,-1.43,-1.34,-1.3,-1.27,-1.26,-1.27,-1.3,-1.35,-1.41,-1.47,-1.51,-1.53,-1.55,-1.59,-1.65,-1.72,-1.77,-1.8,-1.8,-1.75,-1.67,-1.53,-1.33,-1.14,-1.02,-0.97,-0.98,-1.03,-1.07,-1.08,-1.05,-0.98,-0.93,-0.93,-0.95,-0.95,-0.93,-0.86,-0.77,-0.66,-0.47,-0.25,0.03,0.33,0.59,0.77,0.89,1.0,1.08,1.2,1.37,1.5
-0.69,-0.73,-0.77,-0.79,-0.8,-0.78,-0.7,-0.53,-0.28,0.0,0.23,0.38,0.48,0.53,0.53,0.46,0.39,0.37,0.37,0.36,0.34,0.31,0.25,0.15,0.07,0.06,0.13,0.21,0.24,0.22,0.17,0.11,0.04,-0.02,-0.05,-0.07,-0.12,-0.21,-0.34,-0.51,-0.66,-0.79,-0.9,-0.96,-0.94,-0.84,-0.66,-0.39,-0.07,0.25,0.54,0.78,0.95,1.05,1.1,1.12,1.13,1.17,1.18,1.16,1.15,1.19,1.24,1.28,1.32,1.36,1.4,1.47,1.59,1.74,1.86,1.91,1.93,1.97,2.03,2.12,2.3,2.46
0.17,0.16,0.14,0.13,0.16,0.25,0.41,0.64,0.88,1.07,1.23,1.38,1.55,1.72,1.85,1.92,1.91,1.86,1.8,1.78,1.79,1.83,1.84,1.8,1.74,1.72,1.73,1.75,1.73,1.66,1.6,1.55,1.49,1.41,1.29,1.13,0.93,0.73,0.55,0.4,0.29,0.21,0.16,0.11,0.12,0.18,0.3,0.5,0.74,1.01,1.31,1.64,1.94,2.17,2.36,2.52,2.69,2.85,2.96,2.99,2.96,2.95,2.93,2.86,2.77,2.66,2.55,2.47,2.47,2.5,2.52,2.5,2.48,2.5,2.59,2.73,2.98,3.23
1.17,1.23,1.25,1.26,1.29,1.38,1.53,1.73,1.99,2.27,2.52,2.67,2.75,2.84,2.95,3.05,3.14,3.19,3.23,3.26,3.29,3.3,3.28,3.22,3.15,3.12,3.12,3.14,3.12,3.05,2.96,2.85,2.7,2.52,2.33,2.15,2.02,1.93,1.87,1.79,1.7,1.59,1.5,1.44,1.44,1.5,1.6,1.74,1.94,2.16,2.39,2.62,2.83,3.0,3.09,3.18,3.32,3.5,3.67,3.77,3.8,3.79,3.73,3.6,3.44,3.27,3.13,3.04,3.06,3.09,3.12,3.13,3.16,3.23,3.41,3.69,4.02,4.41
2.37,2.59,2.69,2.7,2.7,2.71,2.75,2.81,2.92,3.1,3.36,3.66,3.94,4.14,4.22,4.25,4.29,4.37,4.47,4.57,4.66,4.72,4.72,4.67,4.6,4.52,4.46,4.41,4.34,4.24,4.12,4.01,3.91,3.82,3.76,3.69,3.61,3.5,3.34,3.14,2.93,2.74,2.62,2.59,2.68,2.84,3.01,3.16,3.31,3.48,3.64,3.81,3.97,4.09,4.14,4.18,4.26,4.35,4.44,4.46,4.42,4.34,4.26,4.14,4.01,3.91,3.85,3.84,3.91,3.99,4.03,4.1,4.2,4.35,4.61,4.95,5.28,5.64
3.16,3.54,3.88,4.12,4.24,4.22,4.13,4.02,3.96,3.96,4.07,4.29,4.59,4.92,5.22,5.43,5.54,5.6,5.65,5.71,5.76,5.81,5.84,5.88,5.93,5.98,6.02,6.03,6.01,5.94,5.85,5.76,5.69,5.6,5.47,5.29,5.06,4.78,4.46,4.15,3.91,3.77,3.75,3.8,3.91,4.05,4.19,4.31,4.41,4.5,4.6,4.71,4.81,4.89,4.97,5.06,5.17,5.26,5.34,5.39,5.37,5.29,5.15,4.99,4.84,4.75,4.74,4.75,4.84,4.91,4.97,5.09,5.26,5.47,5.74,6.03,6.22,6.45
3.59,3.92,4.34,4.8,5.18,5.4,5.45,5.37,5.23,5.13,5.1,5.14,5.24,5.39,5.6,5.86,6.15,6.42,6.64,6.78,6.83,6.83,6.8,6.79,6.83,6.9,7.0,7.09,7.18,7.21,7.17,7.1,7.0,6.84,6.6,6.29,5.95,5.6,5.26,4.97,4.77,4.69,4.71,4.77,4.84,4.93,5.01,5.08,5.13,5.16,5.21,5.28,5.37,5.45,5.53,5.63,5.75,5.87,6.0,6.1,6.14,6.11,6.0,5.85,5.68,5.58,5.55,5.57,5.63,5.68,5.73,5.85,6.04,6.26,6.5,6.69,6.81,6.96
3.77,4.05,4.42,4.8,5.21,5.63,5.99,6.25,6.38,6.42,6.4,6.37,6.35,6.36,6.39,6.46,6.59,6.77,6.98,7.21,7.4,7.54,7.62,7.65,7.67,7.71,7.77,7.85,7.91,7.93,7.89,7.79,7.66,7.46,7.17,6.83,6.48,6.15,5.86,5.63,5.48,5.41,5.41,5.45,5.52,5.58,5.64,5.66,5.65,5.63,5.63,5.68,5.78,5.89,5.98,6.06,6.16,6.29,6.41,6.52,6.57,6.56,6.46,6.29,6.11,5.96,5.89,5.87,5.88,5.91,5.96,6.08,6.27,6.53,6.77,6.93,7.02,7.15
3.83,4.05,4.32,4.55,4.88,5.28,5.76,6.26,6.74,7.11,7.33,7.44,7.48,7.48,7.49,7.49,7.49,7.5,7.53,7.59,7.68,7.8,7.93,8.08,8.24,8.4,8.54,8.66,8.73,8.73,8.65,8.51,8.34,8.11,7.81,7.47,7.12,6.79,6.51,6.27,6.09,5.99,5.96,5.97,6.01,6.04,6.06,6.06,6.04,6.02,6.02,6.08,6.19,6.31,6.43,6.52,6.6,6.68,6.74,6.78,6.79,6.73,6.59,6.37,6.12,5.92,5.78,5.72,5.7,5.75,5.84,5.98,6.19,6.46,6.73,6.89,6.96,7.03
3.95,4.13,4.35,4.57,4.84,5.16,5.58,6.05,6.55,7.03,7.45,7.78,8.02,8.19,8.3,8.36,8.38,8.36,8.33,8.33,8.34,8.34,8.36,8.39,8.47,8.61,8.8,9.01,9.18,9.28,9.27,9.16,8.97,8.71,8.38,7.99,7.58,7.19,6.86,6.62,6.47,6.39,6.36,6.36,6.38,6.43,6.47,6.49,6.48,6.47,6.48,6.54,6.64,6.76,6.87,6.96,7.03,7.06,7.06,7.04,6.98,6.87,6.7,6.47,6.21,5.94,5.75,5.64,5.59,5.62,5.71,5.84,6.02,6.24,6.45,6.55,6.54,6.52
4.14,4.4,4.69,5.02,5.35,5.69,6.05,6.42,6.8,7.15,7.49,7.81,8.1,8.37,8.6,8.78,8.9,8.97,9.01,9.06,9.13,9.19,9.23,9.25,9.3,9.36,9.43,9.49,9.55,9.56,9.5,9.39,9.21,8.98,8.69,8.34,7.96,7.62,7.38,7.22,7.11,7.04,6.99,6.96,6.97,7.0,7.02,7.03,7.01,7.0,7.02,7.07,7.12,7.2,7.26,7.27,7.26,7.24,7.22,7.17,7.1,6.99,6.82,6.57,6.31,6.03,5.79,5.6,5.47,5.37,5.32,5.35,5.46,5.6,5.7,5.69,5.53,5.31
4.47,4.87,5.3,5.71,6.1,6.43,6.74,7.04,7.34,7.65,7.97,8.26,8.54,8.79,9.02,9.21,9.34,9.41,9.48,9.59,9.73,9.87,10.01,10.13,10.22,10.3,10.38,10.45,10.49,10.46,10.37,10.23,10.04,9.81,9.51,9.16,8.8,8.49,8.25,8.06,7.9,7.74,7.6,7.5,7.45,7.41,7.38,7.33,7.28,7.25,7.24,7.27,7.29,7.3,7.29,7.23,7.16,7.13,7.11,7.04,6.9,6.72,6.47,6.18,5.9,5.63,5.36,5.08,4.82,4.58,4.38,4.29,4.29,4.3,4.28,4.18,3.95,3.57
5.1,5.53,5.9,6.2,6.42,6.59,6.76,6.94,7.2,7.55,7.95,8.38,8.78,9.13,9.41,9.63,9.78,9.86,9.94,10.07,10.26,10.47,10.67,10.85,10.98,11.05,11.1,11.14,11.15,11.11,10.99,10.83,10.6,10.33,9.99,9.61,9.21,8.84,8.54,8.26,7.99,7.74,7.53,7.36,7.23,7.09,6.95,6.78,6.63,6.53,6.48,6.49,6.51,6.52,6.49,6.43,6.38,6.35,6.35,6.22,6.0,5.76,5.47,5.14,4.83,4.56,4.26,3.91,3.56,3.22,2.95,2.78,2.7,2.66,2.56,2.33,1.94,1.39
5.37,5.57,5.69,5.74,5.75,5.75,5.81,5.97,6.26,6.67,7.17,7.71,8.21,8.64,8.99,9.24,9.42,9.55,9.68,9.88,10.14,10.43,10.69,10.9,11.04,11.1,11.13,11.14,11.11,11.0,10.82,10.58,10.29,9.96,9.57,9.13,8.7,8.33,7.99,7.66,7.33,7.0,6.68,6.38,6.08,5.79,5.48,5.19,4.97,4.85,4.83,4.88,4.95,5.02,5.03,5.04,5.01,4.98,4.93,4.77,4.51,4.21,3.92,3.65,3.35,3.08,2.76,2.36,1.95,1.58,1.27,1.06,0.91,0.76,0.55,0.2,-0.3,-0.89
4.53,4.46,4.39,4.35,4.35,4.4,4.53,4.78,5.13,5.56,6.04,6.5,6.93,7.3,7.59,7.81,7.98,8.12,8.32,8.62,8.95,9.27,9.55,9.78,9.94,10.02,10.06,10.06,10.01,9.88,9.68,9.44,9.16,8.83,8.45,8.03,7.63,7.25,6.87,6.46,6.0,5.53,5.05,4.61,4.19,3.8,3.43,3.14,2.95,2.86,2.9,3.02,3.18,3.33,3.42,3.47,3.37,3.24,3.13,2.94,2.65,2.37,2.16,1.94,1.75,1.48,1.12,0.68,0.23,-0.2,-0.6,-0.91,-1.12,-1.3,-1.57,-1.97,-2.49,-3.07
2.98,2.81,2.76,2.82,2.96,3.13,3.31,3.48,3.69,3.92,4.2,4.52,4.86,5.21,5.54,5.81,6.04,6.28,6.59,6.97,7.37,7.74,8.05,8.3,8.49,8.61,8.65,8.65,8.58,8.45,8.28,8.06,7.8,7.48,7.09,6.63,6.14,5.65,5.15,4.62,4.07,3.53,2.99,2.5,2.04,1.62,1.26,0.99,0.84,0.84,0.97,1.2,1.43,1.57,1.68,1.73,1.61,1.39,1.23,1.08,0.84,0.67,0.55,0.34,0.12,-0.22,-0.61,-1.06,-1.59,-2.11,-2.54,-2.85,-3.09,-3.34,-3.65,-4.03,-4.5,-5.05
1.43,1.33,1.37,1.5,1.66,1.75,1.75,1.72,1.74,1.84,2.04,2.34,2.71,3.14,3.54,3.91,4.25,4.62,5.05,5.51,5.97,6.38,6.73,7.03,7.26,7.38,7.39,7.31,7.17,6.96,6.71,6.43,6.1,5.7,5.2,4.64,4.05,3.48,2.94,2.4,1.83,1.28,0.75,0.24,-0.23,-0.65,-0.97,-1.17,-1.21,-1.08,-0.87,-0.61,-0.35,-0.12,-0.05,-0.04,-0.11,-0.29,-0.41,-0.52,-0.69,-0.83,-0.94,-1.14,-1.42,-1.81,-2.23,-2.75,-3.33,-3.88,-4.33,-4.67,-4.94,-5.19,-5.45,-5.8,-6.28,-6.85
0.24,0.15,0.12,0.1,0.07,0.02,-0.05,-0.12,-0.16,-0.14,0.02,0.3,0.69,1.14,1.56,1.96,2.34,2.77,3.25,3.76,4.26,4.71,5.11,5.44,5.64,5.67,5.56,5.35,5.09,4.82,4.57,4.32,4.02,3.64,3.15,2.56,1.96,1.35,0.76,0.16,-0.44,-1.02,-1.56,-2.03,-2.43,-2.78,-3.03,-3.08,-2.95,-2.77,-2.55,-2.28,-2.01,-1.79,-1.67,-1.63,-1.63,-1.72,-1.8,-1.91,-2.05,-2.19,-2.31,-2.48,-2.79,-3.26,-3.76,-4.36,-4.95,-5.47,-5.9,-6.21,-6.44,-6.69,-7.0,-7.39,-7.88,-8.47
