wind-weather/data/weather/current/current-mean_sea_level_pressure-gfs-1.0.json
{"header": {"discipline":0,"disciplineName":"Meteorologicalproducts","gribEdition":2,"gribLength":81278,"center":7,"centerName":"USNationalWeatherService-NCEP(WMC)","subcenter":0,"refTime":"2015-09-28T00:00:00.000Z","significanceOfRT":0,"significanceOfRTName":"Analysis","productStatus":0,"productStatusName":"Operationalproducts","productType":0,"productTypeName":"Analysisproducts","productDefinitionTemplate":0,"productDefinitionTemplateName":"Analysis/forecastathorizontallevel/layeratapointintime","parameterCategory":3,"parameterCategoryName":"Mass","parameterNumber":192,"parameterNumberName":"MSLP_Eta_Reduction","parameterUnit":"Pa","genProcessType":0,"genProcessTypeName":"Analysis","forecastTime":0,"surface1Type":101,"surface1TypeName":"Meansealevel","surface1Value":0.0,"surface2Type":255,"surface2TypeName":"Missing","surface2Value":0.0,"gridDefinitionTemplate":0,"gridDefinitionTemplateName":"Latitude_Longitude","numberPoints":65160,"shape":6,"shapeName":"Earthsphericalwithradiusof6,371,229.0m","gridUnits":"degrees","resolution":48,"winds":"true","scanMode":0,"nx":360,"ny":181,"basicAngle":0,"subDivisions":0,"lo1":0.0,"la1":90.0,"lo2":359.0,"la2":-90.0,"dx":1.0,"dy":1.0}, "data":
[rows 28 to 55 of 181, columns 126 to 188 of 360]
102730.2,102702.8,102662.4,102626.8,102598.8,102588.2,102561.6,102549.0,102524.6,102506.4,102481.4,102421.0,102459.8,102468.2,102513.2,102487.4,102518.2,102593.4,102571.6,102541.4,102527.8,102490.0,102501.6,102483.2,102438.6,102426.6,102481.2,102476.2,102489.4,102452.6,102436.2,102390.4,102348.6,102333.0,102315.8,102295.0,102247.0,102184.8,102150.8,102123.2,102070.6,102067.0,102012.4,101919.2,101810.2,101708.6,101690.2,101626.4,101494.6,101412.8,101317.8,101212.2,101136.0,101066.0,101005.8,100908.0,100773.2,100674.2,100596.6,100541.2,100461.8,100360.6,100220.6
102796.4,102791.4,102755.6,102731.2,102691.4,102657.0,102611.0,102569.8,102534.4,102507.0,102461.0,102407.8,102375.0,102404.8,102432.6,102417.0,102416.0,102390.6,102412.4,102399.6,102379.2,102368.4,102379.2,102378.2,102401.2,102404.6,102424.6,102436.8,102395.8,102373.2,102383.6,102344.8,102304.0,102267.2,102192.0,102162.2,102171.0,102139.8,102091.2,102049.6,102036.8,102039.2,101967.2,101843.4,101719.8,101675.6,101595.4,101621.0,101587.0,101505.2,101406.0,101293.8,101173.6,101099.2,101015.4,100929.6,100835.8,100731.8,100661.2,100582.2,100486.2,100371.8,100227.0
102815.4,102804.2,102793.6,102761.8,102728.0,102676.8,102630.4,102597.8,102566.4,102520.2,102483.4,102409.2,102372.8,102359.6,102347.4,102303.8,102256.6,102158.0,102218.2,102281.0,102230.2,102236.0,102216.2,102209.8,102218.0,102242.4,102268.0,102324.2,102301.8,102284.8,102251.8,102227.0,102189.8,102136.6,102066.8,102004.4,102024.6,102049.0,102021.8,101996.8,101985.8,101946.6,101903.6,101845.8,101745.2,101673.8,101618.8,101598.6,101578.4,101521.8,101438.2,101338.8,101228.0,101121.4,101015.0,100936.6,100881.6,100814.2,100720.0,100607.4,100491.4,100375.4,100230.6
102842.0,102832.6,102804.6,102776.6,102738.6,102709.2,102672.8,102619.2,102545.4,102499.8,102450.4,102344.6,102301.6,102237.8,102177.6,102135.0,102057.8,101993.0,101946.0,101942.0,101953.4,101963.6,101979.2,101994.0,102011.4,101988.8,102118.0,102102.2,102094.8,102106.8,102095.8,102065.0,102009.8,101942.4,101867.0,101791.4,101874.6,101877.2,101836.8,101864.0,101897.2,101914.2,101892.8,101856.2,101796.2,101705.0,101585.0,101537.4,101522.0,101504.0,101449.8,101370.2,101278.6,101159.2,101050.6,101010.4,100966.2,100882.4,100763.6,100632.0,100495.4,100368.0,100229.4
102786.4,102786.8,102756.6,102704.0,102656.6,102656.8,102629.8,102579.2,102508.0,102430.4,102329.6,102220.4,102144.2,102006.0,101925.6,101792.4,101586.2,101525.8,101514.4,101524.8,101554.6,101590.6,101623.6,101662.0,101700.0,101742.4,101795.6,101834.2,101861.4,101875.2,101878.6,101870.0,101835.0,101774.8,101708.4,101650.0,101728.8,101719.0,101706.0,101802.4,101861.6,101904.8,101906.6,101877.2,101833.8,101775.0,101695.0,101600.2,101534.8,101511.2,101479.2,101422.6,101334.0,101230.0,101160.8,101105.2,101025.8,100917.0,100788.4,100645.8,100500.6,100362.6,100212.0
102618.6,102596.8,102562.8,102558.6,102583.4,102577.0,102540.4,102486.0,102388.4,102312.0,102211.2,102063.2,101786.0,101620.2,101459.6,101247.8,101150.0,101041.4,100989.2,100991.6,101030.8,101083.4,101143.2,101213.8,101289.6,101368.4,101445.2,101512.4,101565.0,101598.6,101613.0,101614.2,101605.8,101675.0,101683.4,101708.2,101770.8,101752.6,101755.4,101802.6,101866.6,101904.4,101914.4,101896.6,101854.4,101801.8,101745.6,101684.8,101615.0,101563.4,101537.2,101469.6,101379.0,101295.4,101234.6,101153.0,101050.8,100935.8,100810.2,100663.8,100501.8,100352.0,100211.4
102446.0,102376.0,102344.6,102302.8,102389.0,102448.0,102418.0,102357.2,102266.2,102111.2,102021.0,101673.8,101501.2,101293.4,100905.0,100673.8,100445.4,100345.4,100317.6,100366.0,100431.2,100515.4,100622.2,100734.2,100854.6,100969.8,101078.6,101177.2,101269.2,101364.4,101425.6,101429.2,101457.4,101633.4,101559.0,101529.4,101650.4,101613.8,101624.8,101719.2,101836.2,101908.0,101942.0,101950.8,101924.4,101878.8,101828.8,101765.2,101695.0,101635.8,101603.2,101533.4,101433.2,101358.0,101281.8,101181.4,101071.4,100957.2,100820.6,100658.4,100495.8,100348.4,100206.8
102303.6,102223.4,102137.4,102063.0,102018.2,102012.4,102069.6,102046.6,101934.6,101777.6,101661.4,101553.6,101384.6,100969.6,100535.4,100065.6,99992.8,99885.4,99678.0,99771.0,99870.8,100024.0,100156.8,100280.4,100426.8,100587.8,100741.8,100871.8,100984.4,101177.0,101325.2,101393.2,101549.8,101560.0,101625.6,101669.2,101618.4,101656.0,101729.2,101810.2,101881.2,101931.4,101978.0,101991.6,101989.0,101943.8,101889.0,101834.4,101770.4,101716.8,101668.0,101576.8,101477.0,101396.4,101298.6,101185.4,101063.6,100937.2,100796.6,100636.0,100481.2,100333.6,100183.2
102100.6,102038.2,102036.6,101937.0,101887.4,101873.8,101883.4,101855.6,101817.6,101705.0,101609.4,101452.8,101238.4,100867.4,100389.8,99993.6,99811.8,99746.0,99692.6,99694.8,99769.0,99902.6,100020.6,100175.2,100310.0,100454.6,100613.8,100768.8,100923.4,101096.0,101250.4,101394.2,101511.0,101541.8,101636.8,101695.8,101753.8,101809.4,101866.0,101923.4,101978.4,102016.2,102041.6,102043.2,102028.0,101983.6,101948.8,101899.2,101839.0,101780.2,101694.6,101579.8,101493.2,101396.4,101270.4,101139.6,101013.2,100887.6,100742.4,100590.2,100455.0,100324.6,100197.2
102057.8,101954.6,101857.8,101773.0,101704.0,101585.2,101613.2,101668.0,101648.8,101623.8,101546.0,101420.2,101176.2,100882.8,100552.0,100274.6,100097.4,99963.8,99919.2,99944.2,100007.8,100084.8,100116.8,100245.8,100359.8,100472.6,100599.6,100748.6,100894.8,101063.6,101252.6,101351.6,101509.8,101594.0,101689.2,101759.2,101844.6,101922.2,101985.4,102035.6,102071.0,102096.4,102101.2,102087.8,102061.0,102028.0,101990.2,101943.4,101863.6,101779.2,101671.8,101567.4,101485.4,101359.8,101215.2,101077.2,100945.6,100813.0,100681.8,100553.8,100429.6,100313.6,100211.4
102026.4,101924.6,101788.0,101671.2,101551.4,101474.2,101452.8,101491.2,101503.2,101524.2,101478.4,101280.4,101084.2,100805.8,100692.0,100474.8,100388.0,100313.4,100294.2,100279.6,100285.4,100298.4,100303.6,100359.6,100439.6,100539.4,100650.6,100777.2,100942.8,101118.8,101284.8,101404.6,101615.6,101666.4,101741.0,101833.4,101928.0,102007.8,102070.4,102112.2,102137.4,102150.0,102143.0,102119.4,102083.6,102048.2,101991.0,101923.2,101847.0,101729.8,101627.2,101547.2,101426.0,101267.2,101111.2,100973.0,100922.4,100740.0,100628.4,100493.8,100393.0,100347.8,100256.0
101996.2,101910.2,101769.6,101647.2,101557.2,101466.6,101448.2,101403.2,101425.6,101449.8,101444.8,101230.4,100950.8,100811.0,100695.0,100612.8,100564.2,100512.0,100414.2,100431.0,100430.6,100422.8,100433.8,100479.6,100544.2,100626.6,100735.6,100861.4,100998.0,101146.8,101334.4,101528.2,101619.2,101714.0,101807.2,101911.2,101999.6,102070.6,102121.6,102149.4,102163.4,102175.4,102160.0,102128.0,102091.4,102040.0,101969.8,101891.6,101784.4,101678.6,101583.8,101462.0,101316.0,101162.4,101010.0,100861.8,100740.2,100614.6,100536.6,100448.2,100391.4,100378.4,100378.2
101983.2,101894.4,101800.8,101680.6,101585.0,101470.0,101363.6,101290.4,101226.4,101189.6,101149.0,101096.0,100966.0,100796.4,100654.4,100584.2,100588.6,100538.2,100435.4,100446.4,100461.4,100477.2,100540.4,100590.6,100636.8,100703.4,100811.2,100929.6,101067.0,101219.2,101420.6,101566.2,101675.8,101771.6,101874.2,101975.6,102050.8,102110.2,102150.0,102165.0,102180.6,102175.8,102155.0,102120.8,102073.6,102009.8,101932.8,101836.6,101729.6,101630.0,101498.8,101357.0,101209.4,101054.4,100895.0,100746.0,100632.6,100528.0,100477.6,100457.0,100454.6,100455.4,100463.2
101983.2,101916.2,101866.2,101757.6,101641.4,101544.2,101345.0,101249.6,101241.8,101194.8,101148.0,101050.6,100875.2,100715.4,100636.0,100555.2,100533.2,100519.0,100532.2,100545.8,100561.4,100589.0,100649.4,100677.4,100714.8,100773.6,100884.0,100996.2,101111.4,101302.8,101460.8,101601.0,101718.2,101816.0,101914.6,102007.8,102081.6,102135.4,102164.4,102176.6,102189.6,102170.8,102138.0,102094.4,102035.4,101965.6,101882.2,101784.6,101678.8,101551.2,101406.8,101241.8,101079.2,100929.6,100783.8,100666.0,100593.0,100549.4,100522.6,100509.6,100517.0,100532.8,100569.6
102024.8,101960.4,101885.0,101803.8,101610.6,101524.6,101412.8,101326.6,101229.0,101165.8,101096.0,101001.2,100832.2,100631.2,100564.4,100544.8,100561.8,100570.4,100611.0,100647.2,100673.4,100711.4,100737.4,100761.0,100788.6,100842.0,100934.4,101033.4,101215.6,101367.4,101500.6,101634.2,101759.4,101855.4,101942.6,102024.6,102089.4,102135.4,102158.6,102172.8,102171.6,102147.2,102112.6,102060.4,101999.2,101930.8,101844.0,101736.6,101616.4,101477.4,101314.8,101150.2,100978.6,100831.6,100724.6,100653.2,100610.6,100590.8,100570.4,100573.6,100602.8,100640.8,100680.8
102069.4,102029.4,101985.6,101850.4,101682.6,101612.8,101512.6,101425.2,101298.8,101223.8,101135.8,100938.2,100684.2,100700.2,100647.4,100632.2,100637.2,100646.4,100693.6,100734.6,100770.6,100803.4,100828.0,100848.8,100881.8,100914.6,100962.4,101041.0,101228.6,101389.8,101533.2,101662.4,101769.6,101869.2,101953.6,102028.2,102078.2,102113.6,102134.4,102143.4,102137.4,102108.0,102072.6,102021.2,101969.6,101885.4,101794.0,101690.8,101569.6,101423.0,101262.2,101095.6,100933.6,100807.2,100729.2,100700.6,100659.6,100646.0,100653.4,100680.2,100717.0,100759.0,100804.0
102131.2,102099.8,102043.2,101938.0,101805.0,101687.2,101588.0,101487.0,101405.4,101320.2,101170.2,100953.2,100855.8,100793.8,100743.8,100723.0,100727.6,100749.2,100787.8,100822.4,100864.2,100896.6,100931.2,100961.4,100979.2,100986.4,101021.0,101112.8,101270.8,101425.4,101555.8,101674.8,101780.2,101882.8,101956.8,102019.0,102050.4,102075.8,102092.0,102099.0,102091.0,102066.8,102029.0,101986.2,101919.6,101842.2,101756.6,101650.2,101530.6,101391.2,101238.2,101071.8,100919.0,100834.4,100801.4,100752.4,100722.8,100726.0,100747.4,100780.6,100822.6,100867.2,100913.0
102124.8,102076.0,102026.6,101959.2,101814.8,101709.4,101609.6,101537.6,101468.0,101333.2,101101.6,101078.8,100935.8,100808.6,100762.4,100772.6,100785.0,100801.4,100859.6,100911.8,100954.4,100987.6,101007.6,101028.6,101042.4,101058.0,101112.4,101216.8,101350.2,101477.0,101573.0,101698.6,101795.4,101875.4,101940.6,101995.6,102021.0,102036.4,102050.2,102051.4,102039.6,102019.8,101990.4,101946.4,101886.4,101808.8,101722.8,101621.6,101510.6,101387.4,101239.8,101086.2,100970.0,100906.2,100854.6,100816.6,100795.2,100789.6,100796.0,100828.8,100885.6,100932.0,100975.8
102154.4,102128.6,102029.2,101957.2,101876.6,101772.6,101719.0,101645.4,101511.6,101336.4,101256.6,101158.0,101020.6,100930.6,100897.6,100846.6,100869.4,100814.4,100941.8,101005.0,101039.0,101072.8,101086.0,101094.0,101103.0,101137.6,101223.0,101306.0,101429.0,101527.4,101622.2,101741.0,101809.0,101865.0,101908.4,101955.6,101979.4,101986.0,101990.6,101985.0,101975.0,101961.6,101941.6,101909.6,101858.6,101793.0,101711.2,101616.0,101510.6,101397.6,101271.0,101152.6,101058.2,100981.0,100929.6,100874.2,100821.4,100797.8,100796.2,100841.0,100898.0,100960.8,101012.2
102194.8,102148.2,102074.8,101966.2,101906.4,101841.6,101752.8,101616.0,101489.2,101447.8,101369.2,101255.0,101126.2,101056.0,101032.8,101036.4,101081.0,100996.4,101092.6,101114.8,101135.4,101148.4,101159.2,101170.4,101187.8,101244.4,101306.8,101393.6,101491.6,101559.6,101660.6,101739.4,101802.2,101842.6,101862.8,101891.0,101916.6,101924.2,101927.6,101926.6,101915.8,101893.8,101878.6,101857.8,101816.0,101766.0,101692.2,101611.6,101523.2,101420.4,101312.4,101216.0,101129.8,101047.6,100973.2,100906.4,100856.0,100832.4,100828.4,100844.0,100881.0,100926.0,100968.2
102206.0,102178.4,102184.2,102070.0,101938.8,101925.4,101822.6,101733.6,101616.2,101497.0,101404.2,101313.8,101217.8,101177.0,101192.8,101124.0,101210.8,101232.4,101200.4,101213.2,101195.8,101200.2,101211.6,101237.2,101259.6,101294.8,101351.6,101421.2,101507.4,101573.8,101625.6,101687.4,101728.0,101767.6,101787.2,101810.4,101824.2,101839.8,101843.4,101837.6,101821.8,101803.2,101790.6,101770.6,101746.8,101700.6,101648.6,101586.2,101517.2,101439.0,101353.8,101263.2,101164.6,101069.2,100980.6,100906.0,100850.0,100806.2,100816.6,100815.4,100771.4,100819.6,100993.4
102155.4,102229.8,102036.8,101977.2,101912.4,101946.8,101860.4,101767.4,101679.4,101565.0,101469.6,101377.8,101334.8,101319.2,101322.6,101318.0,101353.0,101369.2,101356.6,101335.6,101316.4,101317.8,101320.6,101317.0,101305.6,101320.2,101381.8,101451.6,101517.0,101563.6,101603.2,101635.2,101654.4,101681.0,101691.6,101714.2,101739.6,101741.8,101736.6,101730.4,101714.8,101690.0,101673.4,101665.0,101642.4,101611.6,101573.2,101536.6,101487.8,101421.4,101341.0,101255.4,101162.4,101067.2,100967.8,100848.8,100776.6,100766.4,100803.4,100856.0,100914.2,100997.0,101091.6
102048.8,102038.4,101918.4,101905.8,101924.6,101886.2,101860.8,101812.4,101745.0,101651.4,101555.6,101507.6,101496.0,101496.8,101497.8,101423.0,101428.8,101475.2,101466.4,101448.4,101428.8,101413.6,101391.8,101361.0,101318.0,101320.8,101387.8,101442.4,101493.6,101517.4,101538.0,101559.4,101575.6,101592.2,101599.8,101631.0,101657.2,101655.0,101628.0,101622.0,101614.6,101593.0,101593.8,101590.4,101569.6,101535.8,101506.2,101479.4,101443.8,101393.8,101320.6,101243.6,101159.4,101054.0,100937.0,100865.6,100802.0,100816.2,100873.2,100956.8,101046.4,101133.0,101268.8
101994.2,101976.0,101919.0,101911.0,101920.2,101893.4,101849.4,101798.8,101741.2,101684.8,101662.4,101635.4,101629.4,101615.8,101637.0,101524.8,101525.0,101523.6,101531.4,101517.4,101502.4,101474.8,101440.2,101397.0,101357.8,101346.4,101375.8,101435.6,101471.4,101482.4,101479.8,101492.0,101500.6,101524.6,101543.4,101560.4,101562.4,101569.4,101562.6,101554.2,101541.2,101532.0,101539.8,101531.2,101515.2,101497.6,101480.4,101452.2,101420.0,101358.6,101280.6,101205.2,101102.4,100984.2,100923.8,100912.0,100919.4,100943.4,101025.6,101131.6,101240.8,101336.4,101480.8
101968.0,101983.2,101981.6,101902.8,101872.6,101835.2,101799.0,101792.8,101797.2,101784.6,101762.8,101738.6,101714.6,101700.2,101589.4,101603.6,101588.8,101558.2,101550.6,101548.6,101541.4,101518.2,101472.8,101405.6,101351.8,101365.4,101385.6,101418.0,101424.2,101448.4,101441.4,101448.0,101453.2,101484.8,101501.4,101505.0,101508.4,101515.4,101519.4,101521.0,101520.4,101521.0,101510.4,101489.6,101479.2,101473.0,101459.2,101429.8,101379.8,101302.2,101211.2,101117.0,101033.8,100989.6,100983.6,100993.2,101059.4,101153.4,101221.2,101316.0,101420.6,101515.4,101663.0
101932.0,101957.8,101978.6,101948.4,101896.2,101876.6,101866.4,101860.6,101855.4,101841.2,101819.4,101796.2,101746.8,101659.2,101586.0,101589.6,101607.4,101603.8,101585.4,101576.2,101565.8,101534.6,101475.6,101380.8,101338.6,101326.2,101363.6,101395.0,101400.6,101396.0,101402.6,101411.0,101429.4,101458.6,101456.6,101442.2,101437.8,101436.6,101451.8,101459.4,101479.0,101480.6,101471.2,101462.0,101459.0,101441.2,101406.4,101351.2,101293.4,101230.8,101168.4,101105.4,101051.4,101015.4,101035.6,101081.6,101232.8,101298.6,101361.6,101467.0,101580.6,101685.4,101780.6
101866.2,101877.6,101962.8,101912.2,101897.4,101890.0,101879.4,101875.0,101876.0,101855.2,101830.6,101677.0,101537.4,101567.0,101598.0,101606.4,101601.2,101593.8,101585.8,101579.8,101558.0,101516.6,101448.2,101352.4,101324.0,101308.0,101325.2,101335.0,101338.6,101347.6,101352.6,101374.4,101396.2,101399.8,101362.4,101336.4,101345.6,101372.0,101400.8,101419.4,101440.2,101442.8,101434.4,101421.4,101397.4,101364.8,101324.6,101279.4,101243.8,101218.6,101189.2,101171.8,101149.8,101154.6,101230.0,101316.2,101387.8,101439.4,101505.4,101614.4,101725.4,101824.0,101896.4
101814.8,101817.6,101833.8,101841.4,101837.2,101823.8,101813.4,101799.4,101809.2,101772.4,101746.8,101668.2,101589.8,101601.6,101610.8,101590.2,101581.2,101570.6,101561.8,101544.0,101518.8,101484.2,101421.4,101344.0,101290.2,101267.2,101242.2,101229.8,101286.4,101294.8,101315.0,101338.6,101332.4,101302.6,101258.6,101239.4,101271.4,101311.6,101345.2,101364.4,101379.2,101383.8,101370.0,101348.4,101328.6,101317.8,101298.2,101284.6,101287.4,101297.8,101303.0,101313.2,101332.0,101381.2,101445.4,101497.2,101542.8,101591.8,101670.2,101757.0,101839.6,101931.0,102008.2
