wind-weather/data/weather/current/current-relative_humidity-surface-level-gfs-1.0.json
{"header": {"discipline":0,"disciplineName":"Meteorologicalproducts","gribEdition":2,"gribLength":67911,"center":7,"centerName":"USNationalWeatherService-NCEP(WMC)","subcenter":0,"refTime":"2015-09-28T00:00:00.000Z","significanceOfRT":0,"significanceOfRTName":"Analysis","productStatus":0,"productStatusName":"Operationalproducts","productType":0,"productTypeName":"Analysisproducts","productDefinitionTemplate":0,"productDefinitionTemplateName":"Analysis/forecastathorizontallevel/layeratapointintime","parameterCategory":1,"parameterCategoryName":"Moisture","parameterNumber":1,"parameterNumberName":"Relative_humidity","parameterUnit":"percent","genProcessType":0,"genProcessTypeName":"Analysis","forecastTime":0,"surface1Type":100,"surface1TypeName":"Isobaricsurface","surface1Value":100000.0,"surface2Type":255,"surface2TypeName":"Missing","surface2Value":0.0,"gridDefinitionTemplate":0,"gridDefinitionTemplateName":"Latitude_Longitude","numberPoints":65160,"shape":6,"shapeName":"Earthsphericalwithradiusof6,371,229.0m","gridUnits":"degrees","resolution":48,"winds":"true","scanMode":0,"nx":360,"ny":181,"basicAngle":0,"subDivisions":0,"lo1":0.0,"la1":90.0,"lo2":359.0,"la2":-90.0,"dx":1.0,"dy":1.0}, "data":
[rows 0 to 37 of 181, columns 0 to 83 of 360]
82.5,82.5,82.5,82.5,82.5,82.5,82.5,82.5,82.5,82.5,82.5,82.5,82.5,82.5,82.5,82.5,82.5,82.5,82.5,82.5,82.5,82.5,82.5,82.5,82.5,82.5,82.5,82.5,82.5,82.5,82.5,82.5,82.5,82.5,82.5,82.5,82.5,82.5,82.5,82.5,82.5,82.5,82.5,82.5,82.5,82.5,82.5,82.5,82.5,82.5,82.5,82.5,82.5,82.5,82.5,82.5,82.5,82.5,82.5,82.5,82.5,82.5,82.5,82.5,82.5,82.5,82.5,82.5,82.5,82.5,82.5,82.5,82.5,82.5,82.5,82.5,82.5,82.5,82.5,82.5,82.5,82.5,82.5,82.5
94.3,94.1,94.0,93.8,93.6,93.5,93.3,93.1,92.9,92.8,92.6,92.4,92.2,92.0,91.7,91.5,91.3,91.0,90.8,90.5,90.3,90.0,89.7,89.5,89.2,88.9,88.6,88.3,88.1,87.7,87.4,87.1,86.8,86.5,86.2,85.9,85.6,85.3,85.1,84.8,84.5,84.2,83.9,83.6,83.4,83.1,82.8,82.6,82.4,82.1,81.9,81.7,81.6,81.4,81.2,81.1,81.0,80.9,80.9,80.9,80.9,81.0,81.0,81.1,81.3,81.4,81.6,81.9,82.1,82.4,82.8,83.2,83.7,84.2,84.8,85.4,86.0,86.6,87.2,87.8,88.3,88.8,89.3,89.8
97.0,97.1,97.2,97.3,97.3,97.3,97.3,97.4,97.4,97.4,97.4,97.3,97.3,97.2,97.2,97.1,97.0,96.8,96.4,96.0,95.6,95.0,94.4,93.8,93.2,92.5,91.8,91.1,90.4,89.6,88.7,87.8,86.9,86.1,85.3,84.7,84.1,83.6,83.0,82.5,81.9,81.3,80.8,80.4,80.0,79.7,79.4,79.1,78.9,78.7,78.5,78.3,78.1,77.9,77.8,77.7,77.6,77.6,77.6,77.7,78.0,78.3,78.8,79.3,80.0,80.8,81.8,83.0,84.4,85.9,87.4,88.8,90.1,91.3,92.3,93.3,94.3,95.2,96.0,96.8,97.3,97.8,98.2,98.5
90.9,91.3,91.7,92.0,92.3,92.5,92.7,93.0,93.2,93.5,93.8,94.0,94.3,94.5,94.6,94.6,94.7,94.6,94.4,94.2,93.9,93.6,93.3,92.9,92.5,92.0,91.4,90.7,89.8,88.8,87.7,86.5,85.1,83.7,82.3,80.9,79.6,78.3,77.0,75.9,75.1,74.5,74.0,73.6,73.3,73.3,73.5,73.7,73.9,74.2,74.4,74.7,74.9,75.1,75.3,75.5,75.7,76.0,76.4,77.0,77.8,78.8,80.0,81.5,83.2,85.1,87.3,89.6,91.8,93.9,95.7,97.1,98.2,99.0,99.5,99.7,99.7,99.6,99.4,99.2,98.9,98.6,98.3,98.1
87.5,88.1,88.8,89.6,90.4,91.4,92.3,93.1,93.6,94.0,94.2,94.3,94.3,94.3,94.3,94.4,94.5,94.7,94.8,94.8,94.7,94.7,94.5,94.3,93.9,93.5,93.0,92.4,91.5,90.5,89.4,88.1,86.6,85.0,83.5,82.0,80.7,79.5,78.4,77.5,76.9,76.7,76.8,77.3,78.0,78.9,79.8,80.8,81.9,82.9,83.8,84.8,85.6,86.3,86.9,87.5,88.0,88.5,89.1,89.8,90.7,91.8,93.2,94.9,96.7,98.3,99.5,100.0,100.0,100.0,99.8,99.6,99.4,99.0,98.5,98.0,97.6,97.3,96.9,96.5,96.2,95.9,95.8,95.8
90.5,90.9,91.2,91.5,92.1,92.6,93.2,93.8,94.2,94.6,94.9,95.2,95.4,95.7,95.9,96.2,96.4,96.4,96.4,96.3,96.2,96.0,95.8,95.6,95.4,95.0,94.4,93.6,92.7,91.6,90.7,89.9,88.8,87.7,86.4,85.1,84.2,83.9,83.9,84.5,85.6,87.0,88.8,90.6,92.5,94.4,96.0,97.4,98.5,99.2,99.3,99.1,99.3,99.8,100.0,100.0,100.0,100.0,100.0,100.0,100.0,100.0,100.0,100.0,100.0,99.6,99.2,98.8,98.5,98.3,98.1,97.9,97.6,97.5,97.4,97.1,96.4,95.7,95.2,95.1,95.1,95.2,95.4,95.8
92.2,92.6,93.1,93.6,94.3,95.1,95.8,96.3,96.8,97.1,97.3,97.3,97.4,97.4,97.5,97.5,97.6,97.5,97.5,97.4,97.4,97.3,97.2,97.2,97.1,97.0,97.1,97.2,97.2,96.9,96.1,94.3,92.2,90.0,88.2,87.1,87.1,88.4,90.8,94.0,96.6,97.9,98.4,98.0,97.8,98.2,98.5,98.6,98.7,98.7,98.9,99.2,99.2,99.3,99.3,99.3,99.4,99.5,99.7,99.8,99.7,99.5,99.3,99.3,99.3,99.0,98.5,98.0,97.9,98.2,98.2,98.2,98.1,97.9,97.7,97.4,97.1,97.2,97.6,98.0,98.1,98.3,98.3,98.1
95.1,95.5,96.1,96.6,97.1,97.6,97.9,98.4,98.7,98.8,98.9,99.0,99.1,99.2,99.3,99.2,98.9,98.7,98.4,98.1,97.9,97.7,97.5,97.3,97.1,97.0,97.1,97.4,97.9,98.2,98.5,98.6,97.4,95.8,94.6,94.2,94.9,96.4,98.2,98.9,99.3,99.4,99.6,99.9,100.0,99.9,99.6,99.3,99.2,99.3,99.2,99.1,99.1,99.2,99.2,99.0,98.6,98.4,98.3,98.1,97.8,97.4,97.0,96.3,95.4,94.4,93.3,92.0,90.7,89.7,89.0,89.0,89.2,89.6,90.5,91.6,92.7,93.6,94.1,93.7,92.4,91.6,91.1,90.8
98.8,98.9,98.9,98.9,98.9,98.8,98.8,98.8,98.9,99.0,99.1,99.2,99.2,99.2,99.2,99.1,99.1,98.7,97.9,97.1,96.0,95.4,95.2,95.3,95.2,94.7,93.8,92.4,91.3,90.8,91.2,92.2,93.4,94.3,94.6,94.2,93.3,92.0,90.7,89.2,87.7,86.6,86.3,86.1,85.5,85.0,84.6,85.1,85.8,85.5,83.8,82.9,82.1,82.3,82.6,83.2,83.2,83.0,82.6,82.6,80.3,80.0,80.2,80.5,81.0,82.0,82.5,82.9,83.0,83.3,83.7,84.2,84.5,84.5,84.3,83.4,82.4,81.3,80.1,81.0,82.6,83.7,85.3,86.6
99.0,99.2,99.8,99.8,99.8,99.8,99.8,99.8,99.3,99.1,98.9,99.8,99.8,99.7,97.2,93.4,90.0,87.0,84.4,82.2,80.3,79.5,79.6,80.0,80.6,80.9,80.9,80.6,79.9,79.0,78.6,79.5,82.2,86.7,91.8,95.9,97.3,96.6,95.5,93.3,91.4,89.7,88.1,86.1,83.5,80.6,79.4,80.2,82.9,86.4,88.9,87.5,83.0,77.4,74.3,73.7,75.0,75.3,74.3,73.4,72.4,72.2,73.4,76.3,82.7,78.3,77.0,75.2,74.3,74.2,74.6,75.1,76.5,77.9,78.8,79.4,79.5,79.0,78.0,77.5,78.2,76.5,76.7,75.9
99.2,99.0,99.0,99.2,99.4,99.5,99.5,99.2,99.6,99.4,98.9,90.5,82.8,78.6,75.5,71.3,74.4,79.0,73.8,97.4,100.0,100.0,93.0,87.8,91.1,87.1,81.5,69.1,78.4,86.4,90.6,93.2,96.0,97.9,99.0,99.5,99.6,98.8,96.8,94.1,91.8,90.2,89.2,87.7,85.1,81.5,79.0,78.9,80.8,83.9,85.7,83.2,78.2,72.6,70.6,70.7,71.0,70.9,70.5,70.7,71.4,71.9,72.4,72.5,72.3,72.2,72.3,72.7,72.7,72.8,73.2,74.8,77.3,78.3,77.9,76.9,75.7,74.4,73.1,72.3,71.7,71.6,71.8,72.2
99.8,99.7,99.8,99.6,99.0,99.3,99.4,99.4,99.7,99.8,99.7,97.8,98.0,99.1,99.2,99.9,99.3,98.7,94.8,80.4,82.2,81.3,76.4,82.6,87.7,89.9,90.5,91.5,94.3,97.9,99.1,99.0,99.6,99.9,99.9,99.8,98.9,97.5,95.5,92.3,88.6,85.7,84.4,83.6,82.1,79.7,78.3,77.8,79.2,81.5,82.0,79.0,73.7,69.8,68.8,68.7,68.2,67.3,66.6,66.7,67.1,67.2,67.2,67.5,69.0,71.8,74.6,75.6,75.6,75.3,75.2,75.3,74.5,74.0,74.1,74.2,74.0,73.6,73.4,72.9,72.3,72.0,72.1,72.2
99.3,99.7,99.7,99.4,97.4,95.7,96.4,98.4,99.6,99.7,99.7,98.9,98.7,99.4,99.7,98.8,92.4,90.9,87.5,79.4,83.9,85.8,98.8,93.1,84.2,87.1,94.0,99.0,99.2,99.8,99.8,99.8,99.9,98.5,96.7,94.8,92.8,90.8,88.2,85.5,83.9,83.9,84.1,83.0,80.1,76.7,74.5,75.0,77.1,78.8,78.7,75.9,71.7,67.4,64.9,63.5,63.2,63.1,63.3,64.0,65.2,66.7,67.9,69.0,70.2,71.2,71.2,70.4,69.9,69.9,71.4,72.0,71.1,70.7,69.7,69.3,68.6,67.4,66.8,66.4,66.8,66.1,65.9,66.1
98.9,98.6,98.3,98.2,98.1,97.6,97.1,96.8,96.9,97.5,98.1,97.8,96.4,95.9,97.1,97.9,100.0,98.8,93.9,93.8,92.8,92.4,92.7,93.8,95.2,95.4,94.8,93.5,92.5,94.0,96.5,97.1,95.5,93.6,92.0,89.5,85.7,82.2,80.3,79.1,78.0,77.4,77.4,77.1,75.7,73.9,73.0,73.5,73.2,74.1,73.8,70.9,66.3,64.4,64.0,63.3,62.6,62.2,62.0,61.8,61.4,62.0,63.5,64.6,64.4,64.1,64.3,68.3,75.1,67.0,67.8,67.9,67.9,68.1,68.6,68.4,68.1,66.9,64.0,60.6,58.3,57.8,58.1,58.1
98.8,98.5,98.2,97.5,95.5,93.7,93.4,93.7,93.4,93.4,95.2,97.9,98.6,96.9,96.1,96.6,95.9,94.4,94.3,95.1,95.6,95.1,93.5,91.3,89.5,88.5,89.5,92.4,92.8,91.8,92.0,91.4,87.8,83.2,81.2,80.3,79.0,77.6,76.4,75.3,74.6,73.6,72.8,73.1,73.6,72.8,71.2,72.0,72.9,72.2,70.4,68.7,68.0,67.5,67.0,65.2,63.4,65.2,67.4,69.9,73.7,91.0,100.0,96.1,84.9,72.2,64.0,63.6,63.0,62.6,63.1,63.7,64.4,65.5,66.3,67.0,66.9,64.9,62.2,59.7,57.3,55.8,54.7,53.3
99.7,99.6,98.8,98.1,96.7,94.7,92.8,91.0,89.4,88.0,89.2,94.4,99.2,99.5,97.7,95.1,93.1,93.9,96.2,98.0,98.2,97.4,96.3,95.2,95.0,96.0,95.8,94.1,92.1,89.9,88.1,86.4,83.8,81.0,79.0,77.3,75.3,73.6,72.7,72.1,72.6,74.5,75.6,74.3,73.0,72.9,72.9,71.6,70.9,70.6,70.7,70.8,70.2,70.7,70.5,67.3,61.2,70.6,89.1,79.3,76.1,68.0,67.4,66.5,63.9,61.7,60.7,60.2,60.0,59.3,58.6,58.5,58.9,59.6,60.6,62.2,63.2,62.0,59.9,59.4,58.7,57.5,56.7,56.2
99.5,99.6,99.6,98.7,97.1,95.3,92.6,90.0,88.6,87.6,87.3,92.6,99.7,99.7,99.7,96.8,95.4,95.6,96.2,95.1,94.7,96.6,93.3,86.4,84.6,87.2,89.8,88.8,86.8,86.2,85.8,84.1,81.8,80.1,78.8,77.8,77.1,75.7,75.6,75.6,76.3,75.0,73.0,72.2,72.9,72.5,71.3,70.7,70.0,71.3,72.6,72.9,73.8,75.1,76.8,83.5,97.2,94.2,75.2,70.6,67.8,66.8,65.1,64.2,63.5,62.9,64.3,64.2,63.8,63.6,62.8,61.4,60.3,59.6,59.2,58.9,58.5,58.6,58.8,59.2,59.3,58.7,58.0,58.4
99.6,99.0,99.1,99.1,97.6,96.7,94.9,91.1,88.3,89.1,89.5,88.1,92.9,99.7,99.7,99.4,95.7,94.0,92.6,91.1,94.9,96.9,89.1,81.9,83.2,85.3,86.5,86.6,85.1,83.3,83.1,82.2,80.3,79.6,79.9,80.1,78.4,76.6,75.9,75.1,74.0,74.2,76.6,77.1,74.6,72.2,71.1,69.2,70.2,73.1,79.2,86.4,85.5,79.4,83.9,91.3,83.4,80.6,79.5,78.5,76.1,73.6,71.3,69.5,68.5,67.9,67.5,66.4,65.6,64.9,65.1,64.5,63.5,63.0,62.5,62.3,62.1,62.2,62.8,64.4,63.5,68.5,85.2,84.3
99.2,99.5,99.3,99.2,98.4,96.2,94.7,94.8,91.3,84.8,82.5,85.2,88.5,93.7,99.1,99.4,95.1,92.6,89.1,89.8,97.1,96.0,89.3,86.9,87.2,88.6,86.8,85.0,85.1,84.3,82.9,81.8,81.2,81.5,81.9,82.1,82.0,80.3,78.4,76.8,75.7,74.3,76.2,79.4,75.0,68.9,69.5,71.2,71.7,76.2,84.1,87.1,84.0,89.5,95.4,90.3,87.6,84.7,82.3,81.3,79.6,77.5,75.7,74.7,74.8,74.2,73.5,73.0,72.1,70.6,70.6,71.1,70.3,70.0,69.3,69.6,70.6,71.6,72.5,76.2,74.2,71.6,71.2,73.8
98.8,99.5,99.4,99.5,98.3,96.4,92.7,90.3,91.3,91.5,89.4,86.8,87.5,93.8,99.7,98.1,90.5,92.4,91.2,84.0,87.3,95.7,95.6,94.2,93.5,94.5,93.7,93.9,95.3,91.3,88.8,87.0,86.4,86.3,86.0,85.1,82.8,80.6,79.3,78.9,78.1,77.7,78.5,76.6,77.3,78.2,77.3,76.0,77.6,84.5,90.6,90.0,88.9,91.6,93.7,96.4,95.9,89.6,85.9,83.6,81.2,79.5,79.8,79.4,78.8,78.0,77.5,77.6,78.4,78.0,78.4,78.6,79.3,79.9,81.1,82.3,83.4,84.6,84.8,83.8,83.7,84.3,86.1,86.0
98.6,99.4,99.2,99.4,98.2,96.3,93.5,89.3,88.9,89.3,91.2,92.1,88.8,86.0,91.7,96.6,91.4,90.1,88.2,96.5,93.3,89.3,88.5,91.9,97.6,92.8,97.0,94.2,95.2,94.2,87.3,85.0,85.2,84.8,83.7,82.8,81.9,82.1,82.6,83.0,82.9,82.3,80.6,79.0,79.7,82.3,84.4,86.8,90.3,92.6,89.8,88.3,89.5,90.3,90.5,92.6,92.9,90.6,88.4,87.4,89.0,88.4,88.0,86.9,85.8,85.1,84.7,83.6,83.7,83.4,83.8,85.1,86.4,87.7,87.6,89.4,90.9,92.6,94.5,95.8,96.5,97.2,97.2,96.3
95.2,99.3,98.4,98.5,98.4,97.1,94.7,90.8,86.9,85.9,89.2,90.7,88.7,87.4,88.4,88.1,93.3,90.6,96.9,100.0,98.8,86.3,85.6,90.3,93.5,91.2,90.9,93.1,92.6,91.5,91.0,90.0,92.8,90.2,90.1,91.6,91.5,88.4,83.6,82.5,82.7,83.8,85.5,85.8,85.1,85.2,86.2,89.4,90.7,89.6,85.1,82.6,87.9,91.9,92.6,92.4,88.9,89.2,92.1,91.3,86.3,81.1,85.5,91.6,92.0,94.5,95.9,96.2,95.4,94.2,94.2,95.2,96.3,97.8,97.7,97.6,97.6,97.3,97.7,98.6,97.9,98.0,98.0,98.0
93.3,98.8,98.2,97.4,96.9,97.1,96.7,92.0,87.1,85.5,87.1,91.0,89.5,91.3,94.6,91.6,85.8,95.1,96.8,83.0,76.7,80.5,89.2,93.9,91.6,86.7,93.7,94.5,90.2,91.3,92.0,90.8,91.8,87.1,91.6,91.7,89.7,89.9,92.4,93.7,94.7,95.5,93.1,91.2,91.4,92.6,95.0,92.9,92.0,91.9,90.3,91.1,91.4,91.3,91.5,90.1,88.4,90.0,88.8,90.6,91.9,92.8,89.4,87.3,90.4,92.0,98.4,86.7,88.6,94.4,97.6,97.2,97.4,97.2,97.1,97.0,97.8,98.1,98.1,98.3,97.7,97.3,98.1,97.1
98.8,99.0,98.2,97.3,93.8,92.6,97.3,95.3,87.1,87.3,85.5,87.4,90.9,89.5,90.1,89.4,100.0,96.0,73.6,75.8,85.3,89.1,91.8,88.1,79.6,87.8,87.0,88.8,89.3,90.2,88.7,85.8,82.1,83.6,85.0,89.1,88.8,92.8,96.2,95.9,97.8,97.5,93.1,88.7,86.5,89.9,93.1,93.9,96.5,97.2,95.7,96.1,95.5,95.0,93.5,92.0,90.6,88.5,89.8,90.4,88.9,87.1,86.0,86.2,88.6,95.4,90.4,90.7,92.1,89.3,92.0,96.8,98.4,98.3,98.3,98.5,98.4,98.2,98.2,98.2,96.6,96.1,95.5,94.7
98.7,98.4,97.7,94.7,89.1,86.3,92.7,97.4,85.9,86.2,86.1,86.2,88.6,90.5,99.1,98.7,90.5,87.1,83.3,83.6,81.4,87.0,81.9,74.5,82.5,86.0,85.9,86.8,86.7,88.5,88.4,88.2,90.5,91.0,91.6,87.6,88.6,90.8,90.9,92.7,90.7,92.2,94.9,95.9,95.9,96.1,95.5,93.7,93.7,99.0,98.1,97.7,98.3,98.9,95.3,91.6,92.4,89.1,89.1,90.2,88.8,89.6,88.5,92.0,81.9,86.2,87.8,89.2,93.0,93.9,93.3,94.7,96.9,98.9,98.8,98.6,98.2,97.3,97.6,97.0,95.6,94.2,93.8,93.3
99.0,95.8,93.7,88.1,80.3,81.3,90.4,97.4,87.5,84.1,86.7,83.8,82.9,94.6,94.2,88.7,79.3,88.4,86.4,89.8,87.6,82.9,74.1,74.6,82.4,86.4,89.5,91.0,92.9,94.4,91.6,89.9,92.1,95.6,97.4,93.6,88.5,91.4,91.3,90.9,90.3,93.5,86.9,79.5,81.5,85.9,90.0,94.5,96.5,96.6,95.6,93.9,94.1,96.3,92.6,95.8,95.2,96.7,96.5,98.6,94.4,82.8,74.9,83.0,83.1,84.3,91.2,95.7,96.8,96.5,96.4,95.7,95.9,95.7,96.9,97.9,97.8,96.8,95.5,93.9,93.6,92.8,92.3,90.7
94.4,91.8,90.0,79.7,76.8,86.5,90.8,87.9,82.5,84.8,90.1,95.0,96.6,87.6,85.0,88.7,84.5,89.9,89.4,87.0,82.6,80.3,75.4,74.8,81.3,89.4,93.7,93.4,93.7,93.4,92.5,89.9,92.9,94.6,95.1,95.2,93.2,91.8,89.5,88.1,84.6,88.1,91.3,92.5,87.9,86.6,87.5,86.0,88.3,84.2,87.0,91.0,92.7,93.5,96.0,97.1,96.4,93.4,96.6,97.7,93.0,84.7,92.2,96.4,96.0,98.1,98.8,98.7,98.1,98.2,98.2,97.7,97.0,96.7,97.1,96.2,95.6,94.9,93.6,92.5,92.0,91.5,88.4,85.7
89.3,86.5,91.3,78.0,77.1,85.2,89.9,87.5,69.4,74.3,82.1,96.8,98.6,94.1,92.7,83.8,86.2,84.7,77.7,78.8,78.1,79.4,79.2,82.5,85.5,92.4,87.0,87.8,86.2,92.1,90.8,93.0,94.9,96.5,96.8,95.4,93.8,92.7,93.0,95.1,88.8,89.7,91.5,89.8,95.5,94.9,95.7,94.7,93.5,95.0,94.1,93.0,94.9,95.4,96.2,96.6,95.4,94.7,97.0,98.9,92.8,97.1,96.9,97.5,95.8,98.1,97.9,97.6,97.7,98.3,98.1,97.9,97.2,97.2,97.1,95.9,94.9,94.0,92.7,93.1,92.9,90.8,84.9,84.8
80.5,80.7,91.9,78.6,80.9,79.1,85.5,70.6,64.9,71.5,84.6,81.4,89.7,93.0,87.6,88.2,80.7,72.8,76.6,78.3,76.9,77.6,85.1,91.2,85.1,86.5,85.0,87.6,87.4,85.9,91.0,95.8,99.7,96.7,95.6,89.1,86.1,92.4,94.1,91.6,95.5,96.3,99.0,96.5,95.9,95.0,92.8,93.3,95.9,96.0,95.4,94.2,95.7,97.8,99.6,97.9,97.2,97.9,98.9,99.5,88.8,92.0,97.2,96.2,97.5,96.5,97.2,97.4,98.3,98.4,98.2,97.3,96.4,96.3,95.3,95.5,94.1,93.9,94.4,92.7,88.3,86.4,89.5,89.0
69.1,69.5,85.0,83.0,79.0,77.8,91.3,70.7,67.7,57.8,59.1,77.4,89.7,91.0,87.8,76.5,83.1,72.2,74.8,76.4,73.5,76.6,87.4,94.9,85.2,82.8,84.7,92.5,90.9,88.3,90.8,85.7,84.1,90.0,87.8,92.1,87.8,93.5,97.3,96.5,96.0,94.0,94.9,97.8,99.0,98.8,98.8,97.6,97.0,93.9,92.2,94.2,95.3,96.3,96.3,95.5,95.9,98.4,97.2,98.1,90.5,96.0,95.5,97.4,98.6,97.2,97.7,96.4,96.7,97.3,97.8,96.9,96.6,95.6,96.1,94.7,94.8,94.6,90.3,86.4,87.1,89.9,92.6,93.4
62.7,64.7,76.0,88.7,78.7,80.9,84.5,72.0,71.7,57.7,51.0,59.3,70.3,74.7,83.4,78.7,71.3,71.8,76.7,73.6,74.5,76.7,81.3,89.3,87.3,83.7,81.9,76.8,75.7,81.8,81.6,85.0,85.2,86.6,91.7,95.6,96.5,97.2,93.3,91.9,95.6,98.2,93.6,91.6,91.2,88.8,87.2,83.2,82.4,81.1,86.5,92.1,94.5,95.4,95.6,95.7,94.8,98.2,99.3,99.2,94.7,93.1,97.0,97.5,97.2,96.8,96.6,96.9,96.6,96.4,96.9,95.1,94.1,94.5,95.4,95.4,92.8,89.3,86.8,86.0,88.4,89.3,93.7,94.7
75.5,78.4,79.8,85.9,88.0,79.2,82.9,73.7,64.9,52.4,48.4,51.4,54.1,62.6,64.3,67.0,68.2,70.6,72.2,74.2,72.6,74.8,77.0,75.9,79.5,89.0,94.7,93.2,92.5,89.5,90.0,88.2,89.0,94.8,96.0,95.0,92.2,93.1,89.1,98.5,92.1,84.1,80.3,76.9,73.2,61.9,61.0,69.6,78.5,81.4,84.7,93.4,91.8,91.2,94.7,95.5,94.4,98.3,97.9,99.0,95.0,95.8,97.4,98.7,96.9,96.5,95.4,94.6,89.9,88.2,86.0,84.9,89.6,93.3,93.3,91.1,89.2,87.4,86.5,87.8,85.8,82.3,86.7,90.8
72.9,71.4,74.8,81.8,91.5,81.8,78.7,68.7,60.7,52.8,58.1,58.0,57.2,73.7,77.4,81.1,78.2,75.6,62.0,66.8,71.4,72.4,76.6,79.0,81.5,88.1,87.1,87.3,88.0,85.4,88.3,91.4,97.0,95.9,94.8,92.9,92.7,95.4,97.9,92.3,79.6,65.0,53.8,54.9,53.4,56.6,58.6,72.6,77.5,85.6,85.5,88.3,87.3,86.0,91.3,95.1,89.4,97.3,96.8,98.2,95.4,98.2,98.9,98.9,98.4,95.2,87.3,86.6,81.7,77.7,75.6,82.1,87.0,88.6,87.7,86.2,85.6,84.5,86.9,85.8,78.6,78.7,84.3,88.6
60.3,62.5,72.8,78.0,85.5,86.8,81.3,82.7,85.9,83.2,68.0,65.8,61.4,63.6,69.2,76.2,70.9,78.5,67.3,70.5,70.3,74.1,84.9,94.6,93.2,94.0,90.4,83.3,90.0,92.9,93.3,95.4,95.8,94.9,91.7,92.4,92.8,95.0,93.3,75.6,56.3,42.2,44.7,51.2,50.5,56.5,63.0,68.7,75.3,79.8,76.2,75.9,72.2,77.3,75.5,92.1,91.8,92.1,95.3,96.9,96.3,97.8,96.2,96.0,94.3,85.4,79.1,72.3,68.6,67.2,70.3,80.2,82.6,82.5,82.9,83.0,84.3,85.1,83.9,83.0,82.3,79.3,77.8,79.3
68.8,68.3,77.5,80.6,86.1,87.3,84.9,82.6,83.6,90.5,86.1,74.2,66.8,61.7,62.8,68.1,68.8,72.2,69.2,69.3,70.4,74.5,91.9,94.2,89.3,88.1,91.8,92.4,87.9,95.5,96.7,98.4,94.6,89.5,91.3,96.8,98.8,91.7,71.6,52.3,44.9,43.0,45.5,51.5,51.5,59.5,63.6,71.5,65.8,64.6,69.0,69.3,66.9,53.0,46.5,54.5,83.1,95.2,93.1,98.6,96.1,92.6,95.2,88.3,71.2,67.8,55.2,52.2,53.1,62.8,74.8,78.3,76.5,75.6,79.5,80.0,74.9,72.9,73.4,77.1,76.5,76.6,77.0,77.0
72.1,76.6,80.5,80.4,84.1,84.9,83.1,80.9,80.5,85.8,89.5,78.7,57.8,68.7,68.1,66.8,67.2,64.9,67.8,66.9,68.0,72.5,75.8,81.1,82.8,89.0,90.4,94.0,92.5,92.1,97.1,95.0,91.3,88.9,92.9,96.5,96.2,69.9,47.2,44.3,40.4,41.1,46.7,48.0,55.8,68.5,63.4,67.5,53.3,46.7,54.4,54.6,52.4,51.0,58.0,53.5,81.8,78.3,91.2,92.9,86.5,91.6,76.1,54.7,46.1,41.3,43.1,43.2,50.2,59.0,69.1,67.9,63.7,62.6,64.9,65.5,67.7,69.3,70.6,76.0,74.5,77.2,78.9,81.2
76.4,77.9,81.1,79.7,80.1,80.8,77.9,80.0,83.6,78.3,86.2,71.4,60.0,69.1,68.5,68.3,68.9,73.4,74.2,69.7,75.6,78.3,82.4,82.9,82.6,90.4,89.1,96.0,94.8,94.3,97.1,93.1,90.6,91.4,93.7,96.5,79.5,49.8,51.1,46.3,39.0,37.5,45.5,53.9,67.9,70.8,65.5,60.9,51.8,41.4,45.2,43.3,48.1,47.9,60.1,70.6,78.5,86.9,88.5,86.6,77.8,64.0,44.1,40.1,38.1,36.8,40.0,41.5,51.7,57.3,63.9,63.1,57.2,58.9,62.3,62.1,61.9,63.1,72.6,73.5,79.7,80.9,86.5,86.7
80.3,83.2,81.4,78.6,78.4,82.5,82.4,86.8,87.6,81.3,70.5,61.6,61.9,66.6,72.6,71.1,62.5,68.6,64.1,66.4,73.7,76.5,84.5,85.4,87.7,92.7,92.7,92.6,92.5,94.5,93.5,86.1,87.8,91.1,94.0,93.7,50.7,48.9,42.7,37.7,37.6,45.1,46.2,43.4,60.7,63.9,59.3,55.4,51.8,43.7,41.4,46.2,49.5,54.9,61.7,65.5,68.5,73.4,79.4,71.1,54.2,44.8,41.0,38.0,37.3,39.9,44.5,54.2,62.0,69.9,72.3,69.6,64.8,58.1,60.2,65.3,67.8,71.9,74.5,77.0,79.5,85.8,88.5,92.0
