wind-weather/data/weather/current/current-relative_humidity-isobaric-850hPa-gfs-1.0.json
{"header": {"discipline":0,"disciplineName":"Meteorologicalproducts","gribEdition":2,"gribLength":75136,"center":7,"centerName":"USNationalWeatherService-NCEP(WMC)","subcenter":0,"refTime":"2015-09-28T00:00:00.000Z","significanceOfRT":0,"significanceOfRTName":"Analysis","productStatus":0,"productStatusName":"Operationalproducts","productType":0,"productTypeName":"Analysisproducts","productDefinitionTemplate":0,"productDefinitionTemplateName":"Analysis/forecastathorizontallevel/layeratapointintime","parameterCategory":1,"parameterCategoryName":"Moisture","parameterNumber":1,"parameterNumberName":"Relative_humidity","parameterUnit":"percent","genProcessType":0,"genProcessTypeName":"Analysis","forecastTime":0,"surface1Type":100,"surface1TypeName":"Isobaricsurface","surface1Value":85000.0,"surface2Type":255,"surface2TypeName":"Missing","surface2Value":0.0,"gridDefinitionTemplate":0,"gridDefinitionTemplateName":"Latitude_Longitude","numberPoints":65160,"shape":6,"shapeName":"Earthsphericalwithradiusof6,371,229.0m","gridUnits":"degrees","resolution":48,"winds":"true","scanMode":0,"nx":360,"ny":181,"basicAngle":0,"subDivisions":0,"lo1":0.0,"la1":90.0,"lo2":359.0,"la2":-90.0,"dx":1.0,"dy":1.0}, "data":
[rows 76 to 113 of 181, columns 168 to 251 of 360]
75.6,77.1,81.3,80.6,77.6,74.8,75.4,72.0,71.2,71.4,73.7,77.1,76.3,73.6,73.3,74.9,79.4,84.3,81.6,81.8,79.4,80.0,81.4,81.9,79.3,80.1,76.8,76.0,76.6,79.4,80.3,79.0,83.2,72.1,64.7,74.1,81.4,80.8,86.1,82.3,72.5,82.2,65.4,83.7,99.3,97.5,87.8,44.8,45.1,53.6,79.1,87.2,83.1,79.5,84.1,85.8,84.3,84.4,82.7,63.9,47.5,51.9,53.2,54.6,58.5,54.7,56.6,61.0,60.1,61.8,64.8,98.0,87.6,83.8,84.8,83.1,74.2,74.1,69.0,69.4,72.0,79.6,88.2,86.8
80.1,81.4,81.2,80.0,82.0,77.9,74.2,77.0,76.6,81.6,79.1,75.9,74.3,71.3,69.6,71.4,75.4,75.6,80.1,84.8,80.6,79.7,74.3,69.5,77.9,77.8,76.8,75.1,76.3,79.5,81.0,78.8,77.7,77.5,81.6,77.9,79.5,84.3,88.4,90.0,74.5,83.5,64.1,72.4,83.3,80.1,58.3,57.2,51.9,74.3,77.6,74.0,76.1,82.9,86.0,88.5,87.9,87.1,87.3,80.2,64.4,48.0,51.5,62.5,58.4,65.0,68.4,63.7,70.1,72.3,85.0,91.0,87.0,85.0,85.6,87.1,94.8,92.3,74.8,68.9,74.1,78.4,70.2,76.4
83.1,81.7,84.4,84.7,88.6,83.3,80.1,78.6,84.2,82.2,80.4,73.9,69.4,70.5,75.8,74.8,76.6,76.5,75.7,78.5,75.8,77.9,77.7,71.9,69.9,75.5,75.9,77.0,78.5,80.2,81.7,78.2,81.9,84.4,80.5,87.0,80.2,83.5,78.4,68.2,80.1,81.4,75.1,73.1,64.1,59.8,81.9,65.1,74.2,82.0,81.3,83.1,81.5,82.5,86.1,86.3,85.4,84.4,84.2,87.3,86.3,60.7,47.5,61.1,84.7,74.2,70.7,66.6,80.2,94.4,89.4,86.8,86.1,85.9,86.4,90.8,85.7,89.4,87.0,85.6,88.3,86.7,87.2,86.5
70.9,75.3,83.8,84.8,84.8,84.5,82.2,80.9,82.7,81.8,74.7,73.2,72.1,73.8,70.3,71.4,73.3,75.2,74.1,77.3,75.9,79.1,79.7,76.1,75.9,75.0,77.9,80.3,85.0,80.5,80.6,79.1,80.2,82.7,79.5,78.4,77.6,76.1,64.6,59.8,79.0,77.7,87.5,74.6,65.2,86.0,80.2,71.4,86.2,86.5,88.8,87.1,85.0,83.5,85.4,89.8,91.5,86.7,83.9,83.7,90.3,74.6,60.7,71.0,90.4,80.5,74.3,83.9,96.5,87.2,90.1,86.1,88.6,86.3,86.4,89.1,85.9,87.1,86.0,90.0,88.4,86.8,94.4,93.1
82.7,81.9,80.3,81.8,80.8,79.5,79.5,85.2,83.2,81.6,78.2,72.8,72.4,72.3,81.7,78.5,74.9,73.6,74.8,77.7,79.9,81.0,82.4,82.4,80.0,80.0,76.5,74.5,78.4,76.8,78.2,80.4,81.4,81.3,79.9,75.6,56.4,55.5,49.2,56.7,71.5,68.2,81.7,79.2,83.4,83.4,83.8,80.5,82.0,85.2,86.7,90.4,88.9,84.9,81.6,82.2,83.1,86.5,88.7,84.5,88.5,86.6,67.1,57.3,65.3,74.8,77.2,86.3,92.2,86.5,86.5,86.6,87.5,90.1,90.1,92.2,91.0,86.1,86.8,89.4,91.4,95.6,93.9,89.8
85.2,87.7,83.4,82.5,81.6,81.1,77.5,81.2,81.9,76.2,68.1,73.4,75.9,78.9,80.2,79.4,76.8,69.1,75.5,81.9,87.2,84.9,81.9,83.4,82.7,79.4,75.2,71.9,77.3,77.8,79.4,81.7,82.9,83.0,83.7,59.8,60.8,57.7,50.2,42.4,58.1,76.8,71.6,79.9,84.7,84.4,82.1,84.6,84.8,84.4,88.5,83.5,81.6,77.7,73.8,73.0,74.6,75.0,79.7,75.7,86.6,88.3,85.8,64.0,70.4,82.7,80.6,78.6,84.8,88.5,89.5,89.6,88.8,89.8,93.3,93.7,94.4,95.7,93.0,90.6,85.5,85.1,83.9,79.3
81.5,81.1,80.9,78.1,77.7,75.1,75.8,71.3,65.6,70.9,77.3,76.6,74.1,73.0,77.7,78.4,77.4,74.1,71.7,82.7,88.9,88.1,85.5,81.1,80.7,79.0,74.6,71.3,77.3,78.7,80.9,81.4,80.7,86.9,82.1,79.5,76.0,73.8,65.2,43.1,53.8,77.0,77.0,79.9,84.6,85.5,84.6,86.2,84.0,85.6,86.5,85.6,81.8,77.2,65.2,40.4,41.7,54.8,71.5,77.2,83.7,85.8,88.1,87.7,85.8,87.4,83.6,88.2,89.6,90.5,92.7,90.1,89.0,92.0,99.3,87.4,85.5,75.3,69.4,81.9,96.4,83.4,63.8,81.6
75.4,73.2,75.5,73.4,71.8,72.3,75.0,77.3,71.1,72.9,77.3,81.1,76.7,74.5,75.1,77.2,76.0,74.8,75.9,80.3,85.9,88.3,86.9,85.8,84.4,82.6,79.2,72.3,72.7,77.8,75.9,79.8,71.5,79.6,88.8,79.7,75.5,78.8,69.8,69.8,64.1,81.2,85.4,85.0,87.1,84.6,84.2,77.8,77.0,80.7,75.8,83.2,83.2,80.8,51.5,36.0,45.4,48.8,48.9,62.8,87.0,88.1,92.1,89.1,89.9,89.7,89.9,90.1,90.2,92.8,95.5,92.7,94.2,91.7,90.5,86.4,75.2,65.7,59.0,92.0,89.2,82.3,86.5,85.8
69.8,73.4,75.2,74.8,74.2,73.7,63.0,80.8,79.0,77.3,78.2,79.0,81.9,78.1,75.6,80.8,80.5,73.7,76.6,78.4,83.5,85.2,84.6,84.8,80.7,78.5,74.3,68.6,68.4,67.7,67.8,71.1,79.2,85.5,82.6,76.8,76.4,73.5,77.3,77.6,83.2,84.6,87.5,88.7,85.9,83.5,78.9,76.0,75.4,66.7,72.1,76.1,86.5,72.5,38.5,59.2,94.3,78.0,71.9,69.3,65.3,67.5,87.1,89.3,91.7,90.3,93.3,91.5,91.7,91.0,89.6,93.1,91.2,89.4,78.0,74.5,66.5,66.9,74.0,91.6,80.2,72.2,80.8,83.0
77.0,73.2,75.1,72.9,73.9,72.8,74.3,73.5,79.3,78.4,79.4,76.3,78.2,76.1,77.0,79.4,80.3,77.9,80.5,79.0,82.7,81.5,82.9,82.6,82.4,80.4,75.2,75.7,70.8,63.5,65.8,78.1,83.0,86.1,85.9,87.6,71.4,76.8,83.6,86.8,86.2,88.3,89.0,87.4,86.2,83.3,81.1,82.0,73.3,67.9,70.9,73.0,81.3,49.9,47.3,81.3,86.4,87.9,84.0,85.6,90.9,81.7,81.7,83.8,88.1,90.2,90.3,89.8,92.8,92.8,90.5,92.7,77.1,74.0,68.6,65.5,58.5,63.9,77.7,77.5,68.4,72.5,77.4,82.1
75.9,75.8,70.2,66.4,64.5,65.0,67.9,64.2,65.9,70.0,65.6,69.0,78.4,78.0,77.5,78.2,78.7,81.5,79.6,82.2,81.5,80.2,83.3,84.2,83.8,79.1,80.6,78.6,78.9,84.3,86.6,85.0,82.2,92.2,85.3,88.3,84.9,80.7,82.1,88.4,86.4,80.5,83.6,83.1,85.6,81.9,83.5,79.2,76.0,74.6,79.9,73.5,61.5,57.1,61.7,77.3,86.5,92.4,87.7,88.2,86.1,90.5,94.1,77.5,89.2,90.5,91.9,91.9,93.3,93.6,92.6,73.6,66.8,62.6,60.6,58.4,57.3,75.2,89.1,91.2,76.8,76.5,76.6,84.8
75.8,73.7,73.8,70.0,66.4,62.2,61.8,65.6,66.7,65.2,63.4,69.3,76.2,79.6,78.8,73.5,78.5,84.3,83.0,82.3,84.6,81.4,81.8,77.8,81.3,78.3,77.7,80.8,84.9,84.6,83.2,81.3,83.6,78.8,78.9,81.1,83.6,83.9,85.6,76.8,76.9,77.6,81.1,85.3,86.1,86.0,74.7,76.5,71.0,80.8,63.5,57.7,53.5,61.2,53.3,61.8,93.7,92.6,94.6,93.4,90.1,90.9,87.3,89.2,93.1,87.6,96.8,98.0,98.4,98.0,75.0,66.7,62.9,64.8,56.2,52.7,67.1,87.1,96.6,98.3,94.8,78.9,74.9,94.0
75.4,73.7,75.6,73.4,69.5,73.2,65.2,72.3,76.1,63.3,72.5,78.5,78.6,78.2,76.3,78.0,80.5,84.9,84.1,82.4,87.3,82.1,77.1,75.7,77.3,75.5,74.2,79.0,87.5,86.0,82.0,82.2,85.1,79.8,81.0,78.9,80.6,83.8,75.7,76.8,80.7,80.4,80.1,81.7,88.0,78.9,55.4,59.9,82.6,85.8,86.6,69.8,49.3,44.2,52.0,50.8,75.6,84.7,93.7,89.7,93.2,88.1,81.2,79.6,95.4,92.1,93.5,99.4,95.4,87.8,74.7,62.1,60.9,58.0,61.7,64.9,74.5,85.9,99.4,99.4,96.0,94.1,77.5,76.8
77.5,77.9,76.4,74.8,76.0,71.1,71.3,79.2,75.5,79.7,81.0,77.5,75.6,75.7,81.7,82.0,83.7,89.1,87.3,86.4,84.3,87.4,81.6,76.1,70.2,63.5,71.6,83.5,84.6,86.4,83.5,86.5,83.5,85.9,91.5,82.5,79.2,71.6,61.8,72.8,78.7,81.4,86.2,88.6,70.0,52.9,54.8,81.1,97.7,90.0,89.4,94.7,77.2,54.1,40.8,49.4,55.2,72.6,78.7,82.2,83.0,76.9,71.0,70.2,80.9,99.0,99.3,99.4,90.1,71.2,70.6,60.4,52.6,70.3,74.9,79.2,83.0,97.7,99.4,99.4,99.1,95.3,92.9,87.7
71.9,73.8,70.3,76.3,80.1,77.4,78.9,75.6,78.5,81.5,80.9,76.1,72.8,70.0,68.0,78.2,82.8,86.6,83.2,82.8,84.5,82.7,82.6,77.3,80.0,61.5,74.9,71.7,75.9,82.5,79.4,80.4,76.4,78.4,80.4,74.0,52.3,48.5,80.5,89.0,85.2,87.2,90.5,77.6,56.1,49.5,78.2,93.6,99.3,95.2,96.0,90.7,70.0,53.7,50.8,47.3,47.8,58.4,63.0,69.8,66.5,65.8,64.2,68.2,77.6,95.9,99.2,91.0,75.1,69.9,71.8,71.1,72.1,90.3,84.0,85.6,99.4,99.4,99.4,99.4,99.4,99.4,96.0,89.6
66.7,67.0,70.2,74.0,76.9,72.7,73.8,78.1,80.0,81.0,78.3,71.4,70.7,74.2,73.1,73.3,71.4,81.7,83.1,81.5,81.2,80.6,83.2,82.7,73.0,73.5,80.2,78.8,76.9,70.5,70.6,67.3,57.0,51.8,45.3,47.2,45.1,60.1,73.9,86.2,86.4,81.1,83.2,67.3,55.4,73.3,86.7,99.3,99.3,94.7,95.9,81.9,74.1,68.7,53.3,51.1,50.7,53.2,59.7,64.5,58.8,56.8,57.3,59.0,69.1,77.2,73.9,69.9,61.4,61.3,77.6,95.5,93.9,99.4,99.4,95.4,96.1,97.4,96.0,99.4,99.4,93.0,81.0,69.6
77.3,71.5,74.7,74.0,81.4,85.4,83.2,81.8,80.6,94.8,68.9,63.9,81.0,94.4,79.5,48.1,46.4,81.3,85.2,81.8,83.2,81.9,82.8,79.7,76.1,79.1,67.6,49.2,52.8,73.7,66.0,39.1,28.7,26.4,23.0,28.1,39.1,55.7,77.1,87.0,67.8,61.9,63.3,53.4,50.2,58.9,56.4,58.0,55.5,66.3,81.1,79.5,80.4,89.8,77.6,55.4,51.3,54.9,55.1,51.3,42.4,43.0,45.0,46.0,50.0,51.6,50.6,46.0,50.2,60.3,73.1,94.2,99.4,99.4,95.0,94.9,95.4,99.4,95.7,87.6,79.3,67.5,57.8,51.7
68.0,83.3,80.7,80.4,80.3,78.2,79.0,82.0,89.0,66.1,62.7,59.9,70.7,55.8,47.9,35.2,51.1,79.9,90.8,84.7,77.4,80.1,80.8,78.9,72.3,44.6,40.2,33.0,32.0,34.8,36.5,36.2,31.0,28.6,26.0,22.8,28.2,43.3,70.0,68.9,41.2,40.9,38.9,34.2,27.3,23.9,26.7,31.2,38.8,49.3,59.8,68.1,99.4,99.3,85.9,96.9,73.3,55.4,50.1,52.3,60.2,56.5,48.7,44.8,39.1,40.7,42.5,42.8,45.9,51.8,62.7,84.9,97.3,99.5,99.5,99.4,97.5,99.4,93.4,74.4,65.6,54.7,48.1,38.4
77.3,73.2,79.1,85.9,90.0,81.7,73.8,89.1,68.4,63.8,63.7,62.3,55.1,39.6,34.1,23.2,29.5,60.2,84.5,87.5,84.6,79.9,80.4,78.3,72.5,62.1,43.8,25.1,30.7,40.0,45.9,48.4,39.5,33.3,30.8,22.0,20.5,27.2,39.7,35.2,23.3,21.0,21.3,23.8,25.8,25.3,26.4,37.1,46.0,41.6,49.2,67.6,99.4,98.9,86.9,90.5,68.1,59.8,58.1,70.9,88.2,80.9,58.3,54.2,63.7,80.5,74.3,66.1,48.5,42.6,63.1,67.2,75.6,94.7,94.6,99.5,99.5,99.5,91.5,72.2,61.5,61.7,56.4,52.5
78.4,78.2,79.5,80.7,80.4,83.5,83.1,77.3,70.0,66.9,60.6,50.3,33.1,33.3,36.0,26.0,24.1,37.9,69.6,88.1,82.0,79.2,73.1,66.7,77.6,85.8,92.9,64.3,71.8,82.9,63.6,54.2,56.2,46.5,36.6,28.2,22.1,20.3,23.4,24.3,22.8,21.0,18.7,16.9,17.6,22.8,31.4,34.1,27.5,22.5,38.9,65.2,80.5,97.7,87.1,88.2,79.6,94.5,81.6,77.9,81.8,72.8,66.3,68.6,82.1,77.7,79.5,87.3,72.3,59.1,82.6,74.0,81.0,81.0,71.6,87.3,95.6,93.7,82.6,75.6,73.8,71.2,66.7,61.6
84.0,86.3,84.4,79.3,84.4,84.0,78.3,79.8,68.3,59.8,49.3,34.8,45.1,71.8,90.3,65.4,37.9,34.0,36.0,39.8,71.4,82.0,61.8,43.3,40.6,34.7,35.2,69.9,90.8,88.3,70.7,68.7,77.9,68.8,47.4,34.9,31.0,28.5,30.2,29.2,28.1,24.6,20.7,18.3,15.6,16.9,25.5,26.2,16.6,12.9,23.2,31.5,44.3,68.6,89.8,85.6,83.6,78.9,92.0,79.0,83.6,87.3,66.0,82.9,83.9,81.6,84.9,85.3,68.4,62.4,83.3,68.3,78.4,99.5,97.4,82.8,77.4,77.7,79.7,84.2,80.3,75.2,70.5,63.8
84.0,84.4,83.5,82.1,83.2,75.3,81.1,87.9,67.8,54.7,34.9,45.9,76.8,83.5,87.4,86.5,80.9,87.9,49.5,29.7,30.6,64.1,68.0,24.2,24.1,33.9,40.2,65.9,81.3,92.4,96.2,85.2,82.5,82.5,78.2,58.0,52.6,59.9,59.8,58.1,53.7,43.5,30.9,25.4,22.4,20.9,22.4,20.4,11.6,5.8,7.4,9.6,20.6,49.1,81.8,83.0,86.0,84.4,91.3,85.0,76.7,83.4,67.7,47.1,51.0,57.8,72.5,77.5,60.6,70.1,92.6,91.7,86.7,99.5,99.5,88.2,77.5,80.8,90.8,95.5,85.8,69.2,55.7,49.1
83.9,82.7,81.2,81.4,78.5,81.4,93.9,99.3,67.3,54.9,38.4,63.0,81.8,83.3,83.2,83.9,83.4,84.5,44.4,36.0,42.1,54.6,59.8,53.3,52.8,48.2,41.9,37.3,43.3,49.8,53.5,71.3,85.5,83.9,84.8,85.3,86.9,89.2,88.1,88.1,84.3,65.8,52.7,33.5,32.5,37.3,41.5,30.6,13.2,6.1,6.0,8.3,14.6,28.4,55.3,88.9,77.9,83.7,82.3,59.8,82.7,87.1,84.6,84.0,93.7,64.1,56.3,61.9,59.2,84.8,86.6,87.4,86.1,86.1,99.5,99.4,99.5,99.5,99.5,99.5,96.7,90.2,75.5,66.5
84.3,81.0,79.2,80.4,76.8,84.8,98.2,91.2,85.5,56.6,52.5,77.1,80.6,77.6,78.7,78.4,81.6,75.5,66.6,56.9,73.7,86.0,88.9,88.5,84.7,85.1,84.1,73.6,54.0,48.5,55.7,65.5,80.2,79.9,83.8,86.7,88.6,92.6,89.5,90.2,91.4,87.7,75.0,57.0,42.5,40.6,38.0,29.2,22.4,11.7,9.3,10.4,17.7,41.9,67.3,76.4,87.7,78.3,53.5,82.1,87.0,86.6,90.4,86.3,78.1,67.8,53.2,61.5,74.8,88.3,89.1,92.4,88.4,76.0,90.7,97.1,99.5,99.5,99.5,99.5,99.5,99.5,93.5,86.8
85.6,83.2,79.6,80.6,82.9,80.1,83.9,82.5,83.7,75.8,66.5,82.5,71.4,77.8,80.5,80.7,80.4,81.6,74.5,70.1,75.3,83.2,84.4,85.0,86.5,85.0,82.9,82.5,80.3,76.2,71.6,72.0,77.2,77.5,79.6,82.3,78.9,82.5,86.7,85.8,84.0,83.1,87.4,77.9,64.2,59.8,52.2,31.8,24.4,16.1,13.9,13.1,16.6,29.6,65.4,68.6,97.1,55.3,70.7,86.1,84.6,87.6,87.1,75.0,73.6,66.4,48.3,44.5,62.9,82.8,91.7,94.4,83.5,65.2,82.5,88.4,97.2,99.5,99.5,99.5,99.5,99.1,98.4,92.3
84.0,80.6,84.9,84.9,83.2,85.2,83.9,79.9,77.7,76.0,62.0,81.1,67.2,72.7,75.9,78.5,79.4,81.7,79.8,79.2,77.1,80.2,85.8,86.6,87.3,88.9,84.5,76.4,78.3,84.4,85.4,76.7,78.3,78.7,80.8,84.2,79.2,71.0,74.7,82.8,83.6,90.7,84.3,91.2,80.0,72.3,70.0,60.6,33.8,14.8,14.8,17.1,14.3,21.6,43.2,51.5,90.6,57.3,74.6,84.8,84.5,85.0,82.7,69.9,79.9,81.0,66.5,53.7,66.7,75.1,84.0,85.6,73.0,72.2,84.3,94.2,95.8,97.3,99.5,99.5,99.5,99.5,93.1,91.8
94.8,81.2,81.6,84.0,87.2,85.0,78.1,74.5,77.6,74.3,61.5,79.8,72.6,69.2,66.5,75.8,78.6,78.6,75.7,77.3,76.2,82.1,79.3,73.6,71.8,66.3,57.4,50.4,46.9,50.9,64.2,76.9,80.8,76.3,79.4,80.4,76.9,75.0,74.7,77.7,88.4,82.3,90.7,90.2,86.5,88.4,74.9,70.9,68.7,37.6,18.3,19.3,16.0,12.9,22.9,42.0,84.6,81.9,78.4,80.3,82.1,80.6,64.9,75.5,85.9,85.1,83.5,68.6,65.9,68.2,69.4,72.7,81.6,82.1,76.8,81.2,82.7,94.6,98.9,99.5,99.5,99.5,88.7,85.5
88.2,85.9,86.6,86.0,84.4,84.9,80.5,78.4,77.6,76.7,71.6,44.4,63.1,73.2,73.1,66.6,74.2,77.3,75.7,72.0,74.0,77.2,82.9,78.4,70.3,62.2,52.6,44.5,39.0,36.0,35.0,37.3,39.1,39.7,42.9,46.6,54.2,57.9,62.1,67.5,70.8,77.2,82.9,85.0,89.6,96.5,86.7,80.7,73.7,73.6,46.9,27.8,23.9,15.3,13.0,28.9,50.8,76.6,72.7,82.0,79.9,84.5,66.3,83.1,85.7,81.2,86.7,86.7,71.4,62.9,69.5,78.8,82.0,84.5,76.0,79.1,92.4,90.9,87.7,96.2,95.0,92.3,84.0,84.7
99.3,93.3,94.8,95.5,97.1,93.2,82.9,82.8,84.4,80.9,84.9,57.2,45.4,49.3,62.7,60.0,76.3,81.3,80.5,74.8,74.4,76.0,79.5,83.4,75.9,64.1,55.5,49.1,46.1,42.7,41.1,39.9,35.6,33.0,31.7,30.8,30.2,33.1,41.5,50.6,56.7,57.3,67.2,76.3,75.6,83.2,92.1,99.3,84.9,76.0,76.1,56.6,40.5,35.2,17.5,12.5,26.9,44.6,60.6,67.4,70.0,66.6,82.5,89.3,89.4,83.1,86.5,83.3,87.5,66.9,73.4,82.4,84.9,83.8,76.8,78.9,84.9,85.6,84.3,79.5,80.6,89.7,93.6,91.2
97.6,95.2,92.1,92.0,93.8,93.4,89.7,92.8,86.3,82.8,77.7,80.5,79.6,66.4,60.5,52.6,52.2,47.1,47.4,60.3,76.1,76.6,80.8,77.2,71.6,64.8,58.4,53.5,54.7,54.9,52.4,49.5,44.9,42.0,39.5,37.4,35.2,33.4,32.9,34.4,43.9,51.6,57.6,70.3,74.0,77.0,88.3,95.9,96.8,91.3,84.0,81.4,64.3,63.7,50.3,20.7,11.4,13.9,32.7,52.8,77.2,65.1,74.4,81.3,89.4,83.9,81.6,90.1,96.5,86.8,84.2,85.1,87.9,73.8,74.9,76.9,83.3,80.3,80.2,74.5,75.6,81.1,97.5,97.9
93.3,94.2,99.3,94.5,91.1,89.5,96.7,96.1,92.6,86.2,89.1,85.5,89.1,92.4,97.0,98.1,83.1,70.2,65.3,64.0,63.9,76.3,78.7,74.5,70.1,66.4,63.0,55.2,54.5,58.4,59.1,57.1,52.8,48.1,44.6,40.3,35.5,34.0,34.0,33.2,33.3,37.3,46.7,54.2,64.5,74.2,77.2,81.8,90.5,90.4,90.9,89.3,84.1,78.5,73.8,60.4,29.7,12.9,12.2,20.9,53.6,67.1,67.8,86.2,89.5,92.9,95.2,95.3,97.1,92.5,92.4,73.5,67.1,61.6,56.6,66.1,72.0,77.2,86.3,81.2,77.2,83.3,86.3,86.0
92.2,94.0,96.2,98.8,94.7,92.4,85.2,91.5,90.2,88.7,88.1,79.9,89.7,88.9,89.5,89.3,89.9,92.1,85.1,87.7,82.7,76.4,72.5,75.6,67.8,63.9,61.3,60.6,61.9,64.8,66.0,62.8,58.7,53.4,49.4,45.3,39.3,35.9,31.9,26.5,25.5,30.7,32.9,33.6,49.0,60.6,69.7,78.1,82.9,94.9,95.5,89.6,92.1,90.3,82.5,74.8,68.6,53.8,24.1,10.4,13.0,23.7,36.9,54.9,76.8,92.0,83.6,98.5,98.3,88.6,82.1,85.7,81.0,99.5,77.7,68.8,65.2,85.2,87.6,95.0,83.6,78.6,84.2,90.7
83.7,81.6,89.7,97.2,98.0,96.4,92.8,88.9,81.9,82.2,99.4,84.2,88.5,85.8,86.3,86.0,86.2,88.2,90.1,91.9,92.3,92.8,90.4,79.3,75.7,72.7,68.7,71.5,74.4,77.3,67.2,58.5,56.5,54.9,52.0,47.3,41.2,36.0,28.9,22.1,15.2,13.2,18.5,27.2,35.1,40.3,59.6,71.6,75.2,75.6,92.5,90.2,96.7,92.9,92.0,88.5,84.1,76.6,69.4,35.2,13.0,14.0,15.2,24.1,34.0,55.7,94.9,95.0,94.9,99.2,99.5,95.4,82.1,83.8,73.6,86.4,94.2,97.6,98.9,98.6,94.2,78.0,75.5,79.6
86.7,96.7,84.2,74.7,84.1,91.3,88.2,84.9,87.4,87.4,97.3,89.0,82.3,83.8,89.6,92.7,90.6,90.5,92.3,97.5,99.0,99.2,98.4,98.3,98.2,88.9,81.4,85.2,80.2,65.2,53.8,50.1,46.9,51.1,50.6,49.3,48.9,48.7,38.4,28.8,26.8,31.6,67.1,60.5,51.3,43.3,37.1,53.4,72.1,67.8,67.7,72.2,84.2,98.4,98.5,95.1,94.8,91.8,86.0,75.7,40.6,26.2,15.5,14.4,17.4,26.3,47.0,79.2,96.8,95.2,91.3,96.5,90.4,91.0,95.1,93.3,88.9,92.3,97.0,97.6,94.5,75.3,62.8,63.4
49.7,66.3,86.5,94.3,79.6,66.4,74.9,79.0,80.4,90.5,91.5,91.4,91.6,92.6,87.5,86.8,82.3,82.5,86.5,84.4,84.7,91.2,96.4,98.8,97.5,99.5,96.8,87.2,77.5,64.2,53.8,51.8,50.4,57.6,71.8,71.0,67.6,56.3,53.5,80.6,81.6,93.3,99.2,91.0,85.3,88.0,88.5,65.7,45.4,72.0,61.0,60.7,56.4,67.9,91.2,99.4,99.4,98.0,97.0,94.1,85.4,56.7,42.3,30.3,20.1,19.9,18.0,30.2,66.8,99.5,99.5,88.9,94.2,97.9,95.2,76.3,67.2,74.9,97.7,97.3,95.4,86.8,61.3,48.5
12.5,42.6,90.4,96.7,93.8,91.3,75.0,75.1,90.0,86.0,87.5,95.8,98.0,87.9,97.8,93.9,93.1,90.9,88.4,87.7,97.5,96.1,85.6,81.7,89.2,92.7,89.2,78.6,76.1,65.1,60.3,95.0,99.6,95.7,81.9,73.3,71.6,44.4,67.4,88.4,98.4,99.4,91.6,85.7,90.9,81.2,83.8,74.0,67.7,34.7,18.6,33.9,55.0,47.9,58.8,82.8,97.9,99.4,98.3,98.7,99.3,98.5,83.2,65.7,58.2,47.1,28.9,14.4,23.0,60.8,91.9,87.7,87.4,97.2,99.5,98.4,69.8,62.2,80.4,86.5,90.9,72.4,55.4,47.4
70.8,89.2,82.4,83.4,86.8,88.8,70.4,59.9,61.0,99.6,53.2,25.0,67.0,95.7,99.5,91.0,95.1,91.7,98.2,97.7,98.7,99.4,97.8,99.6,99.6,99.6,89.4,88.2,79.2,92.0,99.6,92.2,74.6,67.2,62.6,86.8,91.2,93.3,89.4,90.5,89.6,85.1,91.8,90.3,88.1,82.2,88.6,90.8,85.0,63.6,82.7,86.0,94.5,97.2,90.8,66.0,83.8,98.7,99.1,95.6,96.6,95.7,99.0,98.8,89.2,78.9,75.6,59.5,19.9,19.6,51.8,69.9,75.6,95.2,98.8,96.5,91.9,64.0,59.0,71.6,75.1,74.5,49.0,48.0
51.0,84.9,68.6,64.1,53.7,45.3,34.6,25.3,19.6,5.6,19.2,39.3,64.1,83.9,72.7,71.6,78.6,91.6,92.0,97.4,98.8,97.2,95.5,96.0,94.0,90.7,92.9,90.2,89.6,77.9,60.5,53.1,59.3,57.6,55.4,66.5,83.1,87.4,81.6,76.9,68.1,60.1,60.4,66.0,82.3,90.0,87.1,84.1,89.2,85.8,79.2,78.7,82.7,86.6,85.8,86.7,71.3,87.0,92.7,98.1,98.9,98.4,99.4,99.2,99.0,99.1,90.1,79.3,75.7,49.1,23.3,41.1,64.9,70.4,88.9,93.2,79.6,85.9,73.8,78.3,67.2,72.2,49.3,48.9
