wind-weather/data/weather/current/current-wind-isobaric-70hPa-gfs-1.0.json
{"header": {"discipline":0,"disciplineName":"Meteorologicalproducts","gribEdition":2,"gribLength":52121,"center":7,"centerName":"USNationalWeatherService-NCEP(WMC)","subcenter":0,"refTime":"2015-09-28T00:00:00.000Z","significanceOfRT":0,"significanceOfRTName":"Analysis","productStatus":0,"productStatusName":"Operationalproducts","productType":0,"productTypeName":"Analysisproducts","productDefinitionTemplate":0,"productDefinitionTemplateName":"Analysis/forecastathorizontallevel/layeratapointintime","parameterCategory":2,"parameterCategoryName":"Momentum","parameterNumber":3,"parameterNumberName":"V-component_of_wind","parameterUnit":"m.s-1","genProcessType":0,"genProcessTypeName":"Analysis","forecastTime":0,"surface1Type":100,"surface1TypeName":"Isobaricsurface","surface1Value":7000.0,"surface2Type":255,"surface2TypeName":"Missing","surface2Value":0.0,"gridDefinitionTemplate":0,"gridDefinitionTemplateName":"Latitude_Longitude","numberPoints":65160,"shape":6,"shapeName":"Earthsphericalwithradiusof6,371,229.0m","gridUnits":"degrees","resolution":48,"winds":"true","scanMode":0,"nx":360,"ny":181,"basicAngle":0,"subDivisions":0,"lo1":0.0,"la1":90.0,"lo2":359.0,"la2":-90.0,"dx":1.0,"dy":1.0}, "data":
[rows 36 to 71 of 181, columns 81 to 161 of 360]
-4.5,-3.86,-3.3,-2.78,-2.27,-1.71,-1.11,-0.43,0.29,1.1,1.71,2.23,2.62,2.79,2.99,3.16,3.26,3.28,3.3,3.24,3.13,2.98,2.73,2.55,2.46,2.37,2.28,2.09,1.85,1.62,1.39,1.2,1.06,0.9,0.76,0.67,0.59,0.53,0.48,0.53,0.52,0.53,0.58,0.61,0.6,0.6,0.57,0.57,0.52,0.53,0.57,0.62,0.66,0.73,0.78,0.96,1.18,1.47,1.8,2.15,2.51,2.91,3.21,3.38,3.55,3.72,3.85,3.96,4.0,3.92,3.72,3.5,3.34,3.23,3.08,2.93,2.78,2.65,2.66,2.66,2.63
-3.99,-3.35,-2.8,-2.3,-1.77,-1.15,-0.41,0.37,1.11,1.84,2.38,2.82,3.1,3.23,3.26,3.52,3.81,3.92,3.89,3.82,3.65,3.44,3.01,2.57,2.4,2.34,2.24,2.05,1.77,1.48,1.25,1.04,0.84,0.68,0.48,0.28,0.08,-0.07,-0.15,-0.16,-0.11,0.02,0.1,0.17,0.19,0.21,0.23,0.25,0.3,0.37,0.45,0.54,0.63,0.68,0.84,1.05,1.32,1.62,2.01,2.43,2.83,3.26,3.68,4.02,4.28,4.41,4.48,4.52,4.59,4.58,4.44,4.22,3.97,3.75,3.53,3.34,3.24,3.09,2.91,2.79,2.68
-3.29,-2.71,-2.2,-1.68,-1.06,-0.38,0.41,1.19,1.96,2.63,2.92,3.0,2.99,3.06,3.23,3.78,4.37,4.87,4.81,4.63,4.26,3.94,3.44,2.77,2.36,2.27,2.31,2.28,2.13,1.84,1.46,1.05,0.68,0.34,0.07,-0.21,-0.47,-0.64,-0.75,-0.79,-0.76,-0.63,-0.5,-0.42,-0.35,-0.31,-0.25,-0.22,-0.18,-0.1,0.06,0.24,0.43,0.64,0.93,1.2,1.51,1.82,2.24,2.63,3.02,3.43,3.86,4.27,4.62,4.85,4.94,4.86,4.69,4.6,4.57,4.49,4.29,4.06,3.9,3.7,3.44,3.28,3.14,2.94,2.72
-2.63,-2.05,-1.45,-0.74,-0.03,0.53,1.02,1.78,2.48,3.08,3.46,3.24,2.62,2.78,3.41,3.95,4.49,4.91,5.07,5.18,5.31,4.99,4.41,3.63,2.81,2.35,2.28,2.38,2.29,1.99,1.59,1.06,0.49,-0.04,-0.57,-0.96,-1.22,-1.37,-1.43,-1.4,-1.33,-1.2,-1.11,-1.04,-0.95,-0.83,-0.75,-0.72,-0.7,-0.62,-0.41,-0.06,0.2,0.52,0.96,1.41,1.79,2.11,2.34,2.56,2.73,3.03,3.43,3.91,4.37,4.75,4.98,5.0,4.82,4.59,4.43,4.41,4.32,4.17,4.11,4.02,3.68,3.33,3.12,2.94,2.73
-1.94,-1.33,-0.61,0.09,0.62,1.05,1.68,2.51,3.15,3.18,3.32,3.83,3.18,2.99,3.62,4.03,4.2,4.19,4.25,4.62,5.18,5.37,4.74,3.7,2.81,2.37,2.23,2.26,2.16,1.82,1.45,1.07,0.54,-0.24,-1.11,-1.72,-2.02,-2.11,-2.03,-1.85,-1.66,-1.5,-1.38,-1.39,-1.41,-1.27,-1.1,-1.07,-1.13,-1.08,-0.89,-0.6,-0.25,0.28,0.87,1.51,2.23,2.65,2.72,2.99,3.18,3.38,3.5,3.57,3.81,4.35,4.92,5.35,5.48,5.26,4.87,4.66,4.57,4.46,4.41,4.23,3.89,3.51,3.11,2.84,2.66
-1.31,-0.6,0.18,0.81,1.26,1.63,2.38,3.36,3.84,3.87,3.38,3.14,3.57,3.29,4.09,4.93,5.08,5.14,4.86,4.43,4.37,4.74,4.57,3.32,2.09,1.51,1.39,1.58,1.66,1.71,1.61,1.13,0.41,-0.42,-1.2,-1.78,-2.25,-2.45,-2.35,-2.1,-1.77,-1.5,-1.3,-1.25,-1.41,-1.47,-1.28,-1.14,-1.26,-1.33,-1.26,-1.21,-0.9,-0.29,0.34,1.11,2.21,3.26,3.39,3.57,4.22,4.41,4.07,3.53,3.22,3.32,3.86,4.61,5.25,5.61,5.85,5.74,5.27,4.82,4.56,4.26,3.78,3.42,3.13,2.85,2.56
-0.69,0.08,1.1,1.58,1.67,2.09,3.16,4.02,4.62,4.5,3.92,3.5,3.05,3.59,4.23,5.2,6.2,6.15,5.55,4.38,3.8,4.48,4.32,2.97,2.21,1.58,1.23,1.17,1.52,1.95,1.85,1.18,0.06,-0.87,-1.09,-1.54,-2.05,-2.32,-2.35,-1.89,-1.49,-1.19,-0.98,-1.26,-1.64,-1.77,-1.56,-1.17,-1.21,-1.48,-1.64,-2.02,-1.64,-1.0,-0.29,0.41,1.43,2.89,3.71,4.29,5.13,5.49,4.96,4.04,3.15,2.77,2.87,3.28,4.0,4.84,5.63,6.14,5.96,5.3,4.66,4.06,3.42,2.98,2.71,2.49,2.31
0.28,1.24,1.96,2.14,1.76,2.19,3.23,4.42,5.34,5.12,4.51,3.65,3.22,3.52,4.28,5.09,6.19,6.28,5.58,4.02,2.38,3.63,4.47,3.35,2.76,2.5,2.23,2.15,2.03,1.78,1.49,1.07,-0.06,-1.1,-1.77,-1.71,-1.77,-2.01,-1.84,-1.22,-1.1,-0.86,-1.61,-2.25,-2.17,-1.83,-1.52,-1.44,-1.77,-1.69,-2.25,-2.78,-2.35,-1.44,-0.61,-0.13,0.53,1.87,3.58,4.94,5.69,6.15,5.87,4.69,3.81,3.51,3.22,2.95,3.34,3.99,4.55,5.36,5.87,5.62,5.06,4.27,3.43,2.8,2.4,2.17,2.04
1.49,1.98,2.16,2.15,2.43,3.0,3.62,4.75,5.31,5.38,5.21,4.21,3.43,2.68,3.77,5.05,4.94,5.3,5.21,3.93,2.97,1.43,2.62,4.78,4.04,3.26,2.89,2.62,2.5,2.1,1.25,0.41,-0.22,-0.9,-1.6,-2.24,-2.24,-1.81,-1.62,-0.85,-0.81,-1.92,-2.56,-2.63,-2.38,-2.1,-2.0,-2.18,-2.26,-1.85,-2.54,-2.54,-2.2,-1.15,-0.47,-0.68,-0.24,1.02,2.53,4.43,5.9,6.44,6.26,5.33,4.66,4.48,4.1,3.53,3.46,3.6,3.69,3.96,4.7,5.16,5.11,4.62,3.81,3.02,2.51,2.15,1.91
1.89,2.2,2.3,2.79,3.11,3.6,4.49,5.55,5.34,4.8,4.79,4.84,4.33,4.29,3.45,3.76,4.71,3.81,3.5,4.59,3.89,2.83,1.85,2.06,3.49,3.72,3.23,2.92,2.43,1.66,1.17,0.66,-0.04,-0.69,-1.41,-2.19,-2.42,-2.17,-1.64,-1.46,-1.54,-2.69,-2.89,-2.94,-2.9,-2.77,-2.82,-2.62,-1.66,-2.29,-1.72,-1.76,-1.17,-0.69,-0.53,-1.9,-0.99,0.27,1.98,3.29,4.49,5.26,5.57,5.1,5.14,5.23,5.07,4.76,4.54,4.3,4.15,3.67,3.86,4.69,4.92,4.59,4.02,3.33,2.75,2.24,1.82
2.2,2.44,3.01,3.18,3.4,3.77,4.46,5.53,5.09,4.88,4.8,4.56,4.34,4.09,4.26,3.56,3.28,2.69,2.58,2.91,3.94,3.88,2.86,2.06,1.89,2.66,3.04,2.64,2.05,1.52,1.06,0.54,-0.08,-0.78,-1.44,-1.92,-2.27,-2.51,-2.77,-2.98,-3.18,-3.1,-3.56,-3.15,-3.63,-3.97,-3.38,-2.5,-2.01,-1.89,-0.87,0.36,-0.27,-0.14,-1.32,-2.72,-1.9,-0.22,1.41,2.41,3.53,4.45,4.57,4.24,4.45,5.04,5.27,5.35,5.46,5.45,5.45,4.87,4.17,4.38,4.1,3.9,3.89,3.65,2.99,2.35,1.84
2.3,2.41,3.32,4.03,4.22,4.63,4.68,4.2,5.2,4.72,4.9,5.34,4.81,4.44,3.61,3.29,2.79,2.79,2.89,2.52,2.32,2.35,2.57,2.37,2.09,2.04,1.98,1.67,1.36,0.89,0.2,-0.47,-0.82,-1.35,-1.92,-2.38,-2.57,-2.68,-3.11,-3.63,-3.91,-3.89,-4.09,-4.66,-4.27,-3.82,-3.48,-2.81,-2.75,-1.58,2.06,1.79,0.32,-0.77,-2.43,-2.89,-1.95,-0.23,0.87,1.22,2.36,3.64,3.56,4.14,4.41,4.77,4.5,4.52,5.26,5.85,6.47,6.11,5.03,3.98,3.05,2.96,3.28,3.35,3.11,2.53,1.84
2.4,3.08,3.99,4.31,4.97,5.92,5.74,5.02,4.22,4.54,5.32,4.91,4.46,4.1,3.45,2.92,2.57,2.21,2.14,1.99,1.45,1.6,1.8,1.93,1.58,0.92,0.53,0.14,-0.26,-0.48,-0.63,-0.63,-0.93,-1.53,-2.02,-2.24,-2.19,-2.67,-2.95,-3.6,-4.15,-4.61,-4.67,-4.75,-4.45,-3.8,-3.19,-4.12,-3.69,1.55,2.96,1.5,-1.27,-2.8,-2.83,-1.26,0.12,0.64,0.2,-0.24,0.96,2.25,2.22,3.65,4.27,3.73,3.43,3.86,4.52,5.48,6.2,6.05,4.86,3.35,2.33,2.39,2.64,2.65,2.59,2.3,1.92
3.0,3.87,4.45,4.92,5.33,5.51,5.75,5.49,5.36,5.14,4.65,4.53,4.27,3.72,3.7,3.46,2.87,2.27,1.67,1.49,1.26,0.86,0.7,0.74,0.67,0.22,-0.64,-0.92,-0.97,-0.7,-0.39,-0.84,-1.62,-1.88,-1.92,-1.98,-2.76,-3.19,-3.24,-3.31,-3.76,-4.2,-4.68,-4.68,-4.2,-3.57,-4.03,-3.89,-0.85,0.83,0.25,-0.85,-2.08,-2.04,-0.64,0.93,1.62,1.01,0.17,-0.58,-0.29,0.55,1.42,2.81,3.19,2.92,2.74,3.09,3.89,4.57,5.0,4.6,3.42,1.87,1.73,1.92,1.95,2.2,2.13,1.71,1.27
4.23,4.41,4.72,4.9,4.81,4.96,5.27,5.26,4.78,4.2,4.16,4.13,4.13,4.14,3.19,2.74,2.48,2.02,1.6,1.45,1.46,1.13,0.46,-0.03,-0.14,-0.53,-0.56,-0.51,-0.18,-0.1,-0.64,-1.46,-1.8,-1.96,-2.06,-2.37,-2.63,-2.76,-3.17,-3.84,-4.33,-4.65,-4.61,-4.74,-4.7,-4.5,-3.88,-2.14,-1.53,-2.01,-1.85,-1.62,-1.09,-0.43,0.23,1.3,2.02,1.81,0.81,-0.51,-0.49,0.34,1.37,1.77,1.76,1.95,2.34,3.04,3.57,3.8,3.75,3.29,1.7,0.86,0.99,1.48,1.77,1.61,0.99,0.53,0.45
4.49,4.87,4.85,4.48,4.43,4.69,4.93,5.01,4.58,4.18,4.18,4.24,4.33,3.65,3.32,2.56,1.98,1.83,1.82,1.94,1.32,0.84,0.16,-0.28,-0.35,-0.08,0.29,0.63,0.47,-0.09,-1.0,-1.77,-1.81,-2.26,-2.71,-2.93,-3.1,-3.5,-4.31,-5.11,-5.54,-5.33,-5.25,-5.25,-5.19,-4.92,-3.69,-2.88,-2.39,-2.64,-2.58,-1.85,-0.4,0.87,1.78,2.45,2.71,2.22,1.02,0.29,1.11,1.39,1.36,0.71,0.86,1.56,2.6,3.54,4.02,3.55,2.81,2.34,1.35,0.81,0.78,1.22,1.38,1.02,0.5,0.14,0.18
4.63,5.01,4.92,4.82,5.28,5.04,4.56,4.61,4.78,4.33,4.34,4.34,4.03,3.87,3.12,2.47,2.16,2.23,2.46,2.23,1.37,0.67,0.07,-0.11,0.09,0.11,-0.01,-0.03,-0.05,-0.67,-1.93,-1.58,-1.89,-2.44,-3.08,-3.25,-3.63,-4.22,-4.62,-5.1,-5.4,-5.46,-5.57,-5.58,-5.43,-4.96,-4.17,-3.49,-2.97,-2.35,-1.8,-0.63,0.89,2.21,3.37,3.72,3.03,2.12,1.88,2.12,3.32,2.7,1.86,1.77,2.04,2.59,3.47,4.33,4.22,3.05,2.62,2.29,1.54,1.15,1.27,1.25,1.05,0.84,0.39,0.1,0.0
3.93,4.49,4.73,4.88,5.18,4.42,4.0,3.78,4.19,4.55,4.39,4.01,3.92,3.26,2.61,2.36,2.42,2.65,2.88,2.29,1.49,0.68,-0.02,0.01,0.09,0.02,-0.17,-0.64,-0.77,-1.02,-1.54,-1.61,-1.64,-2.08,-2.54,-3.1,-3.53,-3.87,-4.38,-4.91,-5.05,-5.13,-5.18,-5.3,-5.19,-4.9,-4.47,-3.66,-2.94,-1.99,-0.78,0.38,1.59,2.79,3.42,3.29,3.15,3.02,2.94,4.0,4.8,3.86,3.44,3.22,3.31,3.76,4.35,4.71,4.27,3.32,2.68,2.11,1.43,1.31,1.56,1.54,1.28,0.83,0.24,-0.1,-0.12
4.2,4.75,5.18,5.18,5.35,4.69,3.59,3.07,3.2,3.94,4.29,3.66,2.87,2.56,2.69,2.44,2.38,2.83,2.84,2.55,1.71,0.66,-0.32,-0.4,0.03,0.45,0.29,-0.38,-0.89,-1.06,-0.94,-1.4,-1.74,-1.96,-2.44,-2.94,-3.45,-3.88,-4.19,-4.45,-4.75,-4.7,-4.49,-4.4,-4.47,-4.47,-4.17,-3.39,-2.4,-1.24,0.22,1.37,1.85,2.22,2.43,2.72,3.19,3.64,4.17,4.98,4.71,4.21,3.6,3.6,4.18,4.73,4.92,4.67,3.75,2.8,2.44,1.77,1.37,1.5,1.67,1.43,1.03,0.47,0.03,-0.29,-0.49
4.18,5.63,6.63,6.62,5.69,4.57,3.59,2.69,2.92,3.85,3.46,3.02,2.33,1.67,1.64,1.75,1.87,2.55,2.98,2.89,2.38,1.01,-0.36,-0.55,-0.07,0.35,0.7,0.44,-0.1,-0.33,-0.42,-0.64,-1.12,-1.47,-1.95,-2.66,-3.27,-3.75,-4.03,-4.03,-4.13,-4.23,-4.07,-3.71,-3.31,-3.14,-2.9,-2.25,-1.13,-0.18,0.37,0.69,1.11,1.51,1.95,2.88,3.36,3.5,3.58,3.41,3.23,3.25,3.67,4.28,4.68,4.72,4.43,3.72,2.7,2.07,1.88,1.74,1.58,1.36,0.99,0.65,0.42,0.06,-0.37,-0.68,-0.94
2.97,5.23,6.43,6.52,5.41,3.98,3.14,2.46,2.29,2.58,2.69,1.7,1.44,1.21,0.7,0.24,-0.06,0.64,1.68,1.86,1.94,1.09,-0.04,-0.53,-0.3,0.16,0.4,0.36,0.07,-0.03,-0.05,-0.11,-0.57,-1.14,-1.76,-2.41,-2.96,-3.26,-3.42,-3.46,-3.39,-3.36,-3.27,-2.96,-2.54,-2.13,-1.78,-1.44,-1.04,-0.64,-0.06,0.63,1.13,1.43,1.93,2.26,2.08,1.92,1.77,1.64,1.96,2.74,3.6,3.98,3.99,3.81,3.3,2.56,2.03,1.72,1.5,1.34,1.0,0.52,0.2,0.08,-0.16,-0.44,-0.65,-0.97,-1.44
2.54,3.5,4.53,4.58,4.22,3.41,2.2,1.81,1.92,1.75,2.06,1.83,0.47,0.51,0.91,-0.1,-0.62,-0.54,0.0,0.69,0.89,0.37,-0.17,-0.42,-0.57,-0.64,-0.7,-0.78,-0.78,-0.73,-0.52,-0.51,-0.63,-1.1,-1.73,-2.29,-2.65,-2.79,-2.77,-2.73,-2.65,-2.63,-2.73,-2.9,-2.9,-2.58,-1.99,-1.35,-0.64,-0.09,0.27,0.3,0.53,0.78,0.81,0.55,0.38,0.4,0.55,0.89,1.45,2.19,2.74,2.88,2.92,2.73,2.21,1.83,1.5,1.35,1.11,0.72,0.28,0.03,-0.01,-0.09,-0.3,-0.54,-0.89,-1.28,-1.64
2.45,2.72,3.49,3.4,3.46,2.47,1.34,0.76,0.58,0.96,1.14,1.17,1.01,0.39,0.19,0.34,-0.01,-0.42,-0.85,-0.66,-0.5,-0.54,-0.41,-0.63,-0.92,-1.3,-1.71,-1.99,-1.92,-1.54,-1.23,-1.11,-1.22,-1.61,-2.05,-2.45,-2.62,-2.57,-2.46,-2.4,-2.43,-2.62,-2.88,-3.07,-2.97,-2.49,-1.82,-1.15,-0.71,-0.55,-0.42,-0.32,-0.32,-0.47,-0.61,-0.72,-0.73,-0.51,-0.01,0.63,1.22,1.52,1.62,1.68,1.66,1.48,1.27,1.16,1.24,1.21,0.8,0.5,0.27,0.07,-0.01,-0.12,-0.31,-0.62,-0.99,-1.28,-1.47
2.53,2.16,2.32,2.05,2.16,1.56,0.55,0.33,0.37,0.41,0.33,0.61,0.66,0.68,0.27,-0.04,-0.08,-0.66,-1.08,-1.32,-1.39,-1.19,-1.09,-1.36,-1.58,-1.95,-2.23,-2.17,-1.98,-1.74,-1.65,-1.78,-2.03,-2.29,-2.58,-2.74,-2.67,-2.57,-2.5,-2.52,-2.71,-2.92,-2.92,-2.78,-2.61,-2.48,-2.39,-2.08,-1.52,-1.0,-0.8,-0.67,-0.76,-1.18,-1.5,-1.53,-1.3,-0.75,-0.14,0.43,0.61,0.59,0.63,0.57,0.49,0.57,0.81,1.04,1.12,1.02,0.71,0.32,-0.01,-0.12,-0.22,-0.39,-0.63,-0.88,-1.09,-1.24,-1.38
1.7,1.81,1.94,1.07,0.3,0.89,0.75,0.23,0.09,0.15,0.18,0.32,0.46,0.4,0.25,-0.11,-0.45,-0.78,-1.04,-1.32,-1.55,-1.67,-1.8,-1.96,-2.29,-2.54,-2.56,-2.36,-2.06,-1.87,-1.97,-2.15,-2.42,-2.71,-2.87,-2.81,-2.66,-2.63,-2.67,-2.78,-2.88,-2.99,-3.15,-3.3,-3.4,-3.35,-2.95,-2.34,-1.9,-1.54,-1.31,-1.56,-2.1,-2.37,-2.34,-2.19,-1.82,-1.21,-0.67,-0.58,-0.68,-0.62,-0.5,-0.28,0.06,0.4,0.69,0.75,0.62,0.54,0.34,-0.07,-0.46,-0.69,-0.86,-1.05,-1.15,-1.19,-1.26,-1.49,-1.81
1.28,1.29,0.97,0.96,0.4,-0.18,-0.05,0.09,0.17,-0.05,-0.13,0.02,0.09,-0.03,-0.16,-0.36,-0.63,-0.8,-0.96,-1.12,-1.29,-1.56,-1.79,-2.11,-2.46,-2.55,-2.48,-2.34,-2.14,-2.1,-2.28,-2.5,-2.7,-2.88,-2.91,-2.77,-2.62,-2.62,-2.67,-2.85,-3.23,-3.61,-3.96,-4.22,-4.24,-3.98,-3.49,-3.31,-2.97,-2.88,-2.97,-3.01,-3.02,-2.88,-2.84,-2.89,-2.64,-2.43,-2.34,-2.13,-1.7,-1.28,-0.86,-0.44,0.05,0.48,0.68,0.45,0.12,0.02,-0.13,-0.52,-0.94,-1.25,-1.49,-1.62,-1.66,-1.66,-1.76,-2.18,-2.58
1.0,0.86,0.75,0.49,0.33,0.31,0.29,0.23,0.23,-0.07,-0.04,-0.14,-0.3,-0.44,-0.54,-0.57,-0.77,-0.8,-0.97,-0.9,-0.8,-1.13,-1.46,-1.9,-2.17,-2.27,-2.28,-2.19,-2.13,-2.28,-2.64,-2.85,-2.98,-3.0,-2.92,-2.75,-2.62,-2.65,-2.82,-3.27,-3.8,-4.27,-4.64,-4.79,-4.72,-4.51,-4.38,-4.18,-4.06,-3.68,-3.4,-3.37,-3.43,-3.47,-3.5,-3.33,-3.04,-2.91,-2.66,-2.35,-1.97,-1.55,-0.97,-0.25,0.29,0.69,0.62,0.22,-0.07,-0.16,-0.33,-0.69,-1.13,-1.57,-1.94,-2.19,-2.33,-2.33,-2.38,-2.72,-3.17
1.17,1.23,1.15,0.95,0.7,0.49,0.4,0.34,0.36,0.14,-0.05,-0.31,-0.72,-1.03,-1.1,-1.08,-0.88,-0.6,-0.9,-0.85,-0.9,-1.1,-1.44,-1.9,-2.15,-2.28,-2.28,-2.28,-2.45,-2.67,-2.89,-2.96,-2.85,-2.69,-2.58,-2.55,-2.58,-2.73,-3.07,-3.54,-3.77,-3.78,-3.78,-3.92,-4.07,-4.09,-3.96,-3.61,-3.18,-2.79,-2.68,-2.93,-3.33,-3.43,-3.41,-3.08,-2.68,-2.5,-2.39,-2.26,-1.95,-1.39,-0.68,0.01,0.51,0.7,0.65,0.4,0.17,-0.03,-0.38,-0.89,-1.43,-1.92,-2.32,-2.61,-2.83,-2.84,-2.83,-3.18,-3.6
1.92,2.08,2.07,1.78,1.32,1.01,0.85,0.81,0.81,0.61,0.06,-0.59,-1.09,-1.15,-1.4,-1.49,-1.19,-0.75,-1.01,-1.13,-1.08,-1.24,-1.59,-1.99,-2.18,-2.27,-2.35,-2.43,-2.58,-2.59,-2.46,-2.23,-1.88,-1.69,-1.59,-1.75,-2.02,-2.29,-2.48,-2.4,-1.93,-1.6,-1.98,-2.44,-2.77,-3.09,-3.01,-2.65,-2.26,-2.01,-1.95,-2.09,-2.43,-3.04,-2.89,-2.33,-2.12,-1.97,-1.87,-1.84,-1.66,-1.11,-0.39,0.2,0.59,0.84,0.79,0.59,0.33,-0.05,-0.57,-1.1,-1.57,-1.95,-2.27,-2.58,-2.9,-3.09,-3.27,-3.5,-3.8
2.86,3.21,3.3,2.8,1.97,1.5,1.43,1.52,1.63,1.29,0.3,-0.61,-1.0,-1.07,-1.27,-1.86,-1.02,-0.87,-0.77,-0.88,-0.8,-0.99,-1.35,-1.69,-1.9,-2.04,-2.06,-1.87,-1.69,-1.4,-1.01,-0.71,-0.4,-0.22,-0.34,-0.72,-1.08,-1.23,-1.17,-0.58,-0.43,-0.8,-0.99,-0.63,-1.04,-1.66,-2.02,-1.78,-1.45,-1.3,-1.48,-1.85,-2.31,-2.25,-2.2,-1.87,-1.6,-1.42,-1.5,-1.67,-1.35,-0.73,-0.15,0.29,0.64,0.75,0.64,0.43,0.15,-0.15,-0.51,-0.94,-1.31,-1.68,-2.0,-2.33,-2.71,-3.1,-3.36,-3.61,-3.91
3.4,3.71,3.72,3.32,2.62,2.05,1.86,1.84,1.7,1.26,0.54,0.0,-0.26,-0.41,-0.43,-1.27,-0.8,-0.87,-0.21,0.19,0.0,-0.28,-0.56,-0.76,-0.91,-0.95,-0.77,-0.46,-0.02,0.45,0.89,1.11,1.04,0.84,0.54,0.08,-0.31,-0.24,0.27,0.69,0.0,-0.77,-0.67,0.24,0.95,-0.33,-1.03,-1.0,-0.86,-1.05,-1.27,-1.66,-1.73,-1.75,-1.82,-1.79,-1.38,-1.41,-1.77,-1.59,-0.99,-0.39,0.05,0.31,0.41,0.38,0.32,0.16,-0.19,-0.42,-0.59,-0.75,-1.1,-1.52,-1.92,-2.27,-2.6,-2.92,-3.25,-3.58,-3.94
3.57,3.7,3.6,3.26,2.83,2.46,2.2,1.92,1.58,1.27,0.98,0.65,0.37,0.34,0.18,-0.33,-0.51,-0.05,0.61,1.12,1.12,0.71,0.5,0.45,0.4,0.59,0.97,1.47,1.89,2.09,2.36,2.52,2.19,1.57,0.92,0.38,0.05,0.19,0.67,1.08,0.53,0.14,0.18,0.66,-0.39,-0.23,-0.18,-0.16,-0.41,-0.61,-0.86,-1.17,-1.07,-1.11,-1.34,-1.52,-1.72,-1.89,-1.79,-1.12,-0.51,-0.2,-0.04,0.0,-0.02,0.0,0.05,-0.07,-0.28,-0.62,-0.87,-1.03,-1.35,-1.76,-2.12,-2.37,-2.56,-2.83,-3.1,-3.36,-3.67
3.6,3.64,3.49,3.21,2.78,2.41,2.18,2.04,1.9,1.72,1.49,1.17,0.83,0.62,0.66,0.63,0.72,1.34,1.84,2.01,1.93,1.65,1.6,1.57,1.73,1.98,2.39,2.88,3.15,3.13,3.12,3.11,2.83,2.24,1.32,0.65,0.48,0.63,0.58,0.37,0.84,0.73,0.67,-0.72,-1.37,-0.81,0.38,0.6,0.13,-0.26,-0.81,-0.84,-0.79,-0.92,-1.02,-1.56,-1.8,-1.83,-1.24,-0.59,-0.34,-0.35,-0.46,-0.55,-0.55,-0.51,-0.61,-0.68,-0.92,-1.2,-1.42,-1.65,-1.92,-2.15,-2.36,-2.51,-2.64,-2.72,-2.84,-3.02,-3.23
3.74,3.72,3.53,3.09,2.6,2.29,2.23,2.2,2.09,1.99,1.8,1.32,0.85,0.65,0.88,1.34,1.91,2.29,2.62,2.78,2.79,2.7,2.6,2.76,3.09,3.31,3.46,3.7,3.63,3.65,3.38,3.32,3.13,2.62,1.65,0.8,0.43,0.48,0.65,0.54,0.44,1.11,1.18,-0.23,-1.72,-1.46,0.7,1.12,0.53,-0.15,-0.97,-1.07,-1.23,-1.23,-1.05,-1.44,-1.65,-1.43,-0.82,-0.58,-0.67,-0.84,-1.01,-1.16,-1.33,-1.48,-1.53,-1.56,-1.72,-1.95,-2.19,-2.34,-2.37,-2.28,-2.24,-2.33,-2.51,-2.63,-2.57,-2.52,-2.64
3.94,3.91,3.59,3.13,2.68,2.52,2.49,2.38,2.07,1.84,1.79,1.44,1.0,0.89,1.32,1.95,2.39,2.62,3.18,3.49,3.54,3.64,3.7,3.87,4.15,4.41,4.24,4.09,3.72,3.47,3.17,3.05,3.16,2.73,1.93,0.81,-0.07,-0.26,-0.11,0.04,-0.04,-0.44,-0.86,-1.9,-2.79,-1.78,0.91,1.35,0.43,-0.35,-1.11,-1.41,-1.48,-1.46,-1.4,-1.38,-1.37,-1.1,-0.89,-1.03,-1.31,-1.52,-1.61,-1.68,-1.85,-2.0,-2.05,-2.03,-2.01,-2.0,-2.14,-2.22,-2.11,-2.07,-2.03,-2.0,-2.06,-2.32,-2.53,-2.42,-2.33
4.11,3.86,3.48,3.12,2.83,2.51,2.32,2.24,2.06,1.71,1.67,1.73,1.6,1.74,2.06,2.41,2.46,2.73,3.2,3.49,4.14,4.54,4.53,4.46,4.66,5.04,4.68,4.17,3.3,2.32,1.8,2.1,2.9,2.81,2.4,1.22,-0.23,-1.22,-1.96,-2.18,-2.61,-3.26,-3.7,-3.78,-3.74,-2.0,0.2,0.48,0.22,-0.67,-1.46,-1.77,-1.71,-1.73,-1.7,-1.38,-1.18,-1.09,-1.21,-1.61,-2.08,-2.35,-2.36,-2.26,-2.24,-2.16,-2.04,-1.89,-1.71,-1.62,-1.53,-1.57,-1.71,-1.75,-1.84,-2.08,-2.42,-2.56,-2.15,-2.46,-2.47
