wind-weather/data/weather/current/current-temp-isobaric-250hPa-gfs-1.0.json
{"header": {"discipline":0,"disciplineName":"Meteorologicalproducts","gribEdition":2,"gribLength":32965,"center":7,"centerName":"USNationalWeatherService-NCEP(WMC)","subcenter":0,"refTime":"2015-09-28T00:00:00.000Z","significanceOfRT":0,"significanceOfRTName":"Analysis","productStatus":0,"productStatusName":"Operationalproducts","productType":0,"productTypeName":"Analysisproducts","productDefinitionTemplate":0,"productDefinitionTemplateName":"Analysis/forecastathorizontallevel/layeratapointintime","parameterCategory":0,"parameterCategoryName":"Temperature","parameterNumber":0,"parameterNumberName":"Temperature","parameterUnit":"K","genProcessType":0,"genProcessTypeName":"Analysis","forecastTime":0,"surface1Type":100,"surface1TypeName":"Isobaricsurface","surface1Value":25000.0,"surface2Type":255,"surface2TypeName":"Missing","surface2Value":0.0,"gridDefinitionTemplate":0,"gridDefinitionTemplateName":"Latitude_Longitude","numberPoints":65160,"shape":6,"shapeName":"Earthsphericalwithradiusof6,371,229.0m","gridUnits":"degrees","resolution":48,"winds":"true","scanMode":0,"nx":360,"ny":181,"basicAngle":0,"subDivisions":0,"lo1":0.0,"la1":90.0,"lo2":359.0,"la2":-90.0,"dx":1.0,"dy":1.0}, "data":
[rows 68 to 101 of 181, columns 154 to 230 of 360]
232.3,232.4,232.3,232.1,231.8,231.5,231.4,231.5,231.6,231.6,231.6,231.5,231.2,231.1,231.1,231.2,231.2,231.0,230.9,230.9,230.8,230.8,230.7,230.8,230.9,231.1,231.3,231.6,231.5,231.5,231.4,231.4,231.3,231.1,231.1,230.9,230.8,230.7,230.7,230.8,230.9,231.1,231.3,231.3,231.3,231.3,231.2,230.9,230.7,230.5,230.3,230.4,230.6,230.8,230.9,231.0,231.3,231.6,231.8,232.0,232.0,231.9,232.0,232.1,232.1,232.2,232.5,232.8,232.8,232.9,233.0,233.4,233.2,232.9,233.1,233.2,233.2
232.2,232.1,232.0,231.8,231.5,231.4,231.4,231.4,231.4,231.4,231.4,231.3,231.4,231.6,231.7,231.7,231.4,231.3,231.1,230.8,230.6,230.6,230.7,230.9,231.3,231.5,231.6,232.0,232.1,232.4,232.5,232.7,232.7,232.6,232.4,232.3,232.2,232.2,232.0,231.9,231.9,232.0,232.1,232.2,232.2,232.1,232.1,232.0,232.0,231.8,231.4,231.3,231.3,231.4,231.6,231.8,231.9,232.0,232.1,232.1,232.0,232.1,232.3,232.4,232.8,232.9,232.9,232.9,233.0,233.0,233.3,233.5,233.1,232.9,233.2,233.2,233.3
232.1,232.1,232.0,231.7,231.6,231.5,231.4,231.2,231.1,231.1,231.2,231.4,231.6,231.8,231.9,232.1,232.2,232.2,232.2,232.2,232.2,232.4,232.4,232.6,232.8,232.8,232.6,232.8,233.0,233.3,233.3,233.3,233.3,233.2,233.0,232.9,232.8,232.8,232.8,232.8,232.6,232.6,232.8,233.1,232.9,233.2,233.4,233.4,232.9,232.6,232.7,232.4,232.3,232.2,232.3,232.3,232.4,232.3,232.2,232.1,232.1,232.4,232.7,232.8,232.7,232.8,232.9,233.0,233.1,233.2,233.4,233.4,233.1,233.1,233.2,233.3,233.4
232.3,232.3,232.1,231.8,231.6,231.4,231.3,231.0,231.0,231.2,231.6,231.9,232.3,232.6,232.8,233.2,233.5,233.8,233.8,233.8,233.7,233.5,233.6,233.8,233.7,233.7,233.6,233.6,233.6,233.4,233.5,233.5,233.4,233.3,233.2,233.3,233.4,233.5,233.4,233.4,233.2,233.1,232.9,232.9,233.0,232.8,232.9,233.1,233.3,233.1,233.1,232.9,232.8,232.8,232.7,232.8,232.5,232.4,232.2,232.3,232.7,232.9,232.7,232.8,233.0,233.0,233.1,233.2,233.3,233.5,233.6,233.5,233.3,233.3,233.3,233.3,233.5
232.6,232.4,232.0,231.5,231.3,231.3,231.1,231.3,231.6,232.0,232.5,232.8,233.0,233.2,233.3,233.5,233.7,233.9,233.9,233.9,233.6,233.5,233.7,233.9,233.9,233.7,233.7,233.8,233.9,233.7,233.7,233.7,233.7,233.5,233.4,233.6,234.0,233.8,234.0,233.6,233.4,233.6,233.5,233.6,233.5,233.5,233.7,233.5,233.5,233.2,233.0,232.9,232.9,232.9,232.8,232.9,233.0,232.9,232.7,232.9,233.1,232.9,233.1,233.0,233.2,233.3,233.4,233.5,233.6,233.8,233.9,233.7,233.5,233.4,233.5,233.4,233.5
232.7,232.5,232.1,231.7,231.6,231.5,231.3,231.7,232.3,233.0,233.3,233.3,233.3,233.5,233.6,233.7,233.6,233.6,233.9,233.6,233.5,233.5,233.8,234.0,234.0,233.5,233.6,233.9,233.9,234.2,234.0,234.0,234.2,234.0,233.8,233.9,233.8,233.9,233.6,234.0,233.5,233.7,233.7,233.9,233.8,233.9,233.9,233.9,233.6,233.4,233.0,233.2,233.2,233.2,233.4,233.5,233.6,233.5,233.5,233.4,233.3,233.3,233.2,233.3,233.4,233.5,233.5,233.7,233.7,233.9,234.2,233.9,233.6,233.5,233.6,233.6,233.5
232.9,232.5,232.3,231.9,231.7,231.7,232.0,232.4,233.0,233.3,233.4,233.5,233.5,233.6,233.7,234.1,234.0,234.6,234.8,234.5,234.4,234.0,234.2,234.2,234.4,234.7,234.6,234.4,234.2,234.4,234.6,234.6,234.5,234.3,234.1,233.9,233.9,234.0,233.9,233.9,233.6,233.8,233.6,233.7,233.8,234.1,233.8,234.1,234.0,233.8,233.7,233.7,233.7,233.7,233.4,233.5,233.6,233.7,233.7,233.5,233.5,233.4,233.4,233.5,233.4,233.4,233.6,233.6,233.7,233.7,233.8,233.8,233.7,233.7,233.8,233.8,233.7
233.0,233.1,232.3,231.9,231.8,232.0,232.4,232.8,233.2,233.4,233.4,233.4,233.6,233.8,234.1,234.1,234.3,234.3,234.2,234.3,234.3,234.2,234.4,234.5,234.5,234.3,234.2,234.4,234.3,234.5,234.4,234.5,234.7,234.6,234.5,234.4,234.0,233.9,234.0,234.0,233.8,233.8,233.6,233.7,233.8,234.1,234.2,234.3,234.2,233.8,233.6,233.7,233.8,233.8,233.7,233.7,233.7,233.8,233.8,233.8,233.6,233.5,233.5,233.5,233.6,233.6,233.6,233.6,233.8,233.8,233.7,233.7,233.9,233.8,233.9,234.0,233.9
233.4,233.1,232.7,232.5,232.4,232.4,232.9,233.2,233.4,233.4,233.4,233.4,233.7,233.9,233.9,234.0,234.2,234.0,234.2,234.1,234.2,234.3,234.5,234.4,234.7,234.6,234.4,234.5,234.5,234.8,234.6,234.7,234.7,234.6,234.4,234.1,234.0,233.8,234.0,234.1,233.9,233.9,233.8,233.6,233.7,233.8,234.0,234.3,233.9,233.8,233.7,233.8,233.8,233.9,234.0,234.1,234.1,234.0,234.0,233.8,233.7,233.6,233.5,233.7,233.9,233.5,233.5,234.0,233.8,233.8,233.7,233.8,233.7,233.8,233.9,234.0,234.1
232.8,232.8,232.9,232.9,232.8,233.0,233.2,233.4,233.5,233.0,233.4,233.5,233.6,233.6,233.7,233.8,233.7,233.8,234.0,233.9,234.1,234.1,233.9,234.0,234.1,234.1,234.1,234.1,234.5,234.5,234.4,234.1,234.3,234.6,234.3,234.0,234.0,233.9,234.1,234.0,233.9,233.9,233.9,233.8,233.7,233.8,233.8,233.7,233.9,234.0,234.0,234.0,233.9,234.0,234.0,234.1,234.1,233.9,233.8,233.8,233.9,233.8,233.7,233.8,233.9,233.6,233.8,233.9,233.9,233.8,233.6,233.7,233.9,234.0,234.0,234.1,234.2
232.9,232.9,232.8,232.9,233.1,233.1,233.3,233.3,233.1,233.4,233.5,233.4,233.4,233.4,233.5,233.7,233.8,234.0,234.0,234.0,234.1,234.0,233.7,233.4,233.6,233.5,233.7,233.4,234.0,233.4,233.7,234.0,234.1,234.1,234.3,233.9,233.8,234.0,234.0,233.9,233.6,233.7,234.0,234.0,234.0,234.0,234.0,234.0,234.2,234.1,234.1,234.0,234.1,234.1,234.2,234.2,234.1,233.7,233.8,234.2,234.1,233.8,234.0,234.2,234.2,233.9,233.9,234.0,234.2,234.2,234.1,234.0,234.1,234.1,234.1,234.2,234.2
232.9,232.9,232.9,232.7,232.9,233.0,233.2,233.3,233.6,233.4,233.3,233.4,233.3,233.3,233.6,234.0,234.1,234.5,234.6,234.4,234.1,234.2,234.0,233.6,233.5,234.0,234.1,234.3,233.4,233.5,233.4,233.7,233.8,234.0,234.0,234.0,234.0,233.9,233.7,233.6,233.5,233.7,233.9,233.8,233.9,233.9,234.0,234.2,234.2,234.1,234.1,234.1,234.0,234.0,234.0,234.2,233.9,234.4,234.6,234.6,234.6,234.3,234.5,234.5,234.3,234.2,234.1,234.0,234.3,234.4,234.3,234.2,234.1,234.2,234.3,234.4,234.4
233.0,232.9,232.9,232.8,232.9,232.9,233.1,233.3,233.3,233.4,233.5,233.6,233.6,233.5,233.7,234.1,234.1,234.2,234.5,234.8,234.3,234.3,233.5,233.8,233.9,233.9,233.8,233.7,233.8,233.3,233.8,233.9,233.7,233.6,233.7,234.1,234.2,233.7,233.6,233.4,233.6,233.7,233.8,233.9,234.0,234.1,234.1,234.1,234.1,234.1,234.1,234.0,234.0,234.1,233.9,234.0,234.8,234.9,235.0,235.1,234.8,234.8,234.6,234.6,234.6,234.2,234.2,234.3,234.4,234.5,234.4,234.3,234.3,234.4,234.5,234.5,234.5
233.0,232.9,232.9,232.9,232.9,232.9,232.9,233.1,233.4,233.3,233.0,233.4,233.6,233.6,233.9,233.9,234.2,233.7,234.3,234.5,234.5,234.4,234.0,233.8,233.7,233.8,233.6,233.8,233.3,233.3,233.5,233.7,233.7,233.9,233.8,233.7,233.7,233.8,233.4,233.5,233.6,233.6,233.5,233.9,233.9,233.9,233.9,234.0,234.0,233.9,234.0,234.0,234.1,234.1,234.2,234.6,234.9,235.0,235.1,235.2,234.9,234.7,234.7,234.6,234.4,234.2,234.2,234.1,234.1,234.3,234.2,234.1,234.3,234.4,234.5,234.3,234.6
232.8,232.8,232.7,232.8,232.9,232.9,233.0,233.1,233.3,233.5,233.5,233.5,233.6,233.6,233.7,233.8,234.1,233.6,234.1,234.1,234.4,234.2,234.1,234.0,233.8,234.1,233.7,233.6,233.3,233.6,233.6,233.3,233.5,233.8,233.9,233.9,233.8,233.5,233.6,233.5,233.4,233.4,233.5,233.5,233.6,233.8,233.9,234.0,234.0,234.0,233.9,234.0,234.2,234.2,234.3,234.7,234.7,234.9,235.0,235.0,234.9,234.7,234.3,234.1,234.3,234.4,233.7,233.8,234.0,234.0,234.1,234.0,234.1,234.2,234.4,234.3,234.5
232.8,232.8,232.6,232.6,232.6,232.6,232.8,232.8,233.0,233.3,233.7,233.9,233.6,233.6,233.5,233.2,233.5,233.6,233.7,234.0,234.1,233.8,234.2,234.1,233.7,233.9,233.7,233.2,233.2,233.4,233.4,233.5,233.6,233.8,234.0,233.8,233.4,233.3,233.4,233.4,233.3,233.3,233.4,233.5,233.5,233.6,233.7,233.8,233.9,233.9,234.0,234.0,234.3,234.4,234.3,234.7,234.8,234.8,234.4,234.7,234.4,234.4,234.4,234.4,234.3,234.1,234.0,233.8,233.8,233.8,233.8,233.9,234.0,233.9,234.1,234.4,234.2
232.9,232.7,232.6,232.4,232.4,232.6,232.5,232.6,232.7,232.9,233.1,233.2,232.7,232.8,233.3,232.5,233.2,233.3,233.4,233.4,233.4,233.8,233.8,233.9,233.7,234.0,233.5,233.4,233.3,233.4,233.5,233.4,233.6,233.6,233.9,233.6,233.2,233.2,233.3,233.3,233.3,233.3,233.4,233.5,233.5,233.5,233.7,233.7,233.8,233.8,233.9,234.2,234.5,234.1,234.2,234.2,234.3,234.7,234.4,234.3,234.2,234.2,234.2,234.1,234.2,233.7,233.8,233.7,233.5,233.6,233.8,233.9,233.8,233.8,233.9,234.1,234.4
232.8,232.7,232.6,232.2,232.4,232.5,232.5,232.5,232.4,232.6,232.9,232.9,233.1,233.3,232.5,232.7,233.0,233.1,233.0,233.2,233.6,233.6,233.8,233.6,233.6,233.6,233.5,233.2,233.2,233.4,233.6,233.5,233.4,233.4,233.8,233.4,233.2,233.2,233.2,233.3,233.2,233.3,233.4,233.5,233.5,233.5,233.5,233.6,233.8,233.7,234.1,234.0,233.8,233.9,233.8,234.3,234.4,234.5,234.5,234.2,234.1,234.1,233.8,233.8,233.7,233.5,233.4,233.4,233.5,233.7,233.7,233.7,233.8,233.8,233.7,233.9,234.2
232.7,232.7,232.6,232.2,232.2,232.4,232.5,232.7,232.7,232.6,232.7,233.1,233.5,233.6,233.2,233.1,233.3,233.2,232.8,233.0,233.4,233.7,233.5,233.1,233.3,233.5,233.4,233.1,233.1,233.4,233.4,233.4,233.3,233.4,233.6,233.1,233.2,233.3,233.3,233.3,233.3,233.6,233.4,233.5,233.2,233.5,233.6,233.6,233.7,233.7,233.7,233.9,233.8,233.7,233.8,234.4,234.4,234.1,234.0,233.8,233.8,233.7,233.7,233.7,233.6,233.5,233.6,233.5,233.6,233.6,233.5,233.6,233.8,233.8,233.7,233.7,233.8
232.4,232.3,232.7,232.4,232.2,232.2,232.4,232.7,232.6,232.7,232.7,232.9,233.3,233.3,233.3,233.1,232.9,233.0,233.1,233.3,233.4,233.7,233.5,233.3,233.3,233.3,233.1,233.1,233.3,233.5,233.2,233.5,233.5,233.3,233.3,233.2,233.1,233.1,233.1,233.1,233.5,233.4,233.3,233.3,233.2,233.2,233.4,233.4,233.5,233.4,233.5,233.7,233.5,233.6,233.8,234.0,233.8,233.7,234.0,233.8,233.6,233.5,233.6,233.5,233.4,233.4,233.5,233.5,233.4,233.3,233.4,233.4,233.6,233.6,233.6,233.7,233.9
232.4,232.1,232.2,232.4,232.2,232.2,232.2,232.4,232.5,232.6,232.7,232.8,233.1,232.9,233.0,232.9,232.8,232.9,233.1,233.3,233.3,233.5,233.4,233.2,233.2,233.2,233.0,233.0,233.3,233.2,233.5,233.6,233.5,233.0,233.2,233.2,233.0,232.9,232.9,233.4,233.5,233.4,233.2,233.1,233.0,233.2,233.5,233.4,233.3,233.3,233.4,233.6,233.6,233.7,233.7,233.8,233.8,233.9,233.8,233.6,233.6,233.7,233.6,233.5,233.4,233.5,233.4,233.3,233.3,233.3,233.4,233.4,233.6,233.5,233.5,233.6,233.7
232.3,232.4,232.3,232.1,232.1,232.3,232.3,232.1,232.1,232.1,232.4,232.7,232.7,232.9,232.7,232.8,233.1,232.9,233.0,233.1,233.3,233.1,233.4,232.9,233.1,233.1,232.9,233.1,233.1,233.5,234.0,233.7,233.7,233.4,233.2,232.9,232.7,232.8,232.8,233.0,233.4,233.2,233.1,233.1,233.2,233.3,233.5,233.2,233.2,233.2,233.3,233.4,233.8,233.8,234.0,233.9,233.8,233.7,233.6,233.6,233.7,233.7,233.6,233.6,233.7,233.7,233.6,233.6,233.5,233.5,233.5,233.6,233.6,233.6,233.5,233.6,233.5
232.0,232.2,232.3,232.2,232.1,232.2,232.3,232.1,231.9,232.0,232.0,232.6,232.9,232.7,232.6,232.4,232.8,232.9,232.7,232.8,233.0,233.1,233.1,232.8,233.0,232.9,232.9,233.3,233.5,233.8,233.9,233.7,233.9,233.4,233.2,232.7,232.9,232.8,232.8,232.6,232.7,233.0,233.0,233.0,233.1,233.1,233.0,233.0,233.0,233.1,233.2,233.2,233.4,233.8,233.8,233.9,233.8,233.8,233.6,233.6,233.7,233.7,233.7,233.8,233.8,233.9,233.9,233.8,233.7,233.6,233.6,233.5,233.4,233.5,233.5,233.4,233.5
232.2,232.1,232.2,232.0,231.9,231.9,232.2,232.4,232.4,232.4,232.3,231.9,232.5,232.5,232.6,232.6,232.6,232.6,232.5,232.4,233.1,232.8,232.9,232.8,232.2,232.5,233.1,233.1,232.8,233.8,233.9,233.7,233.4,233.1,233.1,233.1,233.0,232.9,232.9,232.9,232.8,232.8,233.0,233.0,233.0,232.9,232.8,232.9,232.9,233.1,233.1,233.1,233.2,233.5,233.5,233.6,233.7,233.8,233.7,233.7,233.7,233.7,233.8,233.8,233.9,233.9,234.0,233.8,233.7,233.6,233.6,233.5,233.3,233.4,233.4,233.3,233.3
231.9,232.0,232.1,232.1,231.7,231.9,232.1,231.9,232.1,232.4,232.3,232.2,232.4,232.5,232.5,232.5,232.6,232.4,232.4,232.4,232.6,233.0,233.1,232.8,233.1,233.1,233.1,233.0,232.9,233.5,233.2,233.2,233.5,233.1,233.1,233.1,233.0,233.0,233.1,233.1,233.0,232.9,232.9,232.8,232.7,232.6,232.7,232.7,232.9,233.0,233.1,233.2,233.1,233.2,233.3,233.4,233.6,233.7,233.6,233.7,233.7,233.7,233.8,233.9,234.0,234.0,234.0,233.9,233.8,233.7,233.7,233.5,233.4,233.5,233.5,233.5,233.4
231.9,231.9,231.9,231.8,231.7,231.8,231.7,231.7,231.9,232.3,232.4,232.7,232.9,232.7,232.7,232.4,232.7,232.4,232.4,232.5,232.4,232.6,232.8,233.0,233.5,233.8,233.6,232.9,233.2,233.1,233.1,233.2,233.2,232.9,233.0,233.0,233.0,233.1,233.2,233.1,232.9,232.7,232.7,232.6,232.5,232.5,232.5,232.7,232.9,233.0,233.2,233.3,233.2,233.2,233.3,233.4,233.5,233.5,233.6,233.6,233.5,233.5,233.6,233.8,233.9,233.9,234.0,234.0,234.0,233.9,233.8,233.7,233.6,233.6,233.5,233.6,233.5
232.2,232.0,231.8,231.8,231.8,231.8,231.7,231.8,232.0,232.1,232.3,232.6,232.6,232.8,232.9,232.6,232.7,232.6,232.5,232.5,232.4,232.4,232.6,232.9,233.1,233.4,233.4,233.4,233.6,233.4,233.2,233.0,232.8,232.9,232.9,232.9,232.9,233.0,233.0,233.0,232.7,232.6,232.6,232.5,232.3,232.4,232.5,232.7,232.9,233.1,233.3,233.4,233.3,233.2,233.2,233.3,233.3,233.3,233.3,233.4,233.4,233.4,233.4,233.5,233.6,233.8,233.8,233.9,233.9,233.9,233.8,233.7,233.7,233.6,233.6,233.6,233.6
232.3,232.0,231.9,231.8,231.9,231.9,231.7,231.9,232.0,232.0,232.1,232.2,232.4,232.3,232.5,232.4,232.6,232.6,232.7,232.7,232.5,232.6,232.6,232.8,232.9,232.4,232.5,233.2,233.7,233.6,233.2,232.9,233.0,232.8,232.8,232.6,232.7,232.9,233.0,232.9,232.7,232.7,232.7,232.4,232.3,232.4,232.5,232.7,233.0,233.1,233.3,233.5,233.4,233.2,233.1,233.1,233.1,233.1,233.1,233.1,233.1,233.2,233.2,233.3,233.4,233.5,233.6,233.7,233.7,233.8,233.7,233.7,233.6,233.6,233.6,233.6,233.6
232.5,232.3,232.0,231.9,232.0,232.0,232.1,232.1,231.9,232.0,232.0,232.1,232.4,232.5,232.8,232.5,232.4,232.6,232.7,232.6,232.5,232.5,232.6,232.8,232.7,232.5,232.3,232.9,233.2,233.0,233.1,233.0,232.9,232.8,232.7,232.6,232.7,232.8,232.8,232.8,232.8,232.7,232.7,232.6,232.4,232.5,232.5,232.7,232.9,233.1,233.3,233.4,233.4,233.3,233.2,233.1,233.0,232.9,232.9,232.9,232.9,232.9,233.0,233.1,233.2,233.2,233.3,233.4,233.5,233.6,233.7,233.6,233.6,233.5,233.5,233.5,233.5
232.5,232.2,232.1,232.1,232.1,232.1,232.4,232.3,232.1,232.2,232.4,232.4,232.5,232.8,232.7,232.8,232.7,232.8,233.0,232.8,232.7,232.7,232.6,232.7,232.7,232.6,232.6,232.8,232.9,233.0,233.0,232.9,232.9,232.8,232.7,232.7,232.7,232.8,232.8,232.7,232.7,232.8,232.8,232.8,232.6,232.6,232.6,232.6,232.8,233.1,233.2,233.4,233.5,233.3,233.2,233.1,233.0,233.0,233.0,233.0,233.0,232.9,232.8,232.9,232.9,232.9,233.0,233.1,233.2,233.3,233.5,233.5,233.5,233.5,233.5,233.4,233.3
232.4,232.2,232.2,232.1,232.2,232.2,232.4,232.5,232.3,232.5,232.6,232.6,232.9,233.2,232.7,232.8,233.0,233.2,233.1,232.9,232.8,232.8,232.8,232.7,232.7,232.7,232.7,232.7,232.9,233.1,233.1,233.0,233.0,232.9,232.8,232.8,232.9,232.8,232.8,232.7,232.6,232.6,232.7,232.8,232.8,232.7,232.7,232.7,232.8,232.9,233.2,233.3,233.4,233.5,233.3,233.1,233.0,232.9,232.8,232.8,232.9,232.9,232.9,232.7,232.7,232.6,232.7,232.8,232.9,233.0,233.2,233.3,233.3,233.3,233.3,233.2,233.1
232.5,232.3,232.2,232.1,232.2,232.1,232.4,232.2,232.3,232.5,232.6,232.5,232.5,233.0,232.7,232.7,233.2,233.4,233.1,232.9,232.9,232.9,233.0,233.0,232.8,232.5,232.6,232.8,233.0,233.2,233.3,233.2,233.2,233.0,232.9,232.9,232.8,232.7,232.6,232.7,232.6,232.4,232.5,232.6,232.7,232.8,232.8,232.8,232.8,232.9,233.0,233.2,233.4,233.4,233.3,233.0,232.8,232.9,232.7,232.6,232.7,232.8,232.9,232.9,232.8,232.6,232.6,232.7,232.7,232.8,232.9,233.0,233.0,233.0,233.0,233.0,232.9
232.5,232.3,232.2,232.1,232.2,232.1,232.0,232.0,232.3,232.2,232.4,232.0,232.1,232.4,232.4,232.4,233.1,233.3,233.1,233.2,233.0,232.9,233.0,233.2,233.0,232.7,232.6,232.8,233.0,233.1,233.5,233.3,233.3,233.2,232.9,232.9,232.8,232.8,232.7,232.7,232.6,232.3,232.3,232.4,232.5,232.7,232.7,232.8,232.8,232.8,232.9,233.0,233.2,233.2,233.3,233.2,232.9,232.7,232.5,232.4,232.5,232.5,232.6,232.8,232.9,232.9,232.7,232.5,232.6,232.7,232.7,232.7,232.7,232.7,232.7,232.7,232.7
232.6,232.3,232.2,232.1,232.1,232.1,231.9,232.1,232.2,232.3,232.5,232.1,232.0,232.1,232.5,232.6,232.8,233.4,233.2,233.2,233.3,233.2,233.1,233.1,233.0,233.0,232.8,232.8,232.7,232.7,232.8,233.1,233.1,233.0,232.9,232.8,232.8,232.5,232.6,232.5,232.3,232.1,232.2,232.4,232.4,232.6,232.7,232.7,232.7,232.8,232.6,232.8,233.0,233.0,233.0,233.0,233.0,232.8,232.6,232.5,232.4,232.4,232.4,232.4,232.6,232.8,232.9,232.7,232.5,232.5,232.5,232.5,232.4,232.5,232.5,232.6,232.6
