wind-weather/data/weather/current/current-temp-isobaric-850hPa-gfs-1.0.json
{"header": {"discipline":0,"disciplineName":"Meteorologicalproducts","gribEdition":2,"gribLength":43647,"center":7,"centerName":"USNationalWeatherService-NCEP(WMC)","subcenter":0,"refTime":"2015-09-28T00:00:00.000Z","significanceOfRT":0,"significanceOfRTName":"Analysis","productStatus":0,"productStatusName":"Operationalproducts","productType":0,"productTypeName":"Analysisproducts","productDefinitionTemplate":0,"productDefinitionTemplateName":"Analysis/forecastathorizontallevel/layeratapointintime","parameterCategory":0,"parameterCategoryName":"Temperature","parameterNumber":0,"parameterNumberName":"Temperature","parameterUnit":"K","genProcessType":0,"genProcessTypeName":"Analysis","forecastTime":0,"surface1Type":100,"surface1TypeName":"Isobaricsurface","surface1Value":85000.0,"surface2Type":255,"surface2TypeName":"Missing","surface2Value":0.0,"gridDefinitionTemplate":0,"gridDefinitionTemplateName":"Latitude_Longitude","numberPoints":65160,"shape":6,"shapeName":"Earthsphericalwithradiusof6,371,229.0m","gridUnits":"degrees","resolution":48,"winds":"true","scanMode":0,"nx":360,"ny":181,"basicAngle":0,"subDivisions":0,"lo1":0.0,"la1":90.0,"lo2":359.0,"la2":-90.0,"dx":1.0,"dy":1.0}, "data":
[rows 136 to 169 of 181, columns 231 to 307 of 360]
270.9,270.7,270.5,270.6,270.4,270.1,269.9,269.8,270.0,270.6,271.4,271.9,272.2,272.4,272.4,272.5,272.3,272.2,271.6,270.9,270.3,270.0,270.2,270.6,270.9,271.6,272.6,274.0,274.8,274.8,274.4,274.1,274.9,275.5,275.6,275.3,274.9,275.1,276.4,277.4,277.4,277.8,277.9,277.0,276.6,275.8,275.3,274.6,273.2,273.0,272.6,272.1,271.5,271.4,270.7,270.8,270.8,271.7,273.0,274.3,275.2,275.7,275.5,275.3,275.1,275.0,274.9,274.7,275.1,275.4,276.3,277.2,276.6,275.0,274.9,275.7,275.9
271.6,271.5,271.3,271.2,271.1,271.0,270.7,270.3,270.0,269.8,270.0,270.4,271.1,271.7,272.0,272.2,272.2,272.0,271.5,270.7,270.1,269.5,269.4,269.8,270.6,271.8,272.9,274.1,275.2,276.0,276.2,275.7,274.9,274.8,275.7,275.9,275.0,274.1,274.8,276.3,276.6,277.8,277.0,276.7,276.1,275.8,274.9,273.8,273.6,273.3,272.4,272.5,272.3,272.1,271.1,270.6,271.4,271.1,273.4,273.9,274.7,274.9,274.9,274.4,274.3,274.4,274.1,273.5,273.8,274.3,275.2,276.3,275.9,274.7,274.9,275.4,275.2
270.8,271.0,271.2,271.2,271.1,271.2,271.2,270.9,270.7,270.4,269.9,269.7,269.6,269.8,270.2,271.0,271.7,271.7,271.3,270.6,269.9,269.1,269.0,269.3,270.2,271.7,273.4,274.5,274.9,275.8,276.5,276.6,276.4,276.0,276.2,276.5,276.3,275.1,274.6,275.9,277.2,277.5,276.5,276.4,276.0,275.3,274.5,274.0,273.6,273.3,273.2,273.1,272.7,272.9,271.8,270.1,270.2,271.2,272.6,273.7,273.9,273.4,272.8,272.5,272.3,272.6,273.0,272.8,273.0,273.7,274.7,274.1,274.4,274.4,274.8,273.3,272.4
270.2,270.1,270.1,270.0,269.9,270.1,270.4,270.7,270.8,270.7,270.5,270.1,269.6,269.2,269.3,269.7,270.3,270.7,271.1,271.0,270.1,269.1,268.9,269.4,270.1,271.9,273.6,274.7,275.2,275.2,275.7,276.8,277.1,277.1,277.0,276.7,276.5,275.8,275.5,276.7,277.5,276.7,276.0,276.2,275.6,275.1,274.8,273.9,273.8,273.5,273.0,272.8,272.7,272.0,271.8,271.1,271.3,271.5,272.3,272.9,272.2,272.1,272.1,272.2,272.3,272.7,272.9,272.7,272.8,273.2,273.2,273.2,272.9,273.2,272.8,271.5,271.8
269.0,269.1,269.0,269.0,269.0,269.2,269.4,269.6,269.8,270.2,270.9,270.6,270.2,269.9,269.2,269.0,269.3,269.7,270.3,271.0,270.7,269.6,269.1,269.5,270.1,271.3,273.5,275.3,276.2,276.4,276.0,276.0,276.9,277.6,277.7,277.3,276.8,276.1,276.2,276.8,276.9,275.9,276.0,275.7,275.3,275.2,275.0,274.0,273.9,273.6,273.7,273.4,273.3,272.2,271.8,271.1,270.8,271.6,271.4,271.5,271.5,271.9,272.3,272.6,272.5,272.6,272.8,273.3,272.7,272.5,272.2,271.9,272.1,272.6,270.4,270.5,269.2
268.6,268.5,268.5,268.5,268.4,268.6,268.7,268.9,269.1,269.3,269.4,270.2,270.6,270.1,269.7,269.2,269.2,269.7,270.6,271.4,271.1,270.7,269.7,269.0,270.0,271.5,273.5,276.1,277.1,277.2,277.2,277.1,277.1,277.4,277.2,277.3,276.7,276.1,275.9,276.5,276.0,275.4,275.4,274.9,275.2,275.1,274.2,273.8,273.8,274.2,274.6,274.5,273.8,272.1,271.1,271.0,271.2,270.2,271.0,271.2,271.8,271.8,273.1,273.4,273.6,273.3,273.1,272.7,272.1,271.6,271.9,272.3,272.2,271.4,269.2,269.5,268.6
268.1,267.9,267.7,267.6,267.6,267.6,267.8,268.0,268.3,268.5,268.6,268.8,269.4,270.2,269.9,269.4,269.4,269.9,270.9,271.5,271.5,271.1,270.7,270.4,270.7,272.4,274.4,276.1,277.3,277.5,277.3,277.4,277.3,277.3,277.0,276.9,276.3,275.9,276.0,275.9,274.9,275.0,274.6,274.5,275.0,274.5,273.6,273.5,273.4,273.4,274.2,274.2,273.2,272.1,271.4,271.3,270.9,270.7,271.1,271.1,272.0,272.1,272.5,272.5,273.0,272.5,272.1,272.3,272.8,273.2,273.3,273.5,273.1,271.0,268.1,268.4,268.0
267.4,267.0,266.8,266.7,266.9,266.9,267.0,267.4,267.5,267.5,267.7,267.9,268.3,269.0,269.6,269.5,269.3,269.7,270.7,271.3,271.5,271.4,270.8,270.6,271.6,273.1,274.7,275.4,277.1,277.5,277.3,277.0,276.6,276.6,276.2,276.1,275.0,275.0,274.8,274.5,274.2,274.0,273.4,273.9,274.0,273.9,273.1,273.0,273.1,272.8,273.0,273.2,273.2,272.9,272.4,272.3,272.1,272.4,271.8,271.6,271.3,272.0,272.5,272.3,272.2,272.4,272.2,272.4,272.5,272.6,272.8,272.7,272.2,271.3,269.5,267.4,266.4
266.4,265.9,265.8,266.0,266.3,266.6,266.9,267.1,267.3,267.3,267.2,267.3,267.4,268.0,268.9,269.4,269.0,268.8,269.3,269.8,270.2,271.0,270.8,270.5,271.4,272.9,274.4,276.1,277.5,277.5,277.2,276.4,276.1,275.9,275.4,274.9,274.0,273.0,273.3,273.0,273.0,271.9,272.0,272.6,273.4,273.3,273.3,273.0,272.8,272.5,272.3,272.4,272.5,272.6,272.8,272.8,272.9,273.0,272.8,272.5,272.1,271.8,271.8,272.1,272.1,272.0,272.0,271.9,271.6,271.4,271.3,271.0,270.6,270.2,270.3,269.1,268.1
265.4,265.0,265.1,265.5,265.7,266.2,266.5,266.9,267.1,267.1,267.0,266.9,266.9,267.4,268.0,269.1,268.5,267.5,267.3,267.8,268.9,269.4,269.7,270.2,270.8,272.5,274.3,276.6,277.3,277.4,277.0,276.0,275.6,274.9,274.3,273.6,272.9,272.0,271.3,271.3,270.3,270.0,270.4,271.5,272.6,272.0,272.4,273.1,273.2,272.8,272.5,272.5,272.6,272.8,272.6,272.4,272.5,272.4,272.2,271.7,270.2,268.9,269.8,270.1,270.2,270.5,271.0,271.3,271.0,271.0,270.9,269.9,269.5,269.6,269.6,269.8,269.8
264.7,264.4,264.6,264.7,264.9,265.5,266.2,266.5,266.8,266.9,266.6,266.4,266.3,266.7,267.4,268.6,268.3,267.1,266.8,267.1,267.7,268.7,269.2,269.7,270.4,272.6,274.4,276.2,276.9,277.4,276.7,275.8,275.0,273.8,272.7,272.4,271.4,270.6,267.8,268.1,268.2,268.6,269.1,270.4,271.3,270.5,270.9,272.1,272.4,272.2,272.0,272.1,272.1,271.8,271.3,271.2,271.0,270.7,270.3,269.9,269.5,269.4,269.5,269.6,269.8,269.8,269.7,269.4,269.0,268.7,268.7,268.8,268.6,268.7,268.6,268.5,268.6
263.9,263.6,263.4,263.7,264.4,265.1,265.7,266.1,266.4,266.5,266.1,265.8,265.7,266.1,267.0,268.4,267.9,266.8,266.7,266.6,267.1,268.4,269.4,269.5,270.0,271.9,274.0,275.6,276.1,277.0,275.7,274.7,273.6,272.5,270.9,270.8,270.0,267.8,267.8,267.6,267.8,268.0,268.7,269.6,270.1,270.8,270.4,270.7,270.6,270.3,270.4,270.4,270.4,270.5,270.6,270.5,270.2,269.9,269.6,269.5,269.6,269.9,270.2,270.3,270.1,269.6,268.9,268.2,267.3,266.4,265.6,265.3,265.5,266.0,266.6,267.5,268.0
262.0,261.7,262.0,262.8,263.9,264.9,265.8,266.2,266.3,266.0,265.7,265.5,265.5,265.9,267.0,268.2,267.0,266.4,266.0,265.9,266.7,268.8,269.4,269.3,269.6,270.9,272.1,273.5,274.0,275.1,273.8,272.8,271.7,270.7,269.8,269.4,267.3,267.3,267.4,267.4,267.6,268.0,269.2,269.4,269.3,270.4,271.2,270.6,270.3,270.2,270.2,270.3,270.3,270.4,270.3,270.1,269.6,269.3,269.3,269.8,270.4,270.7,270.9,270.7,269.6,268.3,267.0,265.8,264.7,263.7,262.9,262.4,262.4,263.0,264.0,265.0,266.3
259.6,260.4,261.9,263.3,264.3,265.2,266.1,266.2,265.9,265.5,265.4,265.3,265.5,266.4,267.6,267.0,266.2,265.4,265.1,264.7,266.0,268.4,268.8,269.0,268.9,269.1,270.4,271.2,271.6,271.2,271.4,270.5,269.8,268.8,268.4,267.5,266.7,266.9,267.1,267.7,268.9,269.0,269.4,270.3,270.6,270.6,270.6,270.3,270.1,270.0,270.1,270.1,270.1,270.3,270.5,270.2,269.7,269.6,269.7,270.0,270.6,271.3,271.2,270.1,268.9,268.2,267.4,266.2,264.7,263.4,262.5,261.8,261.7,262.1,262.0,263.7,266.3
258.7,260.3,261.7,262.9,264.5,265.8,266.1,265.8,265.4,265.2,265.1,265.5,266.6,267.2,266.5,266.0,265.1,264.5,263.9,263.3,265.1,268.2,268.6,268.7,268.4,268.0,268.2,268.8,269.0,268.9,268.8,268.3,267.7,267.2,266.6,266.3,266.4,266.5,267.2,268.4,268.8,268.6,269.2,270.2,270.1,270.2,269.9,269.7,269.6,269.7,269.8,270.2,270.6,270.6,270.4,270.1,269.7,269.5,269.5,269.8,270.3,270.9,270.7,269.8,269.3,268.8,267.6,266.6,266.8,266.9,266.7,266.0,265.0,264.6,265.3,266.3,267.1
257.2,259.3,261.0,263.4,264.1,266.0,266.3,266.0,265.7,266.0,266.4,266.9,266.5,265.8,265.4,264.6,264.3,263.9,263.3,262.6,264.0,267.4,268.5,268.5,268.0,267.8,267.1,267.0,267.2,267.2,267.2,267.0,266.7,266.5,266.3,266.1,265.9,265.8,266.1,267.6,269.2,269.2,269.3,269.5,269.7,269.7,269.6,269.4,269.3,269.3,269.6,269.8,270.1,270.2,270.2,270.1,269.9,269.6,269.5,269.4,269.6,270.0,270.1,269.5,268.8,268.6,268.4,268.0,267.5,266.9,266.7,267.5,266.8,266.7,266.9,266.4,266.2
255.5,256.9,259.5,263.4,264.1,266.2,266.8,266.5,266.2,266.4,266.1,265.5,265.1,264.9,264.5,264.1,263.6,263.2,262.9,262.4,262.3,264.6,267.6,268.1,268.0,267.8,267.5,266.9,266.3,266.3,266.5,266.4,266.3,266.1,266.0,265.9,265.8,265.6,265.8,266.5,267.4,268.2,268.6,268.8,269.0,269.0,269.0,269.1,269.1,269.1,269.2,269.1,268.8,268.7,268.8,268.8,268.6,268.4,268.5,268.6,268.6,269.0,269.4,269.0,268.0,268.0,268.1,267.5,266.2,265.8,266.5,266.0,265.7,265.9,265.3,265.0,264.9
253.3,255.1,258.3,261.4,262.8,263.9,265.4,265.5,265.5,265.0,264.6,264.4,264.3,264.1,263.8,263.5,263.1,262.7,262.4,262.3,262.0,261.9,263.0,266.1,267.6,267.4,267.4,267.4,267.0,266.3,266.0,266.2,266.4,266.2,266.1,266.1,266.0,265.9,265.8,265.7,266.1,266.4,266.6,266.9,267.0,267.1,267.2,267.2,267.3,267.4,267.5,267.5,267.4,267.2,267.0,266.8,266.8,266.8,266.9,266.9,267.1,267.6,268.4,268.4,267.2,266.8,266.9,266.1,265.3,264.4,263.6,262.8,263.0,263.1,262.8,262.1,261.7
253.0,254.5,255.9,258.0,260.0,261.6,263.0,263.7,263.9,263.7,263.7,263.7,263.4,263.2,263.0,262.9,262.6,262.3,262.1,261.9,262.0,261.9,261.7,261.8,263.1,265.8,267.3,267.4,267.3,267.3,267.1,266.7,266.4,266.3,266.2,266.1,266.1,266.2,266.1,266.0,266.0,266.0,266.0,265.9,266.0,266.1,266.1,266.2,266.1,266.1,265.9,265.8,265.8,265.8,265.9,265.8,265.7,265.6,265.5,265.6,265.7,266.1,267.0,267.4,266.2,265.4,264.7,264.3,263.4,264.2,258.5,262.8,262.2,261.6,261.1,260.7,260.3
252.6,253.1,253.8,254.6,255.7,257.5,259.2,260.6,261.9,262.4,262.7,262.8,262.7,262.5,262.4,262.4,262.3,262.2,262.1,262.0,262.0,262.0,262.0,261.9,261.7,261.7,262.4,264.3,266.2,267.1,267.4,267.5,267.4,267.3,267.2,267.3,267.4,267.2,267.0,266.9,266.8,266.8,266.7,266.6,266.6,266.6,266.5,266.4,266.3,266.2,266.0,265.9,265.7,265.5,265.3,265.0,264.9,265.0,265.1,265.0,265.1,265.1,265.8,265.6,264.1,263.4,263.1,263.4,264.6,263.8,263.3,262.4,261.3,259.5,258.3,258.2,258.1
252.2,252.4,252.7,253.1,253.7,254.1,254.7,256.2,257.8,259.2,260.4,261.4,262.1,262.0,262.0,262.0,262.1,262.2,262.2,262.1,262.1,262.0,261.9,261.9,261.8,261.7,261.5,261.5,261.7,262.6,263.8,265.3,266.5,267.2,267.6,267.6,267.6,267.7,267.8,267.8,267.8,268.0,267.9,267.7,267.6,267.5,267.4,267.4,267.4,267.3,267.3,267.1,266.9,266.6,266.2,265.8,265.4,265.3,265.2,265.2,264.9,264.5,263.9,262.4,261.3,260.8,266.5,264.4,263.9,263.5,263.2,262.2,260.1,257.8,256.6,256.4,256.7
251.6,251.7,251.9,252.0,252.3,252.8,253.4,253.7,253.7,254.7,256.3,257.6,258.8,259.9,260.8,261.4,261.9,261.8,261.8,261.9,262.0,262.0,262.0,262.0,262.1,262.0,261.8,261.5,261.4,261.5,261.6,261.8,262.4,263.3,264.4,265.6,266.7,267.4,267.8,267.8,267.8,267.8,267.9,268.0,267.9,267.6,267.3,267.3,267.4,267.4,267.3,267.2,266.9,266.9,266.8,266.6,266.3,265.9,265.8,265.3,264.3,262.6,261.9,261.0,265.8,263.9,264.1,263.4,263.0,262.3,261.1,259.4,257.4,255.8,255.3,255.4,255.6
250.6,250.5,250.6,250.9,251.2,251.5,251.9,252.5,253.1,253.5,253.7,254.0,254.8,256.1,257.4,258.5,259.5,260.5,261.1,261.4,261.4,261.3,261.5,261.7,261.9,261.8,261.7,261.6,261.5,261.3,261.2,261.3,261.6,261.7,261.8,262.1,262.7,263.8,265.2,266.2,267.0,267.5,267.7,267.8,267.7,267.3,267.0,267.0,267.1,267.1,266.8,266.2,265.6,265.3,265.5,265.9,265.8,266.0,265.8,264.9,263.9,262.7,262.3,261.9,263.5,263.6,263.4,263.0,262.4,261.4,259.7,257.5,255.4,254.3,254.3,254.5,254.8
249.8,249.5,249.4,249.4,249.7,250.2,251.0,251.7,252.2,252.7,253.3,253.6,253.9,254.1,254.3,254.6,255.2,256.1,257.2,258.3,259.1,259.6,260.0,260.5,260.4,260.3,260.3,260.4,260.5,260.5,260.4,260.4,260.5,260.9,261.4,261.6,261.7,261.5,261.7,262.5,263.5,264.8,266.1,266.7,267.1,267.2,267.4,267.3,267.2,267.2,267.2,267.0,266.9,266.6,265.4,264.7,264.6,264.3,262.6,262.9,262.0,261.8,261.2,260.5,260.6,263.6,263.0,262.9,262.3,261.2,259.2,256.8,254.9,253.9,253.8,254.2,254.7
248.2,248.2,248.3,248.5,249.0,249.6,250.4,251.2,251.9,252.5,253.0,253.4,253.7,254.0,254.1,254.2,254.3,254.6,254.8,255.2,255.7,256.1,256.6,257.0,257.2,257.4,257.7,258.2,258.7,258.8,259.2,259.4,259.4,259.5,259.9,260.5,261.0,261.3,261.4,261.3,261.2,261.3,261.7,262.5,263.9,265.4,266.1,266.3,266.5,266.6,266.7,266.7,266.8,266.4,266.4,266.9,266.5,265.5,264.5,264.9,262.9,260.8,259.1,258.8,258.3,261.6,266.3,262.4,262.1,260.8,259.4,257.7,256.1,255.0,254.6,254.8,255.1
249.9,250.3,250.6,250.9,251.3,251.8,252.3,252.7,253.0,253.3,253.4,253.5,253.5,253.5,253.4,253.3,253.5,253.5,253.4,253.0,253.0,253.4,254.0,254.8,255.7,256.0,255.8,255.3,255.5,256.5,257.6,257.9,258.2,258.5,259.2,259.9,260.4,260.7,260.8,260.8,260.8,260.8,260.8,260.7,260.6,260.8,261.6,263.1,264.7,265.1,265.3,266.0,266.2,266.2,266.6,267.1,265.3,263.9,263.6,263.4,261.6,262.4,260.1,259.6,259.2,259.1,261.6,264.1,261.9,261.5,260.5,259.4,258.1,257.1,256.4,256.2,256.2
254.2,253.7,253.3,253.4,253.7,254.2,254.3,254.1,254.2,254.2,254.1,253.9,253.6,253.3,252.7,251.9,251.0,250.9,251.1,251.7,252.2,251.3,250.1,250.1,250.8,251.8,252.9,253.7,253.9,253.9,255.2,256.7,257.6,257.8,258.2,258.4,258.8,259.2,259.3,259.3,259.3,259.5,259.6,259.7,259.7,259.7,259.8,260.0,260.5,261.4,263.0,264.3,265.1,265.6,265.5,266.4,267.1,266.6,266.1,266.0,264.6,263.0,261.6,259.4,257.8,258.2,261.4,262.3,262.2,261.9,261.3,260.7,260.0,259.2,258.4,257.9,257.4
256.4,256.6,255.8,254.9,254.7,255.3,255.1,254.6,254.2,251.9,251.5,251.3,251.2,251.4,251.4,251.5,251.9,252.7,253.4,252.9,252.7,253.1,252.3,250.8,250.3,250.4,250.7,250.9,251.4,252.2,253.2,254.4,255.3,256.0,256.6,257.2,257.4,257.3,257.6,257.6,257.8,257.9,258.1,258.1,258.0,258.0,258.1,258.5,259.2,259.7,260.3,261.4,262.7,263.1,262.1,262.5,262.4,262.1,261.6,261.0,260.4,259.7,258.7,256.9,257.0,257.8,260.9,261.6,262.5,262.1,261.9,261.2,260.6,260.1,259.5,258.8,258.0
256.9,257.4,258.0,258.7,258.3,258.1,256.7,255.8,255.8,255.1,255.2,254.9,254.7,254.4,254.0,253.7,253.5,254.0,254.7,254.3,253.3,252.6,251.9,251.2,251.0,250.9,250.9,251.1,250.8,251.3,252.2,252.7,253.3,253.8,253.9,254.4,255.0,255.1,255.3,255.4,255.5,255.8,255.8,255.9,256.6,257.3,257.8,258.0,258.8,256.4,256.0,256.8,258.4,258.2,256.9,257.2,257.9,255.7,254.5,254.6,255.2,255.6,254.5,253.1,254.0,257.9,259.9,262.0,263.2,262.4,262.1,261.7,261.2,260.6,259.8,258.8,257.9
257.2,257.2,257.2,257.1,257.2,257.4,257.5,257.7,257.7,257.8,257.5,257.2,256.9,256.5,256.2,256.0,255.6,255.1,254.2,253.3,252.4,251.7,251.5,251.5,251.5,251.4,251.2,251.0,251.1,251.4,252.0,252.4,252.5,252.9,253.2,253.7,254.3,254.6,254.2,253.4,253.3,254.2,255.1,256.2,256.8,256.6,256.2,256.9,257.8,256.5,255.0,258.2,257.2,257.1,257.2,258.3,259.0,258.5,257.4,257.2,257.7,258.1,259.2,261.6,261.9,260.3,261.6,261.1,261.0,260.9,261.2,261.3,260.9,260.3,259.5,258.6,257.8
253.6,253.1,253.5,253.8,253.9,253.8,253.8,253.8,253.7,253.6,253.4,253.3,253.1,252.5,252.6,252.5,252.2,252.1,252.2,252.1,252.0,252.0,252.1,252.5,252.5,252.2,251.8,251.6,251.6,251.7,252.1,252.6,253.0,253.4,253.7,253.9,253.4,253.1,253.0,253.5,254.3,255.3,256.4,257.2,257.7,258.2,256.6,251.9,251.9,255.3,254.7,255.0,255.5,256.1,256.4,257.5,258.5,258.9,258.8,259.3,260.7,259.7,260.6,260.3,260.0,260.4,260.4,260.5,260.6,260.2,259.8,259.6,259.4,259.0,258.3,257.8,257.4
252.2,251.7,251.9,252.0,252.5,252.8,252.8,252.8,252.7,252.7,252.6,252.2,252.2,252.7,253.3,253.4,253.0,252.6,252.5,252.8,253.1,253.4,253.5,253.5,253.2,253.1,253.1,253.1,253.2,253.2,253.4,253.5,253.6,253.9,254.5,254.4,252.5,248.3,243.8,241.4,241.2,241.5,240.9,239.9,240.3,242.2,243.9,246.2,250.1,252.4,249.6,251.3,253.1,253.0,254.1,254.9,255.4,256.1,256.9,257.4,257.9,258.1,258.4,258.5,258.3,258.0,258.0,258.3,258.5,258.4,258.2,258.0,257.6,257.2,257.2,257.2,257.1
252.6,252.4,252.6,252.7,253.0,253.4,253.7,253.8,253.8,253.7,253.7,253.7,253.7,253.6,253.6,253.6,253.8,253.9,254.1,254.0,253.9,253.9,253.8,253.6,253.4,253.3,253.1,253.2,253.5,253.7,253.2,251.8,249.5,247.4,246.4,246.7,247.7,248.6,249.3,250.1,250.7,250.5,248.1,244.1,243.8,242.3,241.7,243.6,245.1,245.5,247.3,248.6,249.3,249.9,251.2,252.3,253.1,253.7,254.4,255.0,255.6,256.1,256.5,256.8,256.9,256.8,256.6,256.6,256.5,256.4,256.4,256.5,256.5,256.5,256.5,256.5,256.5
254.0,253.7,253.5,253.3,253.2,253.2,253.4,253.7,253.9,253.9,253.8,253.6,253.4,253.1,252.9,252.7,252.7,252.7,252.8,253.0,253.2,253.3,253.3,252.9,252.2,251.3,250.3,249.4,248.8,248.6,248.6,248.8,249.2,249.6,250.0,250.3,250.4,250.6,251.5,253.0,253.6,251.1,246.5,242.5,240.3,238.9,238.8,239.9,241.8,242.7,243.6,244.6,245.6,246.7,247.8,248.6,249.4,250.3,251.4,251.7,251.5,253.0,253.2,253.8,254.3,254.6,254.6,254.4,254.3,254.2,254.4,254.6,254.9,255.2,255.4,255.5,255.6
