wind-weather/data/weather/current/current-temp-isobaric-70hPa-gfs-1.0.json
{"header": {"discipline":0,"disciplineName":"Meteorologicalproducts","gribEdition":2,"gribLength":26081,"center":7,"centerName":"USNationalWeatherService-NCEP(WMC)","subcenter":0,"refTime":"2015-09-28T00:00:00.000Z","significanceOfRT":0,"significanceOfRTName":"Analysis","productStatus":0,"productStatusName":"Operationalproducts","productType":0,"productTypeName":"Analysisproducts","productDefinitionTemplate":0,"productDefinitionTemplateName":"Analysis/forecastathorizontallevel/layeratapointintime","parameterCategory":0,"parameterCategoryName":"Temperature","parameterNumber":0,"parameterNumberName":"Temperature","parameterUnit":"K","genProcessType":0,"genProcessTypeName":"Analysis","forecastTime":0,"surface1Type":100,"surface1TypeName":"Isobaricsurface","surface1Value":7000.0,"surface2Type":255,"surface2TypeName":"Missing","surface2Value":0.0,"gridDefinitionTemplate":0,"gridDefinitionTemplateName":"Latitude_Longitude","numberPoints":65160,"shape":6,"shapeName":"Earthsphericalwithradiusof6,371,229.0m","gridUnits":"degrees","resolution":48,"winds":"true","scanMode":0,"nx":360,"ny":181,"basicAngle":0,"subDivisions":0,"lo1":0.0,"la1":90.0,"lo2":359.0,"la2":-90.0,"dx":1.0,"dy":1.0}, "data":
[rows 68 to 101 of 181, columns 0 to 76 of 360]
205.5,204.8,204.8,204.3,204.3,204.4,204.2,204.3,204.0,203.9,203.7,203.1,203.2,203.4,203.5,203.3,204.0,204.2,203.7,203.5,203.4,203.6,203.6,203.3,203.3,203.4,203.3,203.2,203.2,203.4,203.3,203.1,202.9,202.7,202.7,202.8,202.9,203.0,203.0,203.0,202.8,202.6,202.4,202.2,202.1,202.1,202.2,202.2,202.3,202.3,202.3,202.2,202.0,201.8,201.6,201.6,201.5,201.5,201.7,201.8,201.8,201.7,201.8,201.7,201.4,200.8,200.5,200.5,200.5,200.5,200.5,200.3,200.1,199.9,199.9,199.9,200.0
204.5,204.2,204.2,204.0,203.6,203.5,203.7,203.7,203.3,203.1,203.0,202.7,202.6,202.7,203.1,202.8,203.0,203.4,203.2,202.9,202.8,202.8,202.8,202.8,202.8,202.9,202.9,203.0,203.0,203.1,202.9,202.7,202.5,202.4,202.4,202.5,202.6,202.7,202.6,202.5,202.2,201.9,201.7,201.5,201.5,201.5,201.6,201.7,201.8,201.8,201.8,201.7,201.5,201.3,201.1,201.0,201.0,201.2,201.3,201.4,201.3,201.2,201.2,201.1,200.8,200.5,200.4,200.4,200.4,200.4,200.3,200.0,199.8,199.8,200.0,200.2,200.4
203.6,203.5,203.6,203.6,203.3,203.1,203.3,203.1,202.7,202.6,202.5,202.3,202.2,202.2,202.5,202.8,202.6,202.3,202.4,202.2,202.2,202.2,202.3,202.4,202.6,202.6,202.7,202.8,202.8,202.7,202.6,202.4,202.1,202.2,202.2,202.3,202.4,202.3,202.1,201.9,201.5,201.1,200.9,200.7,200.7,200.8,200.9,201.0,201.1,201.3,201.3,201.2,201.0,200.8,200.6,200.5,200.6,200.8,200.9,200.8,200.7,200.6,200.6,200.5,200.4,200.4,200.4,200.3,200.2,200.1,199.8,199.6,199.4,199.6,200.1,200.4,200.5
203.0,203.2,203.1,203.1,203.0,202.8,202.6,202.3,202.2,202.2,202.1,202.1,202.0,201.9,202.1,202.3,202.4,202.1,201.9,201.7,201.7,201.8,202.0,202.2,202.3,202.4,202.5,202.6,202.5,202.4,202.3,202.1,201.9,201.9,202.0,202.1,202.0,201.8,201.5,201.2,200.7,200.4,200.2,200.1,200.1,200.1,200.2,200.3,200.5,200.6,200.6,200.6,200.5,200.3,200.2,200.2,200.3,200.4,200.4,200.2,200.0,199.9,200.0,200.0,200.2,200.4,200.4,200.2,199.9,199.7,199.5,199.3,199.2,199.5,200.1,200.3,200.4
202.6,202.8,202.7,202.7,202.5,202.3,202.1,202.0,202.0,202.2,202.1,202.1,201.9,201.9,201.8,201.9,202.0,202.0,201.8,201.5,201.5,201.6,201.8,202.0,202.0,202.1,202.2,202.2,202.1,201.9,201.8,201.7,201.6,201.6,201.7,201.7,201.5,201.2,200.9,200.5,200.1,199.9,199.8,199.7,199.6,199.6,199.6,199.7,199.8,199.9,200.0,200.0,199.9,199.7,199.6,199.7,199.8,199.9,199.9,199.6,199.3,199.3,199.5,199.8,200.1,200.4,200.4,200.1,199.8,199.7,199.6,199.4,199.3,199.6,200.2,200.3,200.2
202.4,202.2,202.2,202.2,202.1,202.0,201.9,201.9,202.1,202.1,202.1,202.0,201.9,201.8,201.7,201.7,201.7,201.7,201.5,201.2,201.3,201.4,201.6,201.7,201.8,201.8,201.8,201.7,201.5,201.3,201.2,201.2,201.3,201.3,201.3,201.2,201.0,200.7,200.4,200.0,199.8,199.8,199.7,199.5,199.4,199.3,199.2,199.1,199.1,199.1,199.3,199.3,199.3,199.2,199.1,199.1,199.3,199.4,199.4,199.1,198.9,199.0,199.3,199.7,200.1,200.3,200.4,200.2,199.9,199.8,199.7,199.6,199.4,199.6,200.3,200.7,200.5
202.0,201.8,201.7,201.6,201.6,201.7,201.8,201.9,202.0,202.0,201.9,201.8,201.7,201.6,201.5,201.5,201.4,201.3,201.0,200.9,201.0,201.2,201.4,201.5,201.5,201.6,201.5,201.2,200.9,200.8,200.8,201.0,201.1,201.0,200.9,200.8,200.7,200.4,200.1,199.8,199.7,199.7,199.5,199.2,199.1,199.0,198.8,198.6,198.5,198.6,198.7,198.8,198.8,198.8,198.8,198.8,198.9,199.0,199.0,198.8,198.6,198.8,199.2,199.6,199.9,200.2,200.4,200.1,200.0,199.9,199.9,199.8,199.8,199.8,200.2,200.9,201.0
201.7,201.5,201.4,201.3,201.3,201.5,201.7,201.8,201.8,201.8,201.6,201.5,201.4,201.3,201.2,201.1,201.0,200.8,200.7,200.7,200.9,201.1,201.3,201.4,201.5,201.5,201.2,200.9,200.8,200.7,200.7,200.7,200.8,200.7,200.6,200.5,200.4,200.2,200.0,199.7,199.6,199.5,199.4,199.1,198.8,198.7,198.5,198.4,198.3,198.2,198.3,198.5,198.6,198.6,198.6,198.6,198.8,198.9,198.9,198.8,198.7,198.8,199.2,199.6,200.0,200.2,200.4,200.0,200.1,200.1,200.0,200.0,200.1,200.4,200.4,200.9,201.4
201.6,201.4,201.3,201.1,201.2,201.3,201.5,201.5,201.5,201.6,201.5,201.2,201.0,200.8,200.7,200.6,200.5,200.5,200.5,200.7,200.9,201.1,201.2,201.3,201.3,201.4,201.0,200.9,200.9,200.8,200.8,200.7,200.6,200.6,200.6,200.5,200.3,200.1,199.9,199.7,199.6,199.4,199.3,199.0,198.7,198.5,198.3,198.2,198.2,198.1,198.1,198.2,198.3,198.4,198.4,198.6,198.7,198.9,199.0,198.9,198.8,199.0,199.3,199.6,200.0,200.3,200.4,200.3,200.6,200.5,200.3,200.3,200.4,200.7,200.5,201.0,202.0
201.6,201.5,201.2,201.0,201.0,201.1,201.2,201.2,201.3,201.4,201.2,200.9,200.5,200.2,200.1,200.1,200.2,200.2,200.4,200.8,201.0,201.1,201.2,201.2,201.3,201.2,200.8,200.8,200.8,200.6,200.6,200.6,200.6,200.6,200.7,200.6,200.4,200.1,199.9,199.8,199.7,199.5,199.3,199.0,198.7,198.4,198.2,198.2,198.1,198.0,198.0,198.1,198.1,198.2,198.4,198.6,198.8,199.0,199.1,199.1,199.1,199.2,199.5,199.8,200.1,200.4,200.5,200.7,201.0,201.1,201.0,200.8,200.7,200.8,200.6,200.7,202.0
201.5,201.2,200.6,200.5,200.5,200.6,200.8,201.0,201.1,201.1,200.8,200.5,200.0,199.7,199.6,199.7,199.9,200.1,200.4,200.8,200.9,201.0,201.0,201.0,201.1,201.1,200.8,200.6,200.6,200.4,200.5,200.5,200.6,200.6,200.6,200.6,200.4,200.0,199.8,199.8,199.8,199.6,199.4,199.1,198.8,198.5,198.4,198.3,198.3,198.2,198.2,198.2,198.2,198.3,198.5,198.8,199.0,199.1,199.2,199.2,199.2,199.5,199.9,200.1,200.4,200.7,200.9,201.1,201.5,201.5,201.6,201.3,201.0,201.0,200.9,200.8,201.6
201.3,200.4,199.7,199.8,200.0,199.9,200.2,200.5,200.7,200.6,200.3,200.0,199.7,199.4,199.5,199.5,199.7,200.0,200.3,200.4,200.5,200.6,200.7,200.8,200.9,200.9,200.6,200.2,200.1,200.3,200.4,200.5,200.6,200.6,200.5,200.5,200.4,200.1,199.9,199.9,200.0,199.9,199.6,199.3,199.1,198.8,198.7,198.6,198.5,198.5,198.5,198.5,198.5,198.6,198.9,199.1,199.2,199.2,199.2,199.3,199.5,199.8,200.2,200.6,200.9,201.3,201.5,201.6,201.9,201.9,202.2,201.9,201.7,201.7,201.5,201.5,201.5
200.9,200.2,199.6,199.7,199.8,199.8,199.8,199.7,199.7,199.8,199.8,199.8,199.6,199.4,199.4,199.6,199.8,200.0,200.1,200.1,200.2,200.5,200.7,200.6,200.7,200.8,200.5,200.0,199.8,200.1,200.4,200.6,200.6,200.5,200.4,200.4,200.4,200.2,200.1,200.1,200.2,200.3,200.0,199.7,199.5,199.4,199.1,199.0,198.9,198.9,198.9,198.9,199.0,199.1,199.3,199.3,199.3,199.3,199.3,199.5,199.8,200.2,200.7,201.1,201.5,201.9,202.3,202.4,202.4,202.6,202.7,202.5,202.2,202.2,202.0,202.0,202.1
200.7,200.3,200.1,200.1,199.8,199.7,199.5,199.3,199.3,199.2,199.7,199.9,199.7,199.6,199.6,199.7,199.9,200.0,200.0,200.1,200.2,200.4,200.8,200.7,200.8,200.7,200.4,200.0,199.8,200.0,200.3,200.5,200.6,200.5,200.4,200.5,200.5,200.4,200.3,200.2,200.4,200.5,200.4,200.1,199.9,199.7,199.5,199.4,199.3,199.3,199.4,199.5,199.5,199.6,199.6,199.6,199.5,199.5,199.5,199.7,200.1,200.6,201.1,201.5,202.0,202.4,202.8,203.1,203.1,203.2,203.2,203.1,202.9,202.5,202.3,202.3,202.9
200.7,200.1,200.1,200.0,199.6,199.3,199.2,199.4,199.3,199.3,199.8,199.7,199.6,199.8,200.0,200.1,200.1,200.0,200.0,200.1,200.3,200.4,200.6,201.0,201.2,200.8,200.3,200.0,199.8,199.9,200.2,200.4,200.7,200.7,200.5,200.5,200.6,200.6,200.5,200.4,200.6,200.7,200.6,200.4,200.3,200.1,200.0,199.9,199.9,200.0,200.1,200.2,200.2,200.1,200.0,199.8,199.8,199.7,199.8,200.0,200.4,200.9,201.5,202.0,202.4,202.8,203.2,203.5,203.7,203.8,203.8,203.9,203.7,203.5,203.2,203.1,203.5
200.6,200.1,199.9,199.5,199.1,198.9,199.0,199.1,199.0,199.3,199.9,199.5,199.5,200.0,200.2,200.2,200.1,200.2,200.1,200.1,200.4,200.8,201.1,201.7,201.8,201.3,200.8,200.5,200.3,200.2,200.6,200.7,200.9,200.8,200.6,200.6,200.7,200.8,200.6,200.6,200.7,200.9,200.9,200.9,200.9,200.7,200.6,200.6,200.6,200.8,200.9,201.0,200.9,200.6,200.4,200.2,200.1,200.1,200.2,200.4,200.7,201.1,201.7,202.2,202.6,203.0,203.4,203.9,204.2,204.4,204.5,204.6,204.6,204.6,204.4,204.2,204.2
200.8,200.3,199.8,199.3,199.0,198.9,199.0,199.2,199.4,199.6,199.7,199.6,199.7,200.1,200.5,200.5,200.5,200.7,200.6,200.5,200.6,201.1,201.6,202.0,202.1,201.9,201.6,201.2,200.9,200.6,200.7,200.8,200.9,200.8,200.7,200.7,200.8,200.9,200.8,200.8,200.9,201.1,201.2,201.3,201.3,201.2,201.3,201.3,201.4,201.5,201.6,201.7,201.5,201.3,201.0,200.7,200.6,200.6,200.7,200.9,201.1,201.5,201.8,202.2,202.6,203.0,203.4,203.8,204.2,204.6,204.9,204.9,205.0,205.1,205.0,204.9,205.0
201.0,200.5,199.9,199.4,199.2,199.2,199.2,199.3,199.5,199.7,199.9,199.9,199.9,200.2,200.6,201.0,201.1,201.3,201.3,201.1,201.2,201.4,201.8,202.0,202.3,202.0,201.6,201.4,201.0,200.7,200.7,200.7,200.8,200.8,200.7,200.7,200.8,200.9,200.9,201.0,201.2,201.4,201.6,201.7,201.8,201.8,201.9,201.9,202.0,202.2,202.2,202.3,202.2,202.0,201.6,201.3,201.1,201.1,201.1,201.3,201.6,201.8,201.9,202.1,202.3,202.7,203.1,203.6,204.1,204.4,204.7,204.9,205.0,205.2,205.4,205.5,205.5
201.1,200.7,200.2,199.8,199.6,199.5,199.5,199.6,199.8,200.0,200.3,200.3,200.2,200.5,201.0,201.4,201.6,201.8,202.0,202.0,201.9,201.8,201.8,201.9,202.4,202.1,201.5,201.1,200.5,200.4,200.4,200.5,200.6,200.7,200.7,200.7,200.7,200.8,200.9,201.1,201.4,201.7,201.9,202.0,202.1,202.2,202.3,202.5,202.6,202.6,202.7,202.7,202.7,202.6,202.4,202.0,201.6,201.5,201.4,201.6,201.8,201.9,201.9,201.9,201.9,202.0,202.5,203.0,203.4,203.7,204.2,204.5,204.7,205.0,205.1,205.4,205.5
201.1,200.8,200.5,200.3,200.2,200.1,200.1,200.1,200.2,200.5,200.8,200.9,200.9,201.2,201.7,202.0,202.3,202.5,202.7,202.8,202.6,202.3,202.0,202.3,202.5,202.3,201.8,200.9,200.3,200.1,200.0,200.2,200.4,200.4,200.5,200.6,200.7,200.7,200.8,201.0,201.3,201.7,202.0,202.1,202.2,202.2,202.4,202.7,202.9,202.9,202.8,202.9,203.0,203.0,202.9,202.6,202.2,201.8,201.6,201.7,201.8,201.9,201.8,201.6,201.5,201.6,201.9,202.3,202.6,203.0,203.4,203.7,204.0,204.4,204.7,204.9,205.0
201.0,200.9,200.7,200.6,200.6,200.6,200.6,200.8,200.8,201.1,201.4,201.5,201.7,202.0,202.4,202.8,203.0,203.2,203.3,203.3,203.1,202.7,202.2,202.3,202.5,202.3,201.6,200.4,200.0,199.9,199.7,199.9,200.1,200.4,200.5,200.7,200.8,200.8,200.8,200.9,201.2,201.5,201.8,201.9,201.9,202.0,202.3,202.6,202.8,202.8,202.7,202.8,203.0,203.2,203.3,203.0,202.5,201.9,201.6,201.6,201.7,201.7,201.6,201.4,201.3,201.3,201.5,201.8,202.1,202.7,203.0,203.1,203.3,203.6,204.0,204.4,204.5
200.9,200.9,200.9,200.9,200.9,201.1,201.2,201.3,201.4,201.6,201.8,202.0,202.3,202.6,203.0,203.3,203.6,203.8,203.9,203.9,203.5,203.1,202.6,202.2,202.0,201.5,200.6,199.8,199.5,199.8,199.8,199.7,200.2,200.6,200.7,200.9,201.0,201.0,201.0,201.0,201.1,201.4,201.5,201.6,201.7,201.7,202.0,202.3,202.4,202.4,202.4,202.4,202.7,203.0,203.2,203.0,202.5,201.9,201.4,201.2,201.2,201.2,201.2,201.2,201.2,201.3,201.5,201.8,202.2,202.6,202.7,202.7,202.7,203.0,203.3,203.6,203.8
201.0,201.1,201.2,201.3,201.3,201.4,201.6,201.8,201.9,202.0,202.1,202.2,202.5,202.8,203.0,203.3,203.6,203.9,204.1,204.0,203.7,203.2,202.7,202.2,201.6,200.8,200.1,199.4,199.4,199.8,199.7,199.7,200.1,200.5,200.6,200.9,201.1,201.3,201.3,201.2,201.2,201.4,201.5,201.5,201.5,201.5,201.7,201.9,202.0,202.0,202.0,202.0,202.1,202.5,202.7,202.6,202.2,201.6,201.1,200.8,200.6,200.7,200.8,201.1,201.3,201.5,201.7,201.9,202.1,202.4,202.4,202.3,202.2,202.5,202.6,202.7,202.9
201.2,201.3,201.4,201.5,201.6,201.7,201.9,202.1,202.2,202.2,202.2,202.2,202.4,202.6,202.9,203.1,203.4,203.7,204.0,203.9,203.4,202.9,202.4,201.8,201.0,200.3,199.8,199.3,199.4,199.6,199.7,199.9,200.0,200.2,200.6,200.9,201.2,201.5,201.5,201.5,201.5,201.6,201.6,201.5,201.4,201.3,201.4,201.5,201.5,201.6,201.6,201.6,201.6,201.8,201.9,201.9,201.6,201.0,200.5,200.2,200.2,200.4,200.7,201.1,201.5,201.8,201.9,201.9,201.9,202.1,202.1,202.0,201.9,201.9,202.1,202.1,202.2
201.4,201.6,201.8,201.8,202.0,202.1,202.3,202.4,202.3,202.2,202.1,202.1,202.2,202.4,202.6,202.9,203.2,203.5,203.6,203.5,202.9,202.3,201.8,201.1,200.5,200.1,199.6,199.3,199.3,199.5,199.9,200.0,200.0,200.2,200.6,200.9,201.3,201.5,201.6,201.6,201.7,201.7,201.7,201.4,201.1,200.9,201.0,201.1,201.2,201.3,201.3,201.3,201.2,201.2,201.2,201.1,200.8,200.4,200.0,200.0,200.2,200.5,200.9,201.3,201.8,202.0,202.0,202.0,202.0,202.2,202.2,201.9,201.8,201.7,201.7,201.6,201.6
201.9,201.9,202.1,202.2,202.4,202.5,202.6,202.5,202.3,202.1,202.0,202.0,202.1,202.2,202.5,202.7,202.9,203.2,203.3,202.9,202.3,201.7,201.0,200.5,200.4,200.0,199.5,199.2,199.3,199.7,200.0,200.0,200.0,200.2,200.5,200.8,201.1,201.3,201.4,201.6,201.7,201.7,201.6,201.2,200.8,200.6,200.7,201.0,201.2,201.2,201.2,201.1,200.9,200.8,200.5,200.4,200.2,200.1,199.9,199.9,200.3,200.7,201.2,201.6,202.0,202.1,201.9,201.8,201.9,202.1,202.3,202.2,201.9,201.7,201.6,201.5,201.6
202.5,202.5,202.4,202.5,202.7,202.7,202.7,202.6,202.3,202.0,201.9,201.9,202.1,202.3,202.4,202.6,202.7,202.8,202.8,202.2,201.6,201.1,200.4,200.4,200.4,200.1,199.6,199.4,199.5,199.8,200.1,200.1,200.1,200.2,200.3,200.5,200.7,200.9,201.1,201.3,201.5,201.5,201.3,200.9,200.5,200.4,200.6,200.9,201.1,201.1,201.0,200.8,200.6,200.3,200.1,199.9,199.8,199.8,199.8,199.9,200.3,200.9,201.3,201.6,201.8,201.9,201.7,201.5,201.6,201.8,202.1,202.1,201.9,201.8,201.7,201.7,201.5
202.9,202.9,202.8,202.7,202.7,202.7,202.5,202.4,202.3,202.2,202.1,202.1,202.1,202.3,202.4,202.5,202.5,202.4,202.2,201.6,201.2,200.7,200.2,200.4,200.5,200.3,200.0,199.9,199.9,200.2,200.3,200.4,200.3,200.1,200.2,200.2,200.3,200.5,200.7,200.8,201.1,201.2,201.1,200.8,200.4,200.4,200.5,200.8,200.9,200.9,200.7,200.4,200.1,199.9,199.7,199.5,199.5,199.6,199.7,199.9,200.5,201.0,201.4,201.4,201.4,201.4,201.3,201.2,201.3,201.5,201.6,201.7,201.7,201.6,201.7,201.5,201.4
202.9,202.9,202.9,202.8,202.6,202.4,202.3,202.3,202.3,202.3,202.3,202.3,202.3,202.4,202.5,202.6,202.5,202.2,201.8,201.5,201.1,200.5,200.2,200.4,200.6,200.4,200.0,200.2,200.4,200.6,200.8,200.7,200.4,200.1,200.0,200.0,200.1,200.2,200.2,200.3,200.6,200.8,200.8,200.7,200.4,200.4,200.5,200.6,200.7,200.7,200.5,200.2,199.9,199.8,199.6,199.5,199.5,199.5,199.6,200.0,200.5,201.0,201.3,201.2,201.0,200.9,200.8,200.9,201.0,201.2,201.3,201.4,201.5,201.5,201.4,201.3,201.2
202.8,202.8,202.8,202.7,202.5,202.3,202.1,202.1,202.2,202.3,202.4,202.4,202.5,202.6,202.8,202.8,202.5,202.1,201.8,201.5,201.1,200.6,200.5,200.6,200.6,200.3,200.0,200.1,200.6,201.0,201.2,201.0,200.5,200.0,199.9,199.9,200.0,200.1,200.1,200.1,200.2,200.4,200.5,200.5,200.4,200.4,200.5,200.6,200.7,200.6,200.4,200.1,199.9,199.8,199.7,199.7,199.6,199.6,199.8,200.2,200.6,201.1,201.3,201.1,200.9,200.6,200.5,200.6,200.8,200.9,201.0,201.1,201.1,201.1,201.1,201.1,201.0
202.9,202.9,202.9,202.8,202.7,202.5,202.3,202.1,202.1,202.1,202.3,202.4,202.5,202.6,202.8,202.9,202.6,202.3,202.0,201.6,201.2,200.9,200.7,200.7,200.5,200.4,200.2,200.5,201.0,201.3,201.4,201.0,200.5,200.0,199.8,199.9,200.0,200.1,200.1,200.1,200.1,200.2,200.2,200.3,200.2,200.3,200.5,200.7,200.8,200.7,200.5,200.3,200.2,200.2,200.2,200.0,199.8,199.8,200.0,200.3,200.7,201.0,201.1,201.1,200.8,200.5,200.3,200.4,200.6,200.8,200.8,200.7,200.6,200.7,200.8,200.7,200.7
203.0,203.0,203.0,203.0,203.0,202.9,202.7,202.4,202.2,202.1,202.1,202.2,202.4,202.5,202.7,202.8,202.6,202.4,202.0,201.7,201.4,201.0,200.9,200.8,200.8,200.6,200.6,200.8,201.3,201.5,201.4,201.0,200.5,200.1,199.9,199.9,200.0,200.1,200.1,200.2,200.2,200.2,200.1,200.1,200.1,200.2,200.5,200.8,200.9,200.9,200.8,200.7,200.7,200.6,200.6,200.5,200.2,200.1,200.1,200.3,200.5,200.8,200.9,200.9,200.7,200.5,200.2,200.2,200.2,200.4,200.6,200.5,200.3,200.4,200.5,200.4,200.3
202.9,202.9,202.9,202.9,203.0,203.0,203.0,202.7,202.4,202.1,202.0,202.0,202.1,202.3,202.4,202.6,202.5,202.2,202.0,201.8,201.6,201.5,201.3,201.2,201.1,201.0,201.1,201.3,201.6,201.7,201.5,201.0,200.5,200.2,200.0,200.0,200.0,200.0,200.1,200.2,200.4,200.4,200.3,200.1,200.0,200.0,200.3,200.7,200.9,201.0,200.9,200.8,200.7,200.7,200.7,200.6,200.5,200.4,200.3,200.3,200.5,200.7,200.9,201.0,200.9,200.8,200.5,200.3,200.2,200.2,200.5,200.5,200.4,200.5,200.5,200.3,200.1
202.8,202.8,202.8,202.9,202.9,202.9,202.9,202.7,202.4,202.1,201.9,201.8,202.0,202.1,202.1,202.1,202.0,201.9,201.9,201.9,201.9,201.8,201.7,201.6,201.5,201.6,201.6,201.6,201.8,201.8,201.5,201.1,200.6,200.3,200.2,200.2,200.0,200.0,199.9,200.0,200.3,200.6,200.6,200.5,200.2,200.2,200.3,200.6,200.8,200.9,200.8,200.7,200.5,200.4,200.4,200.5,200.5,200.5,200.5,200.5,200.7,200.9,201.2,201.3,201.3,201.2,200.9,200.6,200.4,200.3,200.4,200.6,200.7,200.9,200.8,200.5,200.2
