wind-weather/data/weather/current/current-wind-isobaric-70hPa-gfs-1.0.json
{"header": {"discipline":0,"disciplineName":"Meteorologicalproducts","gribEdition":2,"gribLength":52121,"center":7,"centerName":"USNationalWeatherService-NCEP(WMC)","subcenter":0,"refTime":"2015-09-28T00:00:00.000Z","significanceOfRT":0,"significanceOfRTName":"Analysis","productStatus":0,"productStatusName":"Operationalproducts","productType":0,"productTypeName":"Analysisproducts","productDefinitionTemplate":0,"productDefinitionTemplateName":"Analysis/forecastathorizontallevel/layeratapointintime","parameterCategory":2,"parameterCategoryName":"Momentum","parameterNumber":3,"parameterNumberName":"V-component_of_wind","parameterUnit":"m.s-1","genProcessType":0,"genProcessTypeName":"Analysis","forecastTime":0,"surface1Type":100,"surface1TypeName":"Isobaricsurface","surface1Value":7000.0,"surface2Type":255,"surface2TypeName":"Missing","surface2Value":0.0,"gridDefinitionTemplate":0,"gridDefinitionTemplateName":"Latitude_Longitude","numberPoints":65160,"shape":6,"shapeName":"Earthsphericalwithradiusof6,371,229.0m","gridUnits":"degrees","resolution":48,"winds":"true","scanMode":0,"nx":360,"ny":181,"basicAngle":0,"subDivisions":0,"lo1":0.0,"la1":90.0,"lo2":359.0,"la2":-90.0,"dx":1.0,"dy":1.0}, "data":
[rows 108 to 143 of 181, columns 243 to 323 of 360]
0.41,0.24,-0.17,-0.58,-0.55,-0.31,-0.19,-0.22,-0.16,0.12,0.56,0.9,0.49,-0.39,-0.47,-0.11,0.06,0.0,-0.05,-0.05,0.01,0.12,0.26,0.42,0.56,0.58,0.63,0.72,0.74,0.57,0.33,0.09,-0.14,-0.38,-0.62,-0.83,-1.01,-1.14,-1.21,-1.29,-1.44,-1.71,-2.04,-2.26,-2.23,-2.19,-2.3,-2.65,-2.26,-2.48,-2.3,-2.54,-2.81,-2.41,-3.29,-3.87,-3.9,-3.28,-3.19,-3.37,-3.2,-2.97,-3.55,-3.78,-3.91,-3.95,-4.06,-4.14,-4.17,-4.25,-4.02,-3.64,-3.23,-2.71,-2.06,-1.43,-0.72,-0.14,0.38,0.83,1.13
-0.17,-0.2,-0.48,-0.98,-1.27,-1.05,-0.72,-0.49,-0.48,-0.36,0.09,0.66,0.81,-0.27,-1.23,-1.13,-0.77,-0.54,-0.42,-0.36,-0.25,-0.1,0.08,0.33,0.56,0.69,0.8,0.88,0.83,0.66,0.45,0.24,0.01,-0.2,-0.37,-0.48,-0.56,-0.63,-0.7,-0.8,-0.96,-1.23,-1.61,-1.97,-2.15,-2.2,-2.43,-2.93,-2.66,-2.2,-2.4,-2.15,-2.56,-2.61,-2.95,-3.41,-4.06,-4.1,-3.99,-3.98,-4.18,-4.15,-3.37,-3.98,-4.17,-4.34,-4.23,-4.3,-4.57,-4.78,-4.7,-4.39,-3.97,-3.37,-2.69,-1.98,-1.42,-0.9,-0.43,0.05,0.49
-0.91,-0.85,-1.01,-1.37,-1.74,-1.78,-1.47,-1.12,-0.8,-0.64,-0.46,0.07,0.59,-0.04,-1.72,-2.16,-1.77,-1.2,-0.76,-0.54,-0.41,-0.26,-0.03,0.24,0.46,0.59,0.72,0.79,0.78,0.7,0.55,0.33,0.11,-0.06,-0.16,-0.22,-0.26,-0.29,-0.31,-0.37,-0.47,-0.63,-0.93,-1.41,-1.85,-2.08,-2.36,-2.99,-2.95,-2.31,-2.32,-1.41,-1.21,-2.0,-2.08,-2.84,-3.92,-4.52,-4.46,-4.22,-4.2,-4.67,-4.45,-4.37,-4.37,-4.18,-4.17,-4.1,-4.29,-4.82,-5.05,-4.92,-4.68,-4.09,-3.4,-2.56,-1.85,-1.27,-0.75,-0.28,0.13
-1.56,-1.55,-1.58,-1.88,-2.12,-2.23,-2.1,-1.85,-1.57,-1.12,-0.95,-0.83,-0.25,-0.18,-1.73,-2.9,-2.8,-2.02,-1.19,-0.73,-0.55,-0.39,-0.14,0.15,0.34,0.44,0.49,0.51,0.5,0.47,0.39,0.28,0.17,0.07,-0.01,-0.06,-0.06,-0.01,0.03,0.05,0.04,-0.05,-0.32,-0.77,-1.27,-1.67,-2.03,-2.64,-2.96,-2.35,-1.96,-1.26,-0.34,-1.58,-1.2,-1.78,-3.12,-4.61,-5.21,-5.27,-5.03,-5.02,-5.56,-5.61,-5.2,-4.85,-4.65,-4.65,-4.32,-4.26,-4.91,-4.88,-4.79,-4.24,-3.82,-3.29,-2.43,-1.62,-0.9,-0.28,0.22
-2.2,-2.26,-2.25,-2.32,-2.62,-2.68,-2.55,-2.33,-2.27,-2.0,-1.57,-1.57,-1.41,-0.88,-1.44,-2.83,-3.33,-2.83,-1.84,-1.07,-0.75,-0.66,-0.48,-0.19,0.04,0.16,0.2,0.17,0.15,0.16,0.16,0.15,0.13,0.11,0.08,0.09,0.15,0.25,0.35,0.41,0.45,0.41,0.23,-0.06,-0.43,-0.81,-1.2,-1.67,-2.46,-2.25,-1.76,-1.1,-0.76,-0.53,-0.84,-0.93,-2.13,-3.65,-4.98,-5.85,-6.47,-6.4,-6.17,-6.48,-6.11,-5.45,-5.18,-5.1,-4.94,-4.65,-4.49,-4.45,-4.03,-3.93,-3.81,-3.45,-2.82,-2.0,-1.12,-0.3,0.41
-2.64,-2.93,-3.06,-3.04,-3.01,-3.19,-3.1,-2.79,-2.58,-2.65,-2.39,-2.16,-2.35,-1.95,-1.56,-2.06,-2.89,-3.07,-2.54,-1.77,-1.21,-1.03,-0.96,-0.74,-0.46,-0.27,-0.2,-0.19,-0.18,-0.14,-0.09,-0.03,0.02,0.06,0.1,0.15,0.23,0.36,0.47,0.56,0.62,0.66,0.62,0.51,0.33,0.12,-0.16,-0.6,-1.3,-1.76,-1.37,-0.91,-0.89,-0.52,-0.23,0.08,-0.26,-1.99,-4.12,-5.58,-6.3,-7.02,-7.15,-6.97,-6.7,-5.74,-5.07,-4.82,-4.78,-4.67,-4.07,-3.59,-3.2,-3.26,-3.17,-2.82,-2.42,-1.77,-1.05,-0.2,0.64
-2.66,-3.16,-3.58,-3.84,-3.82,-3.67,-3.53,-3.25,-2.94,-2.88,-2.96,-2.78,-2.82,-2.88,-2.26,-1.86,-1.98,-2.45,-2.71,-2.41,-1.86,-1.48,-1.39,-1.29,-1.06,-0.86,-0.72,-0.63,-0.58,-0.53,-0.45,-0.35,-0.26,-0.18,-0.1,0.01,0.15,0.32,0.47,0.59,0.67,0.75,0.8,0.77,0.72,0.69,0.65,0.31,-0.11,-0.84,-0.88,-0.47,-0.12,0.22,0.52,0.57,0.47,-0.77,-2.85,-4.76,-6.49,-7.01,-7.34,-7.25,-7.28,-6.69,-5.53,-4.96,-4.93,-4.49,-3.72,-3.23,-3.04,-2.99,-2.66,-2.07,-1.53,-0.98,-0.31,0.45,1.18
-2.99,-3.34,-3.84,-4.18,-4.43,-4.29,-3.89,-3.52,-3.23,-3.05,-3.13,-3.18,-3.09,-3.22,-2.94,-2.28,-1.8,-1.66,-2.06,-2.47,-2.36,-2.0,-1.81,-1.75,-1.65,-1.52,-1.35,-1.21,-1.13,-1.07,-0.98,-0.87,-0.75,-0.61,-0.43,-0.21,0.03,0.28,0.5,0.67,0.79,0.88,0.97,0.98,0.93,1.01,1.18,1.27,0.87,0.28,-0.25,0.33,0.56,0.82,0.92,0.76,0.82,-0.71,-3.2,-5.2,-6.23,-6.84,-7.46,-7.5,-7.55,-7.84,-6.7,-5.67,-4.56,-3.54,-3.21,-2.84,-2.64,-2.11,-1.94,-1.39,-0.68,-0.07,0.58,1.18,1.65
-3.38,-3.64,-4.1,-4.27,-4.48,-4.65,-4.37,-3.9,-3.54,-3.24,-3.17,-3.23,-3.26,-3.29,-3.15,-2.6,-1.96,-1.57,-1.59,-2.02,-2.46,-2.48,-2.27,-2.15,-2.13,-2.11,-2.02,-1.92,-1.82,-1.7,-1.56,-1.4,-1.23,-1.04,-0.78,-0.44,-0.07,0.29,0.57,0.8,1.05,1.3,1.49,1.52,1.5,1.54,1.76,1.87,1.81,1.28,0.38,0.65,0.7,0.63,0.05,-0.57,0.0,-0.75,-2.58,-4.43,-5.55,-6.41,-6.88,-7.1,-7.32,-7.53,-6.99,-5.54,-4.08,-3.73,-3.66,-2.7,-2.24,-1.63,-1.21,-0.93,-0.34,0.37,1.04,1.72,2.21
-3.83,-4.03,-4.12,-4.55,-4.66,-4.75,-4.72,-4.34,-3.93,-3.64,-3.32,-3.15,-3.21,-3.32,-3.16,-2.67,-2.07,-1.71,-1.62,-1.75,-2.14,-2.58,-2.7,-2.59,-2.52,-2.52,-2.52,-2.47,-2.39,-2.27,-2.09,-1.9,-1.7,-1.43,-1.06,-0.6,-0.1,0.43,0.89,1.23,1.58,1.92,2.24,2.39,2.29,2.16,2.26,2.35,2.16,1.61,1.04,0.31,0.65,0.37,-1.28,-2.17,-1.15,-1.21,-2.47,-3.5,-3.85,-4.57,-5.73,-6.19,-6.45,-6.63,-5.66,-4.39,-3.51,-3.15,-3.51,-2.39,-1.5,-1.09,-0.41,-0.1,-0.12,0.21,0.77,1.47,2.28
-4.29,-4.61,-4.75,-4.76,-5.04,-4.89,-4.64,-4.47,-4.14,-3.96,-3.75,-3.32,-3.11,-3.23,-3.2,-2.82,-2.23,-1.76,-1.6,-1.6,-1.8,-2.22,-2.65,-2.84,-2.81,-2.77,-2.75,-2.75,-2.72,-2.64,-2.47,-2.26,-1.98,-1.6,-1.11,-0.55,0.06,0.71,1.34,1.8,2.15,2.49,2.75,2.93,2.88,2.57,2.4,2.47,2.37,1.52,0.94,0.28,0.16,-0.05,-1.45,-2.57,-2.61,-2.45,-2.92,-3.38,-3.32,-3.19,-4.01,-4.9,-5.19,-5.37,-4.23,-2.86,-1.94,-1.38,-1.57,-1.66,-0.94,-0.65,0.25,1.06,1.23,0.58,0.6,1.29,2.18
-4.82,-5.02,-5.51,-5.25,-4.74,-4.84,-4.69,-4.43,-4.26,-4.11,-3.92,-3.48,-3.13,-3.01,-3.03,-2.92,-2.53,-1.95,-1.55,-1.46,-1.53,-1.78,-2.19,-2.61,-2.85,-2.9,-2.88,-2.85,-2.82,-2.74,-2.56,-2.3,-1.94,-1.47,-0.91,-0.31,0.29,0.89,1.52,2.1,2.42,2.67,2.88,3.07,3.18,2.92,2.51,2.39,2.54,1.8,0.87,0.19,-0.12,-0.43,-0.93,-1.74,-2.89,-3.77,-3.8,-3.4,-3.07,-2.82,-3.05,-3.81,-3.6,-3.28,-3.03,-2.23,-1.01,-0.69,-1.16,-0.08,0.14,0.4,0.56,1.27,1.36,0.86,0.81,1.76,2.21
-5.25,-5.09,-5.04,-5.54,-5.23,-4.61,-4.6,-4.52,-4.35,-4.15,-3.96,-3.6,-3.19,-2.96,-2.82,-2.75,-2.64,-2.21,-1.73,-1.46,-1.38,-1.45,-1.67,-2.06,-2.48,-2.79,-2.91,-2.88,-2.76,-2.6,-2.36,-2.08,-1.75,-1.32,-0.7,-0.05,0.42,0.74,1.06,1.55,2.05,2.37,2.61,2.92,3.29,3.31,2.8,2.62,2.72,2.1,1.32,0.24,-0.15,-0.24,-0.55,-1.0,-1.87,-3.28,-3.84,-3.53,-3.23,-2.99,-2.87,-2.95,-3.23,-2.7,-2.5,-2.11,-1.28,-0.77,-0.66,-0.24,0.95,1.27,1.16,1.07,1.03,0.66,1.45,2.49,2.94
-5.63,-5.51,-5.14,-5.3,-5.54,-5.18,-4.75,-4.69,-4.55,-4.33,-4.05,-3.69,-3.24,-2.91,-2.74,-2.62,-2.53,-2.34,-1.94,-1.56,-1.34,-1.22,-1.25,-1.46,-1.84,-2.27,-2.57,-2.68,-2.59,-2.37,-2.11,-1.86,-1.6,-1.23,-0.66,0.02,0.44,0.53,0.64,0.87,1.29,1.86,2.22,2.71,3.36,3.74,3.54,2.81,2.99,2.34,1.89,1.18,0.34,0.07,0.03,-0.63,-0.98,-1.95,-2.7,-2.87,-2.57,-2.81,-2.62,-2.14,-1.91,-2.02,-1.98,-1.74,-1.4,-0.64,0.08,0.31,0.68,1.39,1.18,0.81,0.95,0.97,1.42,2.54,3.2
-5.54,-6.13,-6.28,-5.98,-5.82,-5.83,-5.57,-5.12,-4.62,-4.3,-3.94,-3.59,-3.23,-2.91,-2.61,-2.47,-2.47,-2.37,-2.13,-1.75,-1.32,-0.96,-0.82,-0.91,-1.23,-1.62,-1.96,-2.16,-2.29,-2.34,-2.18,-1.9,-1.57,-1.12,-0.63,-0.03,0.34,0.28,0.45,0.62,0.88,1.51,2.16,2.68,3.49,4.1,4.3,3.32,3.47,3.06,2.29,1.89,1.24,0.84,0.54,0.32,0.06,-0.43,-1.35,-1.59,-1.56,-1.71,-1.66,-1.07,-0.86,-1.18,-0.85,-0.5,0.0,-0.09,0.2,0.64,1.34,1.76,1.65,1.49,0.98,0.51,0.78,1.44,2.25
-5.94,-6.25,-6.71,-6.88,-6.6,-6.36,-6.22,-5.77,-5.06,-4.31,-3.73,-3.47,-3.24,-2.97,-2.66,-2.33,-2.18,-2.09,-1.98,-1.76,-1.35,-0.79,-0.43,-0.4,-0.67,-1.06,-1.49,-1.85,-2.12,-2.33,-2.39,-2.14,-1.59,-0.95,-0.47,0.0,0.21,0.07,0.2,0.38,0.63,1.18,1.93,2.67,3.39,4.15,4.59,4.16,3.61,4.26,3.42,2.69,2.29,1.81,1.59,1.34,1.39,1.09,0.3,-0.28,-0.61,-0.55,-0.5,-0.49,0.07,0.46,0.49,0.75,1.34,1.68,1.98,1.58,1.43,1.88,2.22,2.38,2.02,1.29,0.85,1.04,1.63
-6.37,-6.24,-6.39,-6.66,-6.83,-6.58,-5.97,-5.62,-5.16,-4.4,-3.54,-2.95,-2.7,-2.75,-2.83,-2.57,-2.17,-1.76,-1.42,-1.24,-1.16,-0.84,-0.4,-0.15,-0.26,-0.74,-1.35,-1.83,-2.09,-2.26,-2.39,-2.23,-1.69,-1.2,-0.77,-0.28,0.03,-0.07,-0.06,0.12,0.4,0.9,1.5,2.17,3.05,4.02,4.45,4.83,4.38,4.23,3.76,3.33,3.31,2.89,2.72,2.8,2.83,2.95,2.16,1.32,0.51,0.37,0.44,0.34,0.96,1.33,1.51,1.64,2.01,2.54,3.3,3.43,2.87,2.45,2.37,2.88,3.22,2.99,2.64,2.17,1.82
-6.29,-6.05,-5.96,-5.98,-6.12,-6.12,-5.61,-4.92,-4.38,-4.08,-3.47,-2.67,-2.4,-2.37,-2.26,-2.25,-2.11,-1.75,-1.3,-0.97,-0.92,-0.86,-0.57,-0.27,-0.27,-0.62,-1.14,-1.59,-1.88,-2.14,-2.34,-2.28,-2.06,-1.81,-1.39,-0.84,-0.49,-0.48,-0.35,-0.08,0.19,0.7,1.3,1.74,2.42,3.73,4.66,4.81,5.51,3.79,3.79,3.61,3.67,3.97,3.87,3.76,4.0,4.17,3.67,2.93,2.26,1.61,1.42,1.29,1.1,1.33,1.57,1.94,2.38,3.06,3.84,4.46,4.13,3.64,3.18,3.12,3.17,3.6,3.77,3.57,3.16
-5.99,-5.77,-5.54,-5.4,-5.25,-5.25,-5.08,-4.46,-3.83,-3.57,-3.31,-2.65,-2.14,-2.0,-1.89,-1.71,-1.59,-1.38,-1.12,-1.01,-0.99,-0.93,-0.79,-0.6,-0.48,-0.62,-0.96,-1.33,-1.72,-2.14,-2.45,-2.58,-2.5,-2.21,-1.79,-1.27,-0.98,-0.9,-0.64,-0.36,-0.02,0.45,1.04,1.61,2.05,3.03,4.48,4.88,6.02,4.94,3.35,3.46,3.69,4.31,4.64,4.34,3.83,4.09,4.76,4.65,4.19,3.68,2.68,2.04,1.57,1.15,1.36,1.78,2.19,3.3,4.29,4.34,4.45,3.92,3.76,3.56,3.58,3.69,3.78,3.85,4.08
-5.53,-5.35,-5.1,-4.83,-4.65,-4.43,-4.33,-4.21,-3.88,-3.53,-3.14,-2.69,-2.28,-1.91,-1.59,-1.37,-1.27,-1.24,-1.18,-1.25,-1.4,-1.43,-1.29,-1.09,-0.92,-0.94,-1.11,-1.4,-1.77,-2.15,-2.51,-2.76,-2.69,-2.37,-1.86,-1.36,-1.07,-0.93,-0.77,-0.55,-0.22,0.24,0.74,1.36,2.25,3.02,4.09,4.87,5.68,5.1,4.3,3.69,4.34,4.61,4.81,4.51,4.24,4.45,5.31,5.91,5.84,5.53,4.83,3.62,2.73,2.09,1.6,1.61,2.0,2.68,3.6,3.59,3.86,3.68,3.66,3.71,3.79,3.86,4.0,4.18,4.46
-5.06,-4.89,-4.74,-4.54,-4.3,-4.06,-3.78,-3.57,-3.41,-3.38,-3.28,-2.87,-2.49,-2.14,-1.91,-1.72,-1.63,-1.57,-1.68,-1.92,-2.08,-2.09,-1.93,-1.69,-1.5,-1.4,-1.45,-1.7,-2.01,-2.28,-2.58,-2.72,-2.65,-2.33,-1.82,-1.23,-0.76,-0.62,-0.62,-0.62,-0.44,-0.02,0.39,1.09,2.15,3.44,4.3,5.19,5.67,5.41,4.67,4.23,4.97,5.69,5.81,5.94,5.83,5.86,6.27,6.57,6.69,6.61,6.39,5.64,4.62,3.66,2.77,2.08,2.07,2.28,2.16,2.32,3.0,3.37,3.54,3.81,3.85,3.75,3.86,4.27,4.66
-4.76,-4.63,-4.49,-4.36,-4.2,-4.03,-3.85,-3.61,-3.33,-3.1,-3.06,-3.0,-2.79,-2.65,-2.7,-2.8,-2.57,-2.36,-2.42,-2.64,-2.75,-2.71,-2.57,-2.4,-2.08,-1.82,-1.93,-2.24,-2.5,-2.65,-2.64,-2.57,-2.37,-2.02,-1.38,-0.73,-0.42,-0.41,-0.51,-0.55,-0.44,-0.25,0.01,0.8,2.08,3.29,4.48,4.64,6.14,5.65,4.94,4.77,5.52,6.51,7.05,7.27,7.54,7.57,7.67,7.58,7.32,7.21,7.07,6.72,6.16,5.24,4.09,3.32,2.94,2.35,1.86,2.04,2.55,3.05,3.21,3.18,3.6,4.04,4.15,4.31,4.56
-4.77,-4.72,-4.61,-4.48,-4.34,-4.23,-4.18,-4.13,-3.94,-3.62,-3.41,-3.4,-3.3,-3.3,-3.65,-3.91,-3.78,-3.5,-3.36,-3.39,-3.48,-3.46,-3.3,-2.92,-2.52,-2.34,-2.51,-2.78,-2.88,-2.74,-2.48,-2.15,-1.82,-1.34,-0.82,-0.41,-0.26,-0.32,-0.37,-0.4,-0.38,-0.26,0.07,0.79,1.83,3.39,3.68,4.14,6.39,6.76,5.98,5.32,5.83,6.82,7.33,7.71,8.13,8.42,8.58,8.44,7.99,7.7,7.41,7.12,6.86,6.48,5.77,4.78,4.04,3.48,2.83,2.56,2.53,2.75,2.97,3.34,3.81,4.32,4.52,4.31,4.14
-4.68,-4.73,-4.78,-4.79,-4.73,-4.65,-4.57,-4.51,-4.43,-4.16,-3.84,-3.67,-3.73,-3.96,-4.33,-4.61,-4.73,-4.54,-4.2,-4.01,-4.02,-3.98,-3.64,-3.14,-2.82,-2.79,-2.95,-3.14,-3.08,-2.7,-2.17,-1.69,-1.28,-0.83,-0.36,-0.06,0.05,0.06,-0.03,-0.1,-0.09,0.08,0.48,1.06,1.65,2.8,2.47,3.97,6.16,8.09,7.97,6.81,6.56,7.54,7.99,8.36,8.47,8.37,8.34,8.34,8.22,7.93,7.77,7.71,7.59,7.37,7.1,6.5,5.56,4.93,4.32,4.1,3.68,3.34,3.45,3.73,3.79,3.83,3.89,4.09,4.31
-4.64,-4.73,-4.82,-4.94,-5.02,-5.03,-4.96,-4.87,-4.77,-4.6,-4.29,-4.06,-4.09,-4.42,-4.83,-4.97,-4.96,-4.89,-4.69,-4.42,-4.2,-4.03,-3.75,-3.4,-3.15,-3.05,-3.1,-3.17,-3.02,-2.59,-2.07,-1.52,-0.96,-0.45,0.04,0.42,0.54,0.61,0.65,0.56,0.52,0.65,0.96,1.48,2.3,2.82,1.7,3.17,5.68,7.36,8.4,8.21,7.47,8.03,8.97,9.57,9.7,9.38,9.07,8.8,8.58,8.32,8.2,8.27,8.39,8.23,7.93,7.62,7.04,6.35,5.68,5.21,4.99,4.74,4.51,4.29,4.07,3.91,3.93,4.2,4.6
-4.5,-4.65,-4.83,-5.04,-5.21,-5.34,-5.4,-5.35,-5.2,-5.04,-4.86,-4.66,-4.6,-4.75,-5.08,-5.28,-5.24,-5.16,-5.01,-4.69,-4.3,-3.94,-3.68,-3.49,-3.33,-3.25,-3.22,-3.07,-2.79,-2.41,-1.9,-1.33,-0.86,-0.25,0.37,0.8,1.12,1.27,1.23,1.17,1.25,1.38,1.52,1.85,3.05,3.72,2.59,3.2,4.25,5.42,7.21,8.81,9.03,8.26,9.2,10.04,10.35,10.3,10.11,9.85,9.39,9.0,8.81,8.74,8.84,8.9,8.61,8.33,8.02,7.46,6.81,6.24,5.74,5.58,5.38,5.13,4.87,4.64,4.62,4.74,4.9
-4.57,-4.71,-4.8,-4.97,-5.25,-5.51,-5.7,-5.76,-5.72,-5.56,-5.36,-5.17,-5.06,-5.12,-5.3,-5.48,-5.53,-5.42,-5.19,-4.87,-4.51,-4.19,-3.92,-3.69,-3.47,-3.26,-3.0,-2.73,-2.39,-1.95,-1.51,-1.16,-0.64,-0.01,0.58,1.16,1.47,1.55,1.63,1.75,1.87,2.04,2.29,2.56,3.17,4.32,4.57,4.01,4.46,4.95,5.94,7.58,9.19,9.92,9.41,9.54,10.35,10.83,10.82,10.75,10.41,9.99,9.7,9.43,9.18,8.99,8.89,8.73,8.48,8.18,7.66,7.14,6.81,6.45,6.11,5.93,5.8,5.5,5.09,4.9,4.99
-4.81,-5.0,-5.08,-5.13,-5.29,-5.53,-5.78,-6.0,-6.09,-6.01,-5.83,-5.68,-5.55,-5.53,-5.69,-5.93,-6.05,-5.91,-5.57,-5.18,-4.84,-4.57,-4.34,-4.09,-3.76,-3.34,-2.89,-2.46,-1.98,-1.53,-1.26,-0.92,-0.47,0.06,0.68,1.18,1.5,1.77,2.02,2.3,2.56,2.81,3.05,3.39,3.88,4.52,4.95,5.27,5.5,5.62,6.29,7.83,9.02,10.05,10.8,10.7,10.79,11.45,11.76,11.81,11.62,11.1,10.63,10.21,9.64,9.18,8.88,8.84,8.96,8.73,8.31,8.05,7.63,7.27,7.09,6.88,6.64,6.37,6.1,5.78,5.46
-4.93,-5.25,-5.48,-5.61,-5.72,-5.89,-6.04,-6.12,-6.09,-6.06,-6.11,-6.17,-6.24,-6.32,-6.38,-6.46,-6.49,-6.36,-6.06,-5.68,-5.3,-4.98,-4.73,-4.4,-3.92,-3.39,-2.86,-2.24,-1.63,-1.23,-0.96,-0.65,-0.31,0.17,0.7,1.16,1.6,2.03,2.48,2.95,3.38,3.79,4.09,4.37,4.94,5.68,5.92,5.94,6.01,6.53,7.47,8.65,9.78,10.58,11.29,11.88,12.05,12.34,12.75,12.73,12.53,12.25,11.81,11.16,10.38,9.68,9.32,9.07,8.97,9.13,9.01,8.58,8.25,8.01,7.87,7.68,7.45,7.29,7.14,6.94,6.72
-4.86,-5.23,-5.58,-5.91,-6.23,-6.47,-6.55,-6.46,-6.41,-6.45,-6.52,-6.66,-6.81,-6.92,-6.99,-7.0,-6.94,-6.79,-6.57,-6.26,-5.83,-5.42,-5.09,-4.74,-4.25,-3.65,-2.94,-2.15,-1.5,-1.12,-0.8,-0.47,-0.08,0.42,0.91,1.4,1.93,2.47,3.06,3.7,4.33,4.82,5.17,5.55,6.11,6.93,7.37,7.64,7.8,8.04,8.55,9.56,10.56,11.48,12.22,12.91,13.26,13.32,13.55,13.61,13.46,13.19,12.69,12.08,11.3,10.55,10.11,9.84,9.52,9.31,9.3,9.22,9.02,8.81,8.66,8.54,8.38,8.22,8.05,7.88,7.68
-4.84,-5.21,-5.56,-5.92,-6.33,-6.76,-7.1,-7.22,-7.22,-7.21,-7.23,-7.21,-7.17,-7.18,-7.2,-7.18,-7.11,-7.03,-6.9,-6.71,-6.45,-6.04,-5.5,-4.92,-4.42,-3.9,-3.14,-2.29,-1.73,-1.3,-0.85,-0.37,0.18,0.76,1.3,1.85,2.43,3.02,3.65,4.29,5.07,5.86,6.3,6.77,7.29,7.93,8.53,8.97,9.31,9.81,10.47,11.21,12.23,12.88,13.4,13.85,14.35,14.58,14.35,14.16,14.04,13.83,13.46,12.96,12.37,11.75,11.11,10.66,10.26,9.89,9.86,9.88,9.83,9.79,9.68,9.52,9.38,9.28,9.17,8.96,8.69
-5.1,-5.43,-5.8,-6.11,-6.47,-6.84,-7.22,-7.66,-7.96,-8.03,-8.02,-7.97,-7.88,-7.74,-7.59,-7.46,-7.34,-7.23,-7.1,-6.91,-6.66,-6.3,-5.84,-5.24,-4.58,-3.99,-3.34,-2.73,-2.21,-1.67,-1.08,-0.42,0.27,0.93,1.55,2.19,2.86,3.52,4.16,4.82,5.54,6.33,7.06,7.61,8.34,8.89,9.57,10.19,10.69,11.12,11.74,12.67,13.7,14.65,15.22,15.36,15.21,15.06,14.92,14.75,14.53,14.32,14.18,13.96,13.63,13.2,12.66,12.13,11.71,11.25,10.74,10.53,10.53,10.51,10.44,10.37,10.29,10.2,10.1,10.02,9.89
-5.35,-5.81,-6.22,-6.65,-7.01,-7.3,-7.59,-7.96,-8.31,-8.53,-8.65,-8.71,-8.66,-8.54,-8.38,-8.1,-7.82,-7.64,-7.45,-7.12,-6.73,-6.27,-5.84,-5.51,-4.97,-4.26,-3.63,-3.07,-2.54,-2.0,-1.35,-0.64,0.09,0.81,1.51,2.23,3.01,3.78,4.54,5.22,5.85,6.49,7.17,7.81,8.4,9.21,10.07,11.11,12.14,12.99,13.65,14.2,14.81,15.42,15.82,15.9,15.74,15.56,15.46,15.4,15.33,15.22,15.11,14.98,14.89,14.7,14.34,13.87,13.39,12.96,12.57,12.12,11.68,11.39,11.28,11.24,11.16,11.05,10.94,10.82,10.69
-5.39,-5.98,-6.56,-7.12,-7.7,-8.16,-8.43,-8.71,-8.98,-9.17,-9.31,-9.31,-9.27,-9.22,-9.15,-9.0,-8.77,-8.44,-8.05,-7.62,-7.09,-6.52,-6.01,-5.6,-5.11,-4.48,-3.84,-3.24,-2.66,-2.06,-1.43,-0.75,-0.03,0.7,1.43,2.19,2.97,3.79,4.6,5.39,6.11,6.78,7.46,8.23,8.99,9.92,10.92,11.92,12.9,13.77,14.49,15.0,15.33,15.61,15.89,16.14,16.31,16.39,16.41,16.41,16.42,16.37,16.25,16.05,15.85,15.67,15.43,15.11,14.75,14.38,14.02,13.68,13.35,13.04,12.77,12.51,12.29,12.15,12.03,11.94,11.84
-5.26,-6.06,-6.74,-7.37,-8.08,-8.84,-9.44,-9.79,-10.05,-10.22,-10.26,-10.24,-10.15,-10.0,-9.83,-9.69,-9.51,-9.24,-8.91,-8.49,-7.91,-7.24,-6.61,-5.95,-5.28,-4.62,-3.94,-3.29,-2.66,-2.01,-1.36,-0.68,0.05,0.8,1.57,2.35,3.1,3.88,4.71,5.54,6.41,7.32,8.3,9.31,10.32,11.29,12.22,13.04,13.74,14.34,14.86,15.34,15.8,16.25,16.7,17.12,17.49,17.73,17.82,17.79,17.68,17.5,17.26,17.02,16.73,16.44,16.18,15.93,15.68,15.42,15.13,14.85,14.58,14.34,14.1,13.84,13.63,13.47,13.35,13.26,13.15
-5.03,-5.87,-6.85,-7.73,-8.41,-9.12,-9.93,-10.61,-11.11,-11.37,-11.44,-11.38,-11.29,-11.09,-10.83,-10.59,-10.36,-10.06,-9.65,-9.18,-8.7,-8.16,-7.46,-6.62,-5.8,-4.96,-4.19,-3.49,-2.79,-2.06,-1.35,-0.61,0.18,1.02,1.89,2.77,3.67,4.59,5.52,6.49,7.47,8.42,9.33,10.21,11.05,11.83,12.53,13.18,13.82,14.47,15.15,15.89,16.64,17.36,17.99,18.51,18.88,19.1,19.17,19.11,18.93,18.66,18.33,17.97,17.65,17.36,17.08,16.83,16.6,16.37,16.14,15.92,15.7,15.46,15.19,14.98,14.85,14.75,14.69,14.6,14.38
