wind-weather/data/weather/current/current-temp-isobaric-10hPa-gfs-1.0.json
{"header": {"discipline":0,"disciplineName":"Meteorologicalproducts","gribEdition":2,"gribLength":20372,"center":7,"centerName":"USNationalWeatherService-NCEP(WMC)","subcenter":0,"refTime":"2015-05-15T06:00:00.000Z","significanceOfRT":0,"significanceOfRTName":"Analysis","productStatus":0,"productStatusName":"Operationalproducts","productType":0,"productTypeName":"Analysisproducts","productDefinitionTemplate":0,"productDefinitionTemplateName":"Analysis/forecastathorizontallevel/layeratapointintime","parameterCategory":0,"parameterCategoryName":"Temperature","parameterNumber":0,"parameterNumberName":"Temperature","parameterUnit":"K","genProcessType":0,"genProcessTypeName":"Analysis","forecastTime":0,"surface1Type":100,"surface1TypeName":"Isobaricsurface","surface1Value":1000.0,"surface2Type":255,"surface2TypeName":"Missing","surface2Value":0.0,"gridDefinitionTemplate":0,"gridDefinitionTemplateName":"Latitude_Longitude","numberPoints":65160,"shape":6,"shapeName":"Earthsphericalwithradiusof6,371,229.0m","gridUnits":"degrees","resolution":48,"winds":"true","scanMode":0,"nx":360,"ny":181,"basicAngle":0,"subDivisions":0,"lo1":0.0,"la1":90.0,"lo2":359.0,"la2":-90.0,"dx":1.0,"dy":1.0}, "data":
[rows 136 to 169 of 181, columns 231 to 307 of 360]
220.2,220.2,220.0,219.9,219.7,219.4,219.3,219.1,219.0,218.8,218.7,218.5,218.3,218.2,217.9,217.6,217.3,217.0,216.7,216.5,216.2,216.0,215.8,215.7,215.6,215.4,215.1,214.6,214.1,213.7,213.3,212.9,212.6,212.5,212.4,212.2,212.0,211.9,211.8,211.6,211.2,210.8,210.4,210.1,209.9,209.8,209.8,209.8,209.9,209.8,209.6,209.1,208.4,207.9,207.7,207.7,207.8,208.2,207.9,207.6,207.9,208.3,208.7,208.8,208.7,208.5,208.2,208.0,207.9,207.8,207.9,208.1,208.3,208.4,208.5,208.6,208.6
219.3,219.3,219.2,219.0,218.9,218.8,218.7,218.7,218.6,218.5,218.3,218.1,217.9,217.7,217.4,217.2,216.9,216.5,216.1,215.8,215.6,215.4,215.2,215.0,214.8,214.6,214.4,214.0,213.6,213.2,212.8,212.4,212.2,212.0,211.8,211.7,211.4,211.2,211.1,210.9,210.6,210.2,209.8,209.4,209.2,209.2,209.2,209.3,209.4,209.4,209.3,208.8,208.0,207.4,207.1,206.9,207.2,207.3,207.0,206.4,206.5,206.9,207.4,207.8,208.0,208.0,207.8,207.4,207.0,206.7,206.8,207.1,207.3,207.5,207.7,207.7,207.8
218.4,218.3,218.3,218.3,218.3,218.3,218.2,218.2,218.2,218.1,217.9,217.7,217.5,217.2,216.9,216.7,216.4,216.1,215.7,215.4,215.1,214.8,214.6,214.3,214.1,213.8,213.6,213.3,213.0,212.6,212.2,211.9,211.5,211.3,211.1,210.9,210.7,210.5,210.3,210.1,209.7,209.4,209.1,208.9,208.6,208.6,208.6,208.7,208.8,208.8,208.6,208.2,207.6,207.0,206.6,206.3,206.5,206.7,206.3,205.7,205.5,205.6,206.1,206.7,207.2,207.5,207.4,207.1,206.6,206.2,206.1,206.3,206.6,206.7,206.9,207.0,207.1
217.4,217.5,217.5,217.6,217.7,217.8,217.8,217.8,217.8,217.7,217.6,217.3,217.0,216.6,216.3,216.0,215.7,215.4,215.2,214.9,214.7,214.4,214.1,213.7,213.4,213.1,212.9,212.6,212.3,212.0,211.6,211.3,210.9,210.7,210.4,210.2,209.9,209.7,209.4,209.1,208.7,208.5,208.4,208.3,208.1,208.0,207.9,208.0,208.1,208.0,207.8,207.4,206.9,206.4,206.0,205.7,205.9,206.1,206.0,205.4,205.1,204.9,204.9,205.5,206.2,206.7,206.8,206.7,206.5,206.3,206.1,206.1,206.1,206.2,206.2,206.3,206.4
216.6,216.6,216.7,216.8,217.0,217.1,217.1,217.2,217.3,217.3,217.1,216.7,216.3,216.0,215.6,215.2,214.9,214.7,214.5,214.3,214.1,213.8,213.5,213.1,212.8,212.5,212.3,212.1,211.9,211.5,211.0,210.6,210.3,210.1,209.8,209.5,209.2,208.9,208.6,208.3,208.0,207.7,207.6,207.5,207.4,207.3,207.2,207.2,207.3,207.2,207.0,206.6,206.2,205.8,205.6,205.3,205.2,205.5,205.6,205.4,205.0,204.5,204.0,203.9,204.6,205.2,205.4,205.6,205.9,206.1,206.1,206.1,206.0,205.9,205.8,205.7,205.7
215.8,215.7,215.8,215.9,216.0,216.1,216.2,216.3,216.4,216.4,216.3,216.0,215.6,215.3,214.9,214.5,214.2,213.9,213.7,213.6,213.4,213.2,212.9,212.5,212.1,211.9,211.7,211.5,211.2,210.8,210.1,209.8,209.6,209.3,209.1,208.8,208.5,208.1,207.8,207.5,207.3,207.0,206.8,206.8,206.7,206.6,206.5,206.4,206.3,206.2,206.1,205.8,205.5,205.2,205.2,205.1,204.9,205.2,205.4,205.6,205.5,204.7,203.5,202.6,202.8,203.5,203.8,204.0,204.4,204.8,205.3,205.6,205.8,205.8,205.7,205.4,205.1
215.1,214.9,214.8,214.8,214.9,215.0,215.0,214.9,215.0,215.1,215.2,215.1,214.8,214.5,214.2,213.9,213.6,213.3,213.1,212.8,212.6,212.4,212.1,211.8,211.4,211.1,210.9,210.6,210.3,210.0,209.5,209.2,208.8,208.6,208.3,208.0,207.7,207.4,207.1,206.9,206.6,206.4,206.2,206.1,206.1,206.0,205.8,205.6,205.5,205.4,205.2,205.0,204.8,204.6,204.7,204.8,204.7,204.9,205.4,206.1,206.7,206.2,204.9,203.9,203.6,203.6,203.5,203.3,203.3,203.4,203.8,204.3,204.8,205.1,205.1,204.9,204.7
214.5,214.3,214.1,214.0,214.0,213.8,213.6,213.3,213.4,213.7,214.0,214.1,214.0,213.8,213.6,213.3,213.0,212.7,212.4,212.1,211.8,211.6,211.3,211.0,210.6,210.3,210.0,209.8,209.4,209.1,208.8,208.5,208.1,207.8,207.6,207.3,207.0,206.7,206.5,206.3,206.0,205.8,205.6,205.6,205.5,205.4,205.2,205.0,204.7,204.5,204.4,204.3,204.2,204.1,204.2,204.4,204.3,204.5,205.0,205.5,206.1,206.0,205.3,204.7,204.5,204.4,204.0,203.5,203.0,202.8,202.8,202.9,203.2,203.5,203.6,203.7,203.7
214.1,213.9,213.6,213.4,213.2,213.1,212.8,212.6,212.5,212.7,212.9,213.1,213.1,213.0,212.9,212.6,212.4,212.1,211.7,211.4,211.0,210.7,210.5,210.2,209.9,209.5,209.2,208.9,208.6,208.3,208.0,207.7,207.5,207.2,206.9,206.7,206.4,206.1,205.9,205.7,205.4,205.3,205.2,205.2,205.1,204.9,204.7,204.3,204.0,203.8,203.7,203.7,203.7,203.6,203.7,203.8,203.9,203.9,204.0,204.2,204.3,204.3,204.1,203.9,203.9,203.9,203.8,203.5,203.1,202.7,202.5,202.3,202.1,202.1,202.0,201.9,201.9
213.7,213.4,213.1,212.8,212.6,212.5,212.4,212.3,212.2,212.1,212.1,212.1,212.1,212.1,212.0,211.8,211.6,211.3,211.0,210.6,210.3,210.0,209.8,209.5,209.2,208.9,208.5,208.2,207.9,207.6,207.3,207.1,206.8,206.6,206.3,206.0,205.8,205.6,205.4,205.1,205.0,204.8,204.8,204.7,204.6,204.4,204.2,203.9,203.6,203.4,203.4,203.4,203.4,203.3,203.2,203.2,203.2,203.2,203.1,203.0,202.9,203.0,202.9,202.8,202.8,203.0,203.1,203.1,203.0,202.7,202.3,202.0,201.6,201.2,200.8,200.4,200.1
213.0,212.7,212.4,212.1,211.9,211.8,211.8,211.8,211.7,211.6,211.4,211.3,211.1,211.1,211.0,210.9,210.7,210.5,210.2,209.9,209.6,209.3,209.0,208.8,208.5,208.3,207.9,207.6,207.3,207.0,206.7,206.5,206.2,205.9,205.7,205.5,205.3,205.1,204.9,204.7,204.6,204.5,204.4,204.3,204.1,203.9,203.7,203.4,203.3,203.2,203.1,203.1,203.1,203.0,202.8,202.7,202.5,202.4,202.3,202.1,202.0,201.9,201.9,202.0,202.1,202.2,202.3,202.5,202.5,202.4,202.1,201.8,201.4,201.0,200.6,200.1,199.8
212.4,212.0,211.7,211.5,211.3,211.2,211.1,211.1,211.0,210.9,210.7,210.5,210.3,210.2,210.1,209.9,209.8,209.6,209.4,209.1,208.8,208.6,208.3,208.1,207.9,207.6,207.4,207.1,206.9,206.6,206.3,206.0,205.7,205.4,205.2,205.0,204.7,204.5,204.4,204.2,204.1,204.0,203.9,203.7,203.6,203.4,203.2,203.0,202.8,202.7,202.7,202.7,202.7,202.6,202.4,202.2,201.9,201.7,201.5,201.3,201.2,201.0,201.0,201.1,201.3,201.5,201.6,201.7,201.7,201.7,201.6,201.4,201.2,200.9,200.6,200.3,200.1
211.7,211.5,211.2,211.0,210.9,210.7,210.5,210.4,210.3,210.2,210.0,209.8,209.6,209.4,209.3,209.2,209.0,208.8,208.6,208.4,208.1,207.8,207.6,207.4,207.2,207.0,206.8,206.6,206.4,206.1,205.8,205.5,205.3,205.0,204.7,204.5,204.3,204.1,203.9,203.7,203.5,203.4,203.3,203.1,203.0,202.8,202.7,202.4,202.2,202.0,202.0,202.2,202.2,202.1,201.9,201.6,201.4,201.1,200.8,200.6,200.4,200.3,200.2,200.3,200.4,200.6,200.7,200.8,200.9,200.9,200.9,200.8,200.7,200.6,200.4,200.2,200.1
211.0,210.9,210.8,210.7,210.7,210.5,210.1,209.8,209.7,209.5,209.4,209.2,209.0,208.8,208.6,208.5,208.3,208.2,208.0,207.8,207.5,207.2,207.0,206.7,206.5,206.3,206.1,205.9,205.7,205.5,205.2,205.0,204.7,204.5,204.2,204.0,203.8,203.6,203.4,203.2,203.0,202.8,202.7,202.6,202.4,202.2,202.1,201.9,201.7,201.5,201.5,201.6,201.6,201.6,201.4,201.1,200.8,200.5,200.2,199.9,199.7,199.5,199.4,199.5,199.5,199.6,199.7,199.8,199.9,199.9,200.0,200.0,200.0,200.0,200.0,200.1,200.0
210.2,210.4,210.5,210.7,210.7,210.5,210.0,209.5,209.1,208.9,208.8,208.6,208.4,208.2,208.0,207.9,207.7,207.6,207.4,207.2,206.9,206.7,206.4,206.1,205.8,205.6,205.3,205.1,204.9,204.6,204.4,204.2,204.0,203.8,203.5,203.3,203.1,203.0,202.7,202.5,202.3,202.2,202.0,201.8,201.7,201.5,201.3,201.2,201.1,201.0,200.9,200.9,200.9,200.9,200.7,200.5,200.2,199.9,199.6,199.3,199.1,198.8,198.7,198.7,198.7,198.7,198.8,198.8,198.9,199.0,199.1,199.1,199.1,199.2,199.3,199.4,199.5
209.4,209.6,209.9,210.1,210.3,210.1,209.6,209.0,208.5,208.3,208.1,208.0,207.9,207.7,207.5,207.3,207.1,206.9,206.7,206.5,206.2,205.9,205.6,205.4,205.1,204.8,204.5,204.2,203.9,203.6,203.4,203.2,203.0,202.8,202.6,202.4,202.3,202.1,201.9,201.7,201.5,201.3,201.1,201.0,200.9,200.8,200.6,200.4,200.3,200.2,200.1,200.1,200.0,199.9,199.8,199.6,199.5,199.3,199.1,198.8,198.5,198.3,198.1,198.0,197.9,197.9,197.9,197.9,198.0,198.1,198.1,198.2,198.2,198.2,198.2,198.3,198.3
208.4,208.5,208.6,208.8,208.9,208.8,208.5,208.1,207.7,207.5,207.3,207.2,207.1,206.9,206.8,206.5,206.3,206.1,205.9,205.6,205.3,205.0,204.7,204.4,204.1,203.8,203.5,203.2,202.9,202.6,202.4,202.2,202.0,201.9,201.7,201.5,201.3,201.1,200.9,200.7,200.6,200.4,200.3,200.2,200.1,200.0,199.8,199.7,199.5,199.4,199.2,199.1,199.0,198.8,198.7,198.6,198.5,198.4,198.3,198.1,197.9,197.7,197.5,197.3,197.2,197.0,197.0,197.1,197.1,197.2,197.2,197.2,197.2,197.2,197.2,197.1,197.1
207.5,207.5,207.6,207.7,207.8,207.7,207.4,207.1,206.7,206.5,206.3,206.2,206.1,205.9,205.8,205.6,205.3,205.1,204.8,204.6,204.3,204.0,203.7,203.4,203.1,202.8,202.5,202.2,201.9,201.7,201.4,201.2,201.1,200.9,200.8,200.6,200.4,200.2,200.1,199.9,199.8,199.7,199.6,199.5,199.4,199.2,199.1,199.0,198.8,198.6,198.5,198.3,198.1,197.9,197.8,197.7,197.6,197.6,197.5,197.4,197.2,197.1,196.9,196.8,196.6,196.5,196.4,196.3,196.3,196.4,196.4,196.3,196.3,196.3,196.2,196.2,196.1
206.8,206.7,206.8,206.8,206.7,206.6,206.3,206.0,205.7,205.4,205.2,205.0,204.9,204.7,204.5,204.4,204.2,204.0,203.8,203.5,203.3,203.0,202.7,202.4,202.2,201.9,201.6,201.4,201.1,200.9,200.7,200.5,200.3,200.2,200.1,199.9,199.7,199.6,199.4,199.3,199.2,199.1,199.0,198.9,198.8,198.7,198.6,198.4,198.3,198.1,197.9,197.7,197.5,197.3,197.1,197.0,196.9,196.8,196.8,196.7,196.5,196.4,196.3,196.2,196.1,196.0,195.8,195.7,195.6,195.6,195.5,195.4,195.4,195.4,195.4,195.3,195.3
205.8,205.7,205.7,205.7,205.6,205.5,205.2,205.0,204.7,204.4,204.1,203.9,203.7,203.5,203.3,203.2,203.1,203.0,202.8,202.7,202.4,202.2,202.0,201.7,201.5,201.3,201.1,200.8,200.6,200.4,200.2,200.0,199.8,199.7,199.5,199.4,199.2,199.1,198.9,198.8,198.7,198.6,198.5,198.4,198.4,198.3,198.2,198.0,197.9,197.7,197.5,197.3,197.1,196.9,196.7,196.5,196.4,196.3,196.2,196.1,196.0,195.9,195.8,195.7,195.5,195.4,195.2,195.2,195.0,194.9,194.8,194.7,194.6,194.6,194.6,194.5,194.5
204.7,204.6,204.6,204.6,204.5,204.4,204.2,204.0,203.7,203.4,203.2,203.0,202.8,202.6,202.5,202.4,202.3,202.2,202.1,202.0,201.8,201.6,201.4,201.3,201.1,200.9,200.7,200.5,200.3,200.0,199.8,199.6,199.4,199.2,199.0,198.9,198.7,198.6,198.4,198.3,198.2,198.1,198.1,198.0,197.9,197.8,197.7,197.6,197.4,197.3,197.1,196.9,196.7,196.4,196.2,196.0,195.8,195.6,195.5,195.4,195.3,195.2,195.1,195.0,194.9,194.8,194.6,194.5,194.4,194.3,194.2,194.1,194.0,193.9,193.9,193.9,193.9
203.8,203.7,203.7,203.6,203.6,203.4,203.3,203.1,202.9,202.7,202.4,202.3,202.1,202.0,201.9,201.8,201.8,201.7,201.6,201.5,201.4,201.2,201.1,200.9,200.8,200.6,200.4,200.2,200.0,199.8,199.5,199.2,199.0,198.7,198.5,198.3,198.1,198.0,197.9,197.9,197.8,197.7,197.6,197.5,197.4,197.3,197.2,197.1,197.0,196.8,196.7,196.5,196.3,196.1,195.8,195.6,195.3,195.2,195.0,194.9,194.8,194.7,194.6,194.5,194.3,194.2,194.1,193.9,193.9,193.8,193.7,193.6,193.5,193.4,193.4,193.4,193.4
203.0,202.9,202.9,202.9,202.8,202.7,202.6,202.5,202.3,202.1,201.9,201.8,201.6,201.5,201.5,201.4,201.3,201.3,201.2,201.1,201.0,200.9,200.8,200.7,200.5,200.3,200.2,200.0,199.8,199.5,199.3,199.0,198.7,198.4,198.1,197.9,197.7,197.6,197.5,197.4,197.3,197.3,197.2,197.0,196.9,196.8,196.7,196.6,196.5,196.4,196.3,196.1,196.0,195.7,195.5,195.3,195.1,195.0,194.8,194.6,194.5,194.3,194.2,194.1,194.0,193.8,193.7,193.6,193.5,193.5,193.4,193.3,193.2,193.1,193.1,193.0,193.0
202.4,202.3,202.3,202.3,202.3,202.2,202.2,202.1,201.9,201.8,201.6,201.4,201.3,201.2,201.2,201.1,201.1,201.0,201.0,200.9,200.8,200.7,200.6,200.4,200.3,200.1,199.9,199.7,199.5,199.3,199.0,198.8,198.5,198.2,197.9,197.7,197.5,197.3,197.2,197.0,196.9,196.8,196.7,196.6,196.5,196.4,196.3,196.2,196.1,196.1,196.0,195.9,195.8,195.6,195.4,195.2,195.0,194.8,194.6,194.5,194.3,194.1,194.0,193.9,193.8,193.7,193.6,193.5,193.4,193.3,193.2,193.1,193.0,193.0,192.9,192.8,192.8
202.0,202.0,202.0,202.0,202.0,201.9,201.9,201.8,201.7,201.6,201.4,201.3,201.2,201.1,201.0,201.0,201.0,200.9,200.8,200.7,200.6,200.5,200.3,200.2,200.0,199.8,199.6,199.4,199.2,198.9,198.7,198.4,198.2,197.9,197.7,197.4,197.2,197.0,196.8,196.7,196.5,196.4,196.3,196.2,196.1,196.0,195.9,195.8,195.7,195.7,195.7,195.6,195.5,195.4,195.2,195.1,194.9,194.7,194.5,194.3,194.2,194.1,194.0,193.9,193.9,193.7,193.6,193.5,193.4,193.3,193.2,193.1,193.0,192.9,192.9,192.8,192.8
201.7,201.7,201.7,201.7,201.7,201.7,201.7,201.6,201.5,201.4,201.2,201.1,201.0,200.9,200.8,200.7,200.7,200.7,200.6,200.5,200.4,200.2,200.1,199.9,199.7,199.5,199.3,199.1,198.8,198.6,198.4,198.1,197.9,197.6,197.4,197.2,196.9,196.7,196.5,196.4,196.2,196.1,196.0,195.9,195.8,195.7,195.6,195.5,195.4,195.4,195.3,195.3,195.3,195.2,195.1,195.0,194.9,194.8,194.6,194.4,194.3,194.1,194.0,194.0,193.9,193.8,193.7,193.6,193.5,193.4,193.3,193.2,193.1,193.0,192.9,192.8,192.8
201.5,201.5,201.5,201.5,201.4,201.4,201.3,201.2,201.1,201.0,200.9,200.8,200.7,200.6,200.5,200.4,200.3,200.2,200.2,200.1,200.0,199.9,199.7,199.6,199.4,199.3,199.0,198.8,198.5,198.3,198.0,197.8,197.6,197.3,197.1,196.9,196.7,196.5,196.3,196.2,196.0,195.9,195.8,195.6,195.5,195.4,195.3,195.2,195.1,195.1,195.1,195.1,195.0,195.0,195.0,195.0,194.9,194.9,194.7,194.6,194.4,194.2,194.0,193.9,193.8,193.7,193.7,193.6,193.6,193.5,193.4,193.3,193.2,193.1,193.0,193.0,192.9
201.1,201.1,201.1,201.0,201.0,200.9,200.9,200.8,200.7,200.6,200.5,200.4,200.3,200.2,200.1,200.0,199.9,199.8,199.7,199.6,199.5,199.4,199.3,199.2,199.1,198.9,198.7,198.5,198.3,198.0,197.8,197.5,197.3,197.1,196.9,196.7,196.5,196.3,196.2,196.0,195.9,195.8,195.6,195.5,195.4,195.3,195.2,195.1,195.0,194.9,194.8,194.8,194.8,194.8,194.8,194.8,194.8,194.7,194.6,194.4,194.2,194.0,193.8,193.7,193.6,193.5,193.6,193.6,193.6,193.6,193.5,193.5,193.4,193.3,193.2,193.2,193.1
200.6,200.6,200.6,200.5,200.5,200.4,200.3,200.2,200.1,200.0,199.9,199.9,199.8,199.7,199.6,199.5,199.4,199.3,199.1,199.0,198.9,198.8,198.7,198.6,198.5,198.4,198.2,198.0,197.8,197.6,197.4,197.2,197.0,196.9,196.7,196.5,196.4,196.2,196.1,196.0,195.9,195.7,195.6,195.5,195.3,195.2,195.1,194.9,194.8,194.7,194.7,194.6,194.5,194.5,194.5,194.4,194.4,194.3,194.2,194.1,194.0,193.8,193.7,193.6,193.5,193.5,193.5,193.5,193.5,193.5,193.5,193.4,193.4,193.3,193.3,193.2,193.2
200.1,200.1,200.0,200.0,199.9,199.8,199.7,199.6,199.5,199.4,199.3,199.3,199.2,199.1,199.0,198.9,198.8,198.7,198.6,198.5,198.4,198.3,198.2,198.1,198.0,197.9,197.7,197.6,197.4,197.3,197.1,197.0,196.8,196.7,196.6,196.5,196.3,196.2,196.1,196.0,195.8,195.7,195.5,195.4,195.2,195.1,195.0,194.8,194.7,194.6,194.6,194.5,194.4,194.4,194.3,194.2,194.2,194.1,194.0,193.9,193.9,193.8,193.7,193.6,193.5,193.5,193.4,193.4,193.4,193.4,193.4,193.4,193.4,193.4,193.3,193.3,193.3
199.6,199.5,199.5,199.4,199.3,199.2,199.0,198.9,198.8,198.7,198.7,198.6,198.6,198.5,198.4,198.3,198.3,198.2,198.1,198.0,197.9,197.9,197.8,197.7,197.6,197.5,197.4,197.2,197.1,197.0,196.8,196.7,196.6,196.5,196.4,196.3,196.2,196.1,196.0,195.9,195.8,195.6,195.5,195.4,195.2,195.1,195.0,194.8,194.7,194.6,194.5,194.5,194.4,194.3,194.3,194.2,194.1,194.1,194.0,193.9,193.9,193.8,193.8,193.7,193.6,193.6,193.5,193.5,193.5,193.5,193.5,193.5,193.5,193.5,193.5,193.4,193.4
199.1,199.0,199.0,198.9,198.7,198.6,198.4,198.3,198.2,198.2,198.1,198.1,198.0,197.9,197.9,197.8,197.7,197.6,197.6,197.5,197.5,197.4,197.4,197.3,197.2,197.1,197.0,196.9,196.8,196.7,196.6,196.5,196.4,196.3,196.3,196.2,196.1,196.1,196.0,195.9,195.8,195.7,195.5,195.4,195.3,195.2,195.0,194.9,194.8,194.7,194.6,194.5,194.4,194.4,194.3,194.2,194.2,194.1,194.1,194.0,193.9,193.9,193.8,193.8,193.7,193.7,193.7,193.6,193.6,193.6,193.6,193.6,193.6,193.5,193.5,193.5,193.5
198.7,198.6,198.5,198.4,198.2,198.1,197.9,197.8,197.8,197.7,197.7,197.6,197.6,197.5,197.4,197.3,197.3,197.2,197.2,197.1,197.1,197.0,197.0,197.0,196.9,196.8,196.7,196.6,196.5,196.4,196.4,196.3,196.2,196.2,196.1,196.1,196.0,196.0,195.9,195.8,195.8,195.7,195.6,195.4,195.3,195.2,195.1,195.0,194.9,194.7,194.6,194.5,194.5,194.4,194.3,194.3,194.2,194.1,194.1,194.0,194.0,193.9,193.9,193.9,193.8,193.8,193.8,193.7,193.7,193.7,193.7,193.7,193.7,193.7,193.7,193.7,193.6
198.2,198.1,198.0,197.9,197.8,197.7,197.6,197.5,197.4,197.4,197.3,197.3,197.3,197.2,197.1,197.1,197.0,196.9,196.9,196.9,196.8,196.8,196.8,196.7,196.7,196.6,196.6,196.5,196.4,196.3,196.3,196.2,196.1,196.1,196.0,195.9,195.9,195.9,195.8,195.8,195.7,195.6,195.5,195.4,195.4,195.2,195.1,195.0,194.9,194.8,194.7,194.6,194.5,194.5,194.4,194.3,194.3,194.2,194.2,194.1,194.1,194.1,194.0,194.0,194.0,193.9,193.9,193.9,193.9,193.9,193.8,193.8,193.8,193.8,193.8,193.8,193.8
