wind-weather/data/weather/current/current-temp-isobaric-700hPa-gfs-1.0.json
{"header": {"discipline":0,"disciplineName":"Meteorologicalproducts","gribEdition":2,"gribLength":38964,"center":7,"centerName":"USNationalWeatherService-NCEP(WMC)","subcenter":0,"refTime":"2015-09-28T00:00:00.000Z","significanceOfRT":0,"significanceOfRTName":"Analysis","productStatus":0,"productStatusName":"Operationalproducts","productType":0,"productTypeName":"Analysisproducts","productDefinitionTemplate":0,"productDefinitionTemplateName":"Analysis/forecastathorizontallevel/layeratapointintime","parameterCategory":0,"parameterCategoryName":"Temperature","parameterNumber":0,"parameterNumberName":"Temperature","parameterUnit":"K","genProcessType":0,"genProcessTypeName":"Analysis","forecastTime":0,"surface1Type":100,"surface1TypeName":"Isobaricsurface","surface1Value":70000.0,"surface2Type":255,"surface2TypeName":"Missing","surface2Value":0.0,"gridDefinitionTemplate":0,"gridDefinitionTemplateName":"Latitude_Longitude","numberPoints":65160,"shape":6,"shapeName":"Earthsphericalwithradiusof6,371,229.0m","gridUnits":"degrees","resolution":48,"winds":"true","scanMode":0,"nx":360,"ny":181,"basicAngle":0,"subDivisions":0,"lo1":0.0,"la1":90.0,"lo2":359.0,"la2":-90.0,"dx":1.0,"dy":1.0}, "data":
[rows 102 to 135 of 181, columns 0 to 76 of 360]
284.2,284.3,284.5,284.8,284.9,284.8,284.9,284.8,284.5,284.4,284.7,285.1,285.0,284.5,283.5,283.5,283.5,284.4,285.3,284.7,284.2,283.8,284.1,284.3,284.2,283.4,283.1,282.9,282.3,282.5,282.5,282.4,281.4,281.1,281.1,280.3,280.6,281.8,282.1,281.4,281.6,281.8,281.3,281.6,281.5,281.8,281.6,282.0,282.7,282.5,284.0,284.9,284.6,284.9,284.7,285.2,285.1,284.7,284.5,284.3,283.9,283.6,283.3,283.2,283.3,282.8,282.2,281.0,281.3,281.2,281.4,281.6,281.4,281.3,281.4,281.4,282.0
284.2,284.4,284.6,285.0,285.1,285.1,285.1,285.0,284.8,284.8,285.2,285.4,285.4,285.0,284.3,284.6,284.6,284.3,284.7,285.4,284.8,284.3,284.5,284.1,284.2,283.9,283.7,283.4,283.0,282.7,282.4,282.6,281.3,281.1,281.0,279.9,279.5,281.2,280.9,280.8,280.7,281.1,280.0,281.0,281.9,281.9,281.7,281.7,282.4,283.3,285.0,284.4,284.5,284.5,284.8,285.3,284.5,284.6,284.5,284.1,283.7,283.4,283.4,283.4,283.2,282.9,282.3,280.7,281.3,281.1,281.1,280.9,281.3,281.6,282.1,283.2,283.1
283.8,284.2,284.6,285.0,285.2,285.4,285.3,285.2,285.0,285.1,285.5,285.6,285.8,284.8,284.3,284.2,284.7,284.8,285.0,285.5,285.1,284.6,284.1,284.2,284.2,284.1,284.3,283.9,283.0,282.7,282.2,281.6,281.0,280.8,280.0,279.3,278.2,279.4,278.9,279.9,279.9,280.5,279.4,280.6,281.8,282.1,282.2,282.4,282.3,282.9,285.2,283.4,283.8,284.0,283.9,283.8,283.6,283.9,283.5,283.6,283.5,283.4,283.3,283.2,283.4,283.1,282.3,282.1,282.0,281.7,281.5,281.4,281.5,282.1,282.3,282.8,283.1
283.3,283.8,284.4,284.8,285.1,285.3,285.4,285.3,285.3,285.2,285.4,285.5,285.2,284.7,285.9,285.4,286.1,286.4,286.3,285.7,285.7,284.7,284.7,285.7,284.9,284.2,284.0,284.4,283.2,282.4,281.6,280.7,280.6,280.0,279.7,279.3,277.9,278.6,279.0,279.3,279.5,279.9,279.4,280.1,280.9,281.4,281.6,281.9,282.0,282.7,283.3,282.7,283.2,283.1,282.9,282.8,282.8,282.8,282.9,282.8,282.7,282.7,282.9,283.1,283.0,283.0,282.5,282.3,282.2,282.0,281.7,281.6,281.6,282.0,281.5,280.5,281.0
283.0,283.3,283.7,284.2,284.7,285.0,285.3,285.4,285.4,285.2,285.4,285.7,285.9,285.9,286.4,286.2,286.4,287.0,286.7,286.4,285.8,285.6,285.4,285.0,284.6,284.6,284.5,284.2,283.8,282.0,281.9,281.0,280.6,279.7,279.3,279.9,278.2,278.2,278.8,279.1,279.4,279.1,279.4,280.6,280.9,281.3,281.7,282.2,282.3,283.5,282.9,282.3,282.5,282.5,282.2,282.1,282.0,282.0,282.1,281.9,281.9,281.9,281.8,282.0,282.2,282.2,282.2,282.3,282.3,282.2,282.2,282.3,281.9,280.1,279.7,279.4,279.5
283.0,282.9,283.3,283.6,283.9,284.2,284.8,285.3,285.5,285.3,285.4,285.5,285.9,286.1,285.7,286.5,287.3,287.4,287.0,287.0,286.2,285.7,285.6,285.3,285.4,284.9,284.5,283.5,282.8,282.0,281.7,281.1,280.3,279.7,278.3,278.7,278.5,278.5,278.5,279.4,279.0,278.5,278.7,279.9,280.6,281.3,281.8,282.2,282.4,283.3,282.0,282.0,282.1,281.8,281.6,281.6,281.6,281.6,281.5,281.5,281.5,281.6,281.6,281.7,281.7,281.9,281.8,281.8,282.0,282.1,282.3,282.4,281.6,281.2,279.2,279.0,278.9
282.8,282.9,283.1,283.2,283.5,283.6,284.0,284.6,285.0,285.1,285.2,285.4,285.6,286.4,285.9,286.3,286.8,287.1,287.1,287.0,287.0,286.5,286.0,285.4,285.1,284.9,284.0,283.2,282.2,282.0,280.9,280.7,279.5,278.6,278.3,278.8,277.8,278.2,278.2,279.2,278.8,278.2,278.0,278.6,279.4,280.3,279.5,281.0,282.2,282.3,281.7,281.7,281.7,281.3,281.4,281.5,281.3,281.1,281.2,281.3,281.3,281.5,281.4,281.5,281.7,281.6,281.7,281.7,281.6,281.6,281.6,281.8,281.6,280.4,279.0,277.1,278.4
282.4,282.6,282.8,283.3,283.4,283.5,283.5,283.7,284.3,284.6,284.9,285.1,285.7,286.2,286.5,286.2,286.6,287.3,287.1,286.8,286.3,285.6,285.3,284.9,284.6,284.0,283.8,282.5,282.1,281.3,281.0,280.5,279.2,279.8,279.5,277.8,277.7,277.3,277.5,278.5,278.2,277.9,277.2,277.2,278.1,279.1,279.6,279.9,282.1,282.1,280.9,281.3,281.0,281.3,280.8,281.0,281.0,281.1,281.3,281.3,281.5,281.4,281.4,281.4,281.4,281.5,281.6,281.8,281.6,281.4,281.1,280.8,280.7,280.2,278.8,278.2,277.7
281.7,281.5,282.0,282.7,283.2,283.6,283.7,283.7,283.7,284.1,284.6,284.9,285.4,285.7,286.1,286.1,286.1,286.2,286.5,287.3,286.3,285.9,285.5,285.1,284.7,284.0,283.7,283.0,282.1,282.2,281.9,281.2,281.4,280.7,279.6,278.6,277.8,277.0,277.1,278.2,277.7,277.7,277.1,277.4,277.4,278.8,279.3,279.7,281.5,280.9,281.1,280.8,280.7,281.0,281.3,280.5,281.0,281.2,281.6,281.7,281.7,281.6,281.5,281.5,281.6,281.8,281.8,281.6,281.6,281.2,280.8,280.4,279.9,279.4,278.9,278.3,278.1
281.0,280.9,280.8,281.4,282.4,283.0,283.4,283.8,283.9,283.9,284.1,284.6,284.9,285.5,285.8,285.8,285.9,285.9,286.1,286.4,286.5,286.3,286.1,284.8,284.4,284.4,283.7,283.5,283.0,282.9,282.1,281.7,281.3,280.7,279.9,278.7,278.3,277.1,276.8,277.5,277.4,277.5,277.4,277.6,277.7,278.1,279.1,279.8,280.8,281.0,281.2,280.7,280.7,280.8,281.1,281.6,281.6,281.6,282.0,281.8,281.8,281.7,281.9,281.8,281.5,281.4,281.6,281.5,281.5,281.3,280.8,280.4,279.8,279.2,278.7,278.3,278.2
280.1,280.0,280.2,280.4,280.7,281.9,282.6,283.2,283.6,283.9,284.1,284.1,284.3,284.8,285.2,285.6,286.1,285.7,285.8,285.8,285.9,286.2,285.8,284.9,284.9,284.7,283.6,283.2,283.2,282.9,282.0,282.0,282.2,282.1,281.3,279.1,278.0,277.0,276.1,277.2,276.8,277.2,277.5,277.8,278.0,279.0,278.3,280.0,280.5,281.2,281.0,280.8,280.9,280.8,281.4,281.4,281.8,281.8,281.7,281.8,281.7,281.7,281.6,281.6,281.5,281.5,281.5,281.5,281.4,281.3,281.0,280.6,280.2,279.8,279.5,279.1,278.6
279.0,279.1,279.5,279.9,280.2,280.4,281.3,282.2,283.0,283.5,283.9,284.2,284.3,284.4,284.7,285.1,285.1,284.5,285.0,286.1,284.9,285.8,286.0,285.1,285.2,284.5,283.5,283.2,283.2,283.1,282.7,282.7,282.3,282.6,282.0,279.0,277.7,277.1,276.7,277.3,276.6,277.0,277.3,276.6,277.7,278.8,278.8,279.7,280.8,281.4,280.7,280.8,280.7,280.9,281.0,281.5,281.7,281.7,281.7,281.7,281.6,281.5,281.5,281.5,281.4,281.3,281.3,281.2,281.0,280.9,280.8,280.7,280.5,280.3,280.1,279.8,279.5
278.0,278.0,278.6,279.1,279.6,279.9,280.1,280.8,281.5,282.4,283.2,283.8,284.2,284.4,284.6,284.8,284.2,284.9,284.3,285.2,285.0,285.3,285.1,285.2,285.3,284.6,283.5,283.1,283.0,283.0,283.4,282.8,282.3,282.8,282.2,280.6,279.1,277.9,277.6,277.6,276.8,277.0,277.1,277.0,276.9,277.8,278.5,279.1,281.3,281.5,280.7,280.7,280.7,280.8,281.3,281.3,281.6,281.9,281.8,281.6,281.6,281.5,281.5,281.3,281.2,281.2,281.2,281.1,280.9,280.7,280.6,280.6,280.6,280.5,280.5,280.5,280.4
277.2,277.1,277.8,278.6,279.0,279.5,279.9,280.1,280.6,281.2,281.9,282.6,283.3,283.8,284.2,284.4,284.4,284.6,284.5,284.7,285.1,285.0,285.0,284.6,284.7,284.8,284.2,282.7,282.2,282.4,282.6,282.9,283.0,282.7,282.2,281.4,280.2,279.5,278.1,277.6,277.0,277.0,277.1,277.4,277.2,277.6,278.0,278.9,280.6,281.2,280.8,280.9,280.7,280.9,281.2,281.3,281.7,281.7,281.6,281.6,281.5,281.5,281.4,281.2,281.0,281.0,280.9,280.7,280.6,280.5,280.3,280.3,280.4,280.5,280.5,280.5,280.5
276.9,276.7,276.9,278.0,278.9,279.5,279.9,280.2,280.5,280.9,281.5,282.2,282.8,283.3,283.5,283.5,283.8,284.5,284.6,284.6,284.7,284.3,284.7,284.7,284.1,284.4,284.7,284.2,282.9,282.6,282.8,283.9,283.9,282.9,282.6,281.3,279.6,279.4,278.0,277.1,276.6,276.2,276.5,276.6,277.4,277.5,278.2,279.3,281.0,281.0,280.9,281.0,280.8,281.0,281.2,281.1,281.6,281.6,281.5,281.5,281.4,281.4,281.3,281.1,280.9,280.7,280.6,280.5,280.4,280.2,280.1,280.0,280.0,280.1,280.1,280.1,280.1
276.3,276.4,276.4,277.1,278.2,278.8,279.4,280.0,280.5,281.0,281.4,281.9,282.5,283.1,283.5,283.7,283.5,284.1,283.9,284.2,284.7,284.7,283.7,284.6,283.5,283.5,284.2,284.1,283.9,283.4,283.2,283.8,284.2,283.4,283.2,281.1,279.3,278.7,277.8,276.6,276.3,276.2,276.3,276.9,277.4,277.9,278.6,280.1,280.9,281.0,280.9,281.0,281.0,281.1,281.0,280.9,281.2,281.3,281.2,281.2,281.3,281.2,281.2,281.0,280.8,280.6,280.5,280.4,280.2,280.1,279.9,279.9,279.9,279.9,279.9,279.8,279.7
275.4,275.6,275.8,276.2,277.1,278.0,278.7,279.2,279.7,280.1,280.5,280.9,281.4,281.9,282.5,282.9,283.0,282.9,283.5,284.1,284.2,284.3,284.6,283.6,284.1,283.1,283.3,283.5,283.5,283.5,283.4,283.0,284.5,284.0,283.6,281.5,279.2,277.9,277.6,276.7,276.1,276.2,276.7,277.2,277.9,278.8,279.6,280.5,280.7,280.9,280.9,280.9,280.8,280.6,280.3,280.5,280.7,280.8,280.7,280.8,280.8,281.0,281.0,280.8,280.7,280.5,280.4,280.2,280.0,279.9,279.8,279.8,279.8,279.8,279.8,279.7,279.6
274.6,274.7,275.1,275.3,276.0,276.9,277.8,278.3,278.5,278.9,279.3,279.8,280.3,280.9,281.4,281.8,282.0,282.0,282.3,282.5,283.1,283.1,283.1,283.9,283.2,283.4,283.0,283.0,282.5,284.2,283.7,284.9,284.8,284.2,284.0,282.1,279.3,277.1,277.1,276.9,276.8,277.1,277.2,277.9,278.9,279.6,280.4,280.5,280.5,280.6,280.6,280.7,280.5,280.3,280.0,280.0,280.1,280.1,280.1,280.1,280.2,280.3,280.3,280.3,280.4,280.3,280.2,280.0,280.0,279.8,279.8,279.8,279.8,279.8,279.7,279.6,279.5
273.7,273.9,274.1,274.5,274.9,275.7,276.6,277.3,277.6,277.9,278.2,278.5,279.2,279.9,280.5,280.8,281.0,281.2,281.1,281.0,281.3,282.2,282.1,281.9,282.5,282.9,283.1,282.8,282.1,283.5,284.3,284.6,285.4,284.9,284.2,282.6,279.8,277.0,277.1,277.3,277.5,277.5,277.8,278.7,279.4,280.1,280.2,280.2,280.4,280.5,280.5,280.4,280.2,280.1,279.9,279.9,279.8,279.6,279.5,279.5,279.5,279.6,279.7,279.7,279.8,279.8,279.8,279.8,279.8,279.8,279.7,279.7,279.7,279.7,279.6,279.6,279.4
272.4,273.0,273.1,273.5,273.9,274.7,275.6,276.2,276.6,276.7,276.9,277.4,278.0,278.5,278.9,279.1,279.4,279.0,278.1,278.2,277.6,278.1,279.2,279.4,279.8,280.8,281.4,282.1,281.4,283.3,283.7,284.3,285.0,285.2,284.3,282.9,280.9,277.8,277.6,278.2,278.0,278.3,278.6,278.8,279.4,279.6,279.8,280.0,280.2,280.4,280.5,280.5,280.2,279.9,279.7,279.6,279.5,279.3,279.0,278.9,278.9,278.9,279.0,279.2,279.3,279.3,279.3,279.4,279.4,279.5,279.5,279.5,279.6,279.5,279.5,279.3,279.2
271.9,271.3,272.4,272.4,273.0,273.6,274.5,275.1,275.4,275.4,275.6,276.3,276.7,276.9,277.2,277.4,277.1,276.9,277.1,278.4,275.4,276.2,274.5,275.6,276.5,277.4,278.7,281.0,282.3,283.1,283.6,284.3,284.8,285.3,284.3,283.1,281.8,279.4,278.9,279.2,279.3,279.2,279.2,279.5,279.7,279.8,279.6,279.9,280.1,280.3,280.4,280.3,280.1,279.8,279.5,279.2,278.9,278.7,278.6,278.5,278.5,278.5,278.5,278.6,278.8,278.9,279.0,279.0,279.2,279.4,279.4,279.4,279.3,279.4,279.2,279.1,278.9
271.6,270.8,270.9,272.0,272.1,272.6,273.4,274.0,274.3,274.1,274.3,275.0,275.1,274.9,274.6,274.3,274.3,274.4,274.2,273.7,273.1,273.0,273.2,272.7,272.8,273.3,275.7,278.1,280.4,282.5,283.1,283.9,284.3,285.1,284.2,283.2,281.9,280.5,279.8,279.7,280.0,279.9,279.4,279.6,279.6,279.6,279.5,279.8,280.1,280.1,280.0,279.8,279.6,279.2,278.9,278.7,278.5,278.4,278.3,278.3,278.4,278.5,278.4,278.4,278.5,278.6,278.7,278.9,279.0,279.2,279.3,279.3,279.4,279.4,279.3,279.0,278.5
270.8,270.7,270.1,270.9,271.5,271.6,272.4,272.7,272.5,272.8,273.1,273.4,273.2,272.8,272.8,273.2,273.3,272.6,271.1,270.5,270.2,270.6,271.4,270.8,271.6,271.8,271.9,274.3,278.7,282.1,283.3,282.3,283.2,284.2,283.7,283.1,281.8,281.0,280.3,280.2,280.1,280.1,280.0,279.8,279.7,279.4,279.4,279.4,279.4,279.5,279.5,279.4,279.2,279.0,278.7,278.5,278.3,278.2,278.1,278.2,278.3,278.3,278.4,278.5,278.6,278.8,278.9,279.1,279.2,279.3,279.2,279.2,279.1,278.9,278.5,278.0,277.4
269.7,269.7,270.2,270.1,271.2,271.0,271.3,270.8,269.9,271.3,272.0,272.1,272.0,271.8,272.1,272.7,272.0,270.6,270.0,269.3,269.4,269.9,270.5,270.1,270.3,272.1,272.9,274.3,276.4,280.0,281.1,281.5,282.4,282.8,282.7,282.2,281.6,280.9,280.4,280.0,279.9,279.6,279.5,279.3,279.1,279.1,279.0,278.9,278.9,278.9,278.9,278.8,278.7,278.6,278.5,278.4,278.3,278.2,278.1,278.1,278.1,278.1,278.2,278.3,278.4,278.6,278.7,278.7,278.7,278.7,278.5,278.2,277.8,277.5,277.2,276.6,275.8
268.7,269.1,269.9,269.5,270.3,271.0,271.0,269.1,268.9,269.7,271.1,271.3,271.3,271.0,271.6,271.5,270.8,269.6,268.8,269.2,269.9,269.7,271.3,271.8,271.9,272.3,273.6,274.9,276.2,277.2,278.4,280.3,280.5,281.6,281.4,281.2,280.8,280.6,280.1,279.6,279.2,279.0,278.9,278.8,278.6,278.5,278.5,278.4,278.3,278.2,278.1,278.0,277.9,277.7,277.6,277.4,277.4,277.4,277.5,277.6,277.6,277.7,277.8,277.9,278.0,278.0,277.9,277.9,277.8,277.6,277.4,277.0,276.6,276.0,275.3,274.4,273.5
266.4,269.4,269.3,269.0,269.8,270.8,270.9,268.8,268.3,268.6,270.4,270.7,270.7,270.4,270.8,270.5,269.8,269.2,268.7,268.7,269.1,269.0,271.3,273.4,272.5,272.2,273.6,274.1,276.1,276.7,277.3,278.3,279.9,279.1,279.8,279.5,279.4,279.5,279.1,278.9,278.7,278.4,278.2,278.0,277.8,277.7,277.6,277.6,277.5,277.4,277.3,277.1,277.1,277.0,276.9,276.9,276.9,276.9,276.9,276.9,277.0,277.0,277.0,277.0,277.1,277.0,277.0,276.9,276.7,276.2,275.6,275.0,274.5,273.5,272.7,272.1,271.9
264.7,266.5,269.4,269.6,269.4,270.3,270.8,269.0,268.1,267.9,269.8,270.1,270.1,269.9,270.1,269.8,269.3,268.9,268.5,268.6,268.5,269.4,270.5,270.8,271.4,272.7,274.5,274.7,276.6,276.6,276.3,277.1,277.4,277.4,277.2,277.5,278.3,278.4,278.5,278.3,278.0,277.7,277.2,276.6,276.4,276.5,276.3,275.6,275.3,274.5,273.6,273.2,273.1,273.1,273.3,273.4,273.7,274.0,274.2,274.5,274.6,274.5,274.5,274.4,274.2,274.0,273.4,272.9,272.7,272.6,272.4,272.1,271.8,271.8,271.8,271.5,270.7
265.2,266.6,269.2,269.5,269.1,269.9,270.6,269.2,268.4,267.3,269.5,269.5,269.6,269.4,269.6,269.4,269.1,268.8,268.3,268.5,268.4,269.0,268.7,271.0,271.9,272.4,273.5,274.7,276.2,275.6,275.1,275.7,275.3,274.9,275.5,275.5,275.8,276.0,276.2,276.1,275.8,275.5,275.0,274.1,273.6,272.9,272.5,272.3,272.3,272.2,272.0,271.9,271.8,272.0,272.1,272.2,272.4,272.5,272.6,272.6,272.5,272.4,272.3,272.2,272.2,272.1,272.0,271.9,271.8,271.7,271.6,271.2,270.9,270.6,270.5,270.3,270.0
266.5,267.8,269.9,268.4,268.9,269.9,270.4,269.7,269.7,267.0,269.2,268.9,269.0,269.0,269.2,268.9,268.9,268.6,268.2,268.5,268.6,268.4,270.0,269.1,272.2,272.3,272.7,273.5,273.0,272.8,273.0,273.3,273.0,272.7,271.7,271.3,272.0,272.9,273.2,273.0,272.8,272.6,272.5,272.1,271.7,271.5,271.3,271.4,271.4,271.3,271.2,271.1,271.2,271.3,271.3,271.4,271.3,271.2,271.0,271.0,270.8,270.7,270.7,270.5,270.2,270.0,269.8,269.7,269.6,269.3,268.9,268.5,268.4,268.3,268.2,268.2,268.2
268.1,269.2,270.6,268.8,269.0,270.0,270.3,269.7,269.7,267.2,268.8,268.5,268.6,268.5,268.6,268.5,268.4,268.2,268.4,268.1,268.3,268.7,268.8,270.9,270.4,269.6,269.3,271.3,271.7,271.7,271.4,271.1,270.8,270.9,271.0,270.9,270.9,270.8,270.8,270.6,270.6,270.8,270.8,270.6,270.0,269.5,269.5,269.9,270.1,269.9,269.6,269.3,269.0,269.0,269.0,268.9,268.8,268.7,268.5,268.3,268.1,267.7,267.4,267.4,267.2,266.9,266.7,266.7,266.8,267.0,267.0,267.1,266.6,265.7,266.1,265.1,264.6
269.1,269.6,270.7,269.0,269.5,270.1,270.2,269.8,269.7,267.5,268.5,268.2,268.2,268.1,268.1,267.9,267.6,267.5,267.7,267.6,267.8,267.8,267.9,267.3,269.0,271.4,271.8,271.3,270.4,270.0,269.9,269.9,269.7,269.5,269.7,269.8,270.0,270.3,270.2,269.8,269.2,268.7,268.8,269.0,269.1,268.9,268.6,268.5,268.5,268.4,268.3,268.0,267.7,267.5,267.3,267.1,266.9,266.5,266.0,265.3,264.8,264.3,263.8,263.7,263.7,262.7,262.2,262.0,262.5,262.6,261.8,262.1,262.0,261.8,261.6,261.3,260.8
269.5,268.7,269.7,268.6,269.8,270.1,270.3,270.1,269.8,268.0,268.0,268.0,267.9,267.7,267.7,267.5,267.0,266.7,266.7,266.9,266.7,267.2,267.2,267.2,267.1,266.7,267.1,267.9,268.9,270.0,270.7,271.0,270.7,269.5,268.2,267.8,268.1,268.3,268.2,268.1,268.2,268.2,268.1,268.1,268.0,267.8,267.6,267.2,266.9,266.5,266.3,266.1,265.8,265.5,265.0,264.1,263.1,262.2,261.5,261.2,261.2,260.6,260.0,259.2,258.3,257.5,258.2,259.0,259.7,260.2,260.6,261.0,261.2,261.0,260.9,260.7,260.5
269.5,267.8,268.3,268.0,269.4,270.2,270.3,270.4,270.1,268.8,267.5,267.8,267.5,267.3,267.3,267.0,266.6,266.2,265.7,265.8,266.0,265.9,266.6,266.7,266.5,266.6,266.8,266.9,266.9,267.0,267.0,267.0,267.1,267.3,267.3,267.3,267.3,267.4,267.4,267.4,267.5,267.4,267.1,266.8,266.5,266.2,265.8,265.4,265.1,264.9,264.8,264.5,264.2,263.2,261.8,260.4,259.5,259.0,258.7,258.4,258.4,258.3,256.3,255.0,254.5,254.7,255.3,256.6,257.8,258.7,259.4,259.9,260.2,260.3,260.3,260.2,260.0
269.6,267.5,267.6,268.3,269.1,270.0,270.2,270.2,270.1,269.3,267.1,267.8,267.3,266.9,267.1,266.6,266.3,265.9,265.2,265.1,265.2,265.4,265.3,265.9,266.3,266.1,265.8,265.7,265.7,265.9,266.1,266.3,266.4,266.4,266.4,266.5,266.4,266.3,266.1,266.0,266.2,266.4,266.4,266.2,265.8,265.3,264.6,264.1,263.7,263.3,262.8,262.0,261.0,259.7,258.6,257.9,257.7,257.9,258.1,258.5,258.4,256.8,254.2,253.7,253.5,252.9,253.4,254.4,255.2,256.0,257.3,258.1,258.7,258.6,258.5,258.5,258.9
