wind-weather/data/weather/current/current-relative_humidity-isobaric-850hPa-gfs-1.0.json
{"header": {"discipline":0,"disciplineName":"Meteorologicalproducts","gribEdition":2,"gribLength":75136,"center":7,"centerName":"USNationalWeatherService-NCEP(WMC)","subcenter":0,"refTime":"2015-09-28T00:00:00.000Z","significanceOfRT":0,"significanceOfRTName":"Analysis","productStatus":0,"productStatusName":"Operationalproducts","productType":0,"productTypeName":"Analysisproducts","productDefinitionTemplate":0,"productDefinitionTemplateName":"Analysis/forecastathorizontallevel/layeratapointintime","parameterCategory":1,"parameterCategoryName":"Moisture","parameterNumber":1,"parameterNumberName":"Relative_humidity","parameterUnit":"percent","genProcessType":0,"genProcessTypeName":"Analysis","forecastTime":0,"surface1Type":100,"surface1TypeName":"Isobaricsurface","surface1Value":85000.0,"surface2Type":255,"surface2TypeName":"Missing","surface2Value":0.0,"gridDefinitionTemplate":0,"gridDefinitionTemplateName":"Latitude_Longitude","numberPoints":65160,"shape":6,"shapeName":"Earthsphericalwithradiusof6,371,229.0m","gridUnits":"degrees","resolution":48,"winds":"true","scanMode":0,"nx":360,"ny":181,"basicAngle":0,"subDivisions":0,"lo1":0.0,"la1":90.0,"lo2":359.0,"la2":-90.0,"dx":1.0,"dy":1.0}, "data":
[rows 38 to 75 of 181, columns 84 to 167 of 360]
71.0,87.7,83.1,84.6,95.8,96.7,91.8,100.0,87.2,95.6,90.9,77.6,96.2,77.8,84.1,76.7,83.4,94.3,83.9,52.6,64.2,55.9,57.3,73.5,69.2,87.4,91.9,96.2,100.0,86.7,83.3,70.1,80.0,57.7,33.8,44.8,42.6,54.6,70.5,69.2,69.2,64.0,44.1,65.1,74.4,77.3,90.5,82.0,73.6,73.8,98.5,97.3,91.3,80.1,98.7,91.3,99.7,85.6,91.8,83.4,75.5,71.6,75.5,79.3,79.2,75.6,64.7,72.1,99.3,94.9,99.2,99.7,94.9,86.7,99.7,96.9,87.7,75.2,61.4,67.4,73.0,65.8,46.4,33.6
88.9,85.6,87.4,82.3,96.3,89.6,60.2,95.7,96.3,91.1,100.0,80.6,93.5,73.7,67.8,77.4,96.2,91.3,80.4,69.1,66.0,67.7,59.8,57.6,61.5,69.0,78.6,84.9,90.0,92.8,82.5,74.2,76.6,80.2,39.7,41.0,48.1,53.3,59.9,56.0,53.6,57.6,35.1,46.3,60.7,83.2,91.3,93.2,84.5,79.3,96.8,100.0,98.3,95.7,94.4,99.8,99.8,91.0,96.7,99.7,82.9,91.1,89.3,82.2,72.2,65.0,55.0,63.5,98.5,98.5,98.6,99.7,84.0,98.2,99.7,93.1,78.7,47.8,55.3,56.2,48.5,34.0,27.4,30.9
81.8,88.9,92.4,85.6,90.1,76.4,63.0,54.9,56.3,52.4,57.2,65.6,59.3,85.6,93.3,93.7,90.0,82.3,75.4,69.1,75.1,65.8,58.5,62.7,56.7,70.3,80.8,81.7,74.9,74.0,71.5,77.5,76.8,73.4,49.9,35.2,41.3,61.7,64.1,47.6,43.2,45.6,29.4,31.4,58.5,79.2,95.8,99.8,95.3,88.9,99.3,90.6,88.5,99.7,99.4,96.0,88.3,97.1,90.6,82.2,69.0,69.0,63.5,59.2,63.3,57.8,48.1,77.2,99.7,98.6,99.1,99.3,99.7,97.7,99.7,95.9,62.3,44.7,46.9,45.8,33.5,23.1,39.0,73.5
65.7,45.8,78.6,78.6,84.9,57.5,57.7,49.2,29.8,27.1,18.8,24.7,55.0,79.8,93.3,86.1,73.7,76.7,78.4,86.1,80.2,53.3,43.9,52.4,66.8,68.2,64.8,58.9,57.8,54.9,59.9,75.7,77.5,64.8,44.2,44.4,64.7,71.1,71.9,46.0,47.5,52.1,32.4,31.8,71.5,84.0,95.5,91.0,93.3,97.5,93.5,99.8,100.0,99.6,98.6,98.1,91.1,88.9,82.8,69.8,71.8,68.5,65.9,64.3,67.1,48.4,60.0,96.8,99.7,96.7,99.7,99.3,98.4,97.8,99.3,77.5,53.6,41.6,40.3,36.7,28.2,27.1,48.8,83.4
72.6,57.6,54.4,49.3,49.6,64.6,99.2,90.4,44.0,35.9,24.3,46.3,61.0,83.3,89.6,64.4,42.1,59.6,68.8,70.8,45.0,41.1,46.6,51.7,60.3,54.5,51.8,57.6,60.0,62.6,61.7,63.8,70.3,69.1,62.4,50.3,55.9,75.5,72.6,51.3,79.5,86.2,90.7,40.7,45.1,74.9,84.1,65.8,88.9,92.2,93.0,97.3,99.3,99.0,93.6,85.4,78.1,72.0,93.7,86.8,77.1,70.1,57.3,58.2,48.0,46.1,75.4,99.7,99.7,99.7,99.0,99.7,96.9,98.2,96.7,64.1,53.5,38.8,33.7,31.9,35.3,34.8,50.9,83.4
61.0,51.7,81.3,65.8,69.1,51.4,86.4,76.0,80.6,75.4,43.2,55.2,55.4,68.0,59.0,53.1,51.4,47.4,44.3,48.1,46.3,43.4,42.9,43.9,43.0,50.0,62.1,58.9,53.6,50.2,61.0,68.0,67.1,68.9,66.0,62.7,72.2,62.9,70.1,56.4,75.9,70.6,70.7,71.5,50.7,67.3,63.4,79.7,80.5,91.8,99.8,99.8,99.8,99.7,77.6,68.5,64.7,67.3,77.3,75.6,71.3,61.3,50.5,48.5,40.0,49.7,74.7,93.3,95.2,99.7,98.9,99.7,99.7,95.1,92.9,60.3,51.6,38.9,34.1,35.0,36.9,38.9,45.0,71.4
83.3,93.5,92.7,86.1,78.3,71.1,73.9,87.1,75.6,80.6,84.8,38.6,39.5,30.7,42.8,43.6,41.2,41.8,47.0,44.6,43.2,42.6,41.0,56.0,69.7,70.2,57.6,47.3,47.4,50.8,52.9,56.3,58.2,64.2,64.5,66.3,67.7,59.9,62.1,68.3,61.6,78.4,81.1,63.5,55.3,53.2,76.6,89.3,99.8,90.4,90.1,99.3,99.8,84.6,79.9,58.0,88.4,76.5,68.4,76.8,79.6,58.8,46.8,47.5,60.5,69.0,85.1,99.6,99.6,99.6,98.4,99.7,99.7,98.9,92.7,53.2,50.4,37.6,35.6,35.6,33.8,35.3,32.1,50.0
94.4,88.7,83.5,72.1,60.8,54.9,47.0,65.0,66.3,62.4,58.2,67.7,33.0,27.1,46.6,38.4,34.3,28.5,33.3,38.2,31.4,41.3,36.8,42.6,45.8,48.3,50.2,44.4,41.6,44.4,52.8,51.9,53.7,57.5,62.7,67.1,63.9,56.1,55.7,64.2,62.1,59.6,63.5,69.7,77.1,97.9,79.4,89.5,67.0,91.9,91.2,97.8,96.9,96.9,55.2,72.6,69.2,79.7,99.7,90.2,75.7,47.7,35.5,40.3,57.1,69.9,79.5,84.9,99.4,99.6,97.3,99.7,98.4,87.7,72.2,50.1,41.6,45.3,34.4,36.4,33.3,29.1,24.0,27.3
99.6,99.3,95.6,91.0,84.1,77.0,78.1,78.9,84.6,74.4,46.7,37.8,36.7,30.1,26.3,23.5,23.1,23.9,26.4,23.5,12.5,47.0,40.0,45.5,37.6,40.3,35.1,39.5,45.0,47.9,54.3,55.6,57.7,62.4,55.0,54.9,52.5,51.6,49.8,53.0,56.3,62.3,61.6,66.3,72.2,69.6,75.4,77.8,77.0,81.5,99.4,99.7,63.3,59.3,63.7,70.3,87.6,89.8,96.7,65.8,38.4,68.5,72.9,73.3,67.0,68.4,74.5,84.4,92.6,97.4,97.9,99.0,95.8,61.9,54.7,47.5,36.1,47.2,39.2,33.7,34.4,31.5,28.5,35.9
81.4,77.4,83.8,65.8,53.1,37.1,32.8,38.3,30.9,23.2,33.8,52.7,51.7,29.1,24.8,28.0,30.1,37.9,37.5,34.1,14.2,44.6,37.4,36.5,34.5,33.6,34.6,32.7,32.1,33.0,37.0,40.4,61.2,56.7,61.6,52.7,52.7,53.8,44.0,37.4,37.5,49.1,59.1,61.8,62.8,75.3,71.9,69.3,73.8,72.5,61.0,49.4,53.3,55.8,73.2,85.3,89.3,98.9,69.9,42.2,39.0,34.9,31.4,48.6,69.6,75.3,75.1,80.4,87.6,96.1,98.1,93.8,88.2,52.6,51.0,50.5,55.8,55.5,48.3,44.4,38.7,38.3,33.7,33.9
30.2,31.6,56.6,41.8,53.3,41.0,36.1,42.0,26.9,20.6,31.8,36.3,43.4,36.7,33.4,51.9,45.6,37.3,44.5,46.8,37.7,31.1,28.2,26.0,32.7,42.2,44.1,41.1,45.8,47.6,50.3,50.3,46.2,30.2,42.6,59.0,54.4,44.5,45.4,40.5,37.6,40.5,57.6,60.1,84.4,59.3,70.1,68.0,77.4,82.6,40.8,53.7,68.4,71.1,90.2,83.3,84.8,84.3,40.4,36.5,29.5,28.0,27.4,25.8,34.9,65.3,76.0,79.5,88.6,92.7,94.9,97.3,91.0,58.1,39.7,53.5,71.7,67.5,62.2,49.1,45.3,42.5,41.2,44.6
28.9,25.6,29.4,29.1,26.2,23.8,23.0,26.1,30.7,32.6,30.3,39.2,40.0,37.8,36.8,65.1,51.0,38.1,48.7,57.7,41.9,33.1,30.6,20.7,36.1,62.6,68.5,70.9,59.8,66.4,71.8,56.8,56.5,63.1,63.7,63.8,57.9,48.1,42.7,39.6,34.1,31.3,27.1,66.6,63.9,57.2,56.3,51.4,39.9,41.3,38.7,47.8,50.9,61.3,79.4,82.6,52.1,29.5,25.5,28.6,27.7,22.5,17.4,35.6,70.9,68.6,69.5,84.0,87.2,83.8,95.9,99.7,97.8,99.7,89.5,95.5,97.2,96.1,96.6,99.0,99.7,99.7,99.7,99.7
23.8,30.5,29.0,26.1,23.6,23.3,24.5,25.6,21.2,18.9,24.9,31.9,37.4,54.1,69.4,60.4,60.4,55.5,57.5,65.6,58.4,54.3,52.0,65.7,74.2,79.1,74.3,83.0,85.6,94.9,94.4,91.6,84.2,80.3,79.0,77.1,73.6,70.0,70.8,44.7,30.2,27.4,26.8,23.9,17.5,51.7,31.6,37.7,39.2,42.7,45.8,52.4,64.7,81.6,76.9,41.9,35.6,43.7,30.3,26.6,23.3,14.9,31.6,69.1,57.2,59.6,81.5,85.3,84.1,72.0,64.8,69.3,99.6,99.2,90.1,98.2,92.1,93.5,98.7,94.1,91.0,92.1,94.2,90.8
16.4,23.0,22.6,21.0,18.2,28.2,62.7,77.7,67.9,32.5,40.3,38.7,47.1,78.4,74.6,63.0,52.1,80.3,63.0,75.7,58.8,60.2,86.7,74.5,91.9,88.3,88.4,81.4,95.9,93.5,96.7,95.3,90.0,96.2,99.6,97.6,91.5,77.2,63.0,51.1,38.3,35.7,34.4,28.7,30.6,20.6,41.6,62.0,57.9,52.5,52.4,61.7,70.5,63.1,48.0,25.8,18.0,18.6,20.2,28.8,60.1,63.6,58.2,47.0,46.3,74.0,78.6,90.4,97.5,75.7,58.9,62.6,89.5,89.5,90.6,88.5,86.6,89.1,95.1,92.7,93.6,94.1,94.1,91.6
22.1,23.7,13.5,64.3,83.8,62.1,71.6,68.2,61.9,39.7,36.9,44.3,65.2,82.3,94.4,86.6,75.2,64.4,61.0,64.4,63.5,64.2,81.9,87.7,93.1,98.8,90.9,75.3,98.9,99.6,99.6,77.6,69.8,70.4,78.3,69.9,54.8,39.7,44.7,44.9,44.3,39.6,35.7,35.0,31.0,35.5,24.3,22.0,29.3,44.4,50.2,57.5,45.4,37.1,44.5,44.9,37.4,37.8,44.1,19.9,40.1,60.1,49.0,39.1,58.8,65.6,86.2,96.4,86.2,76.2,63.3,59.2,63.7,74.2,87.3,98.6,86.4,68.4,81.7,87.1,84.7,92.1,94.9,81.6
41.3,76.1,81.6,76.1,81.8,88.7,89.6,67.3,87.4,50.2,38.3,40.1,32.9,36.6,74.3,75.2,72.7,84.4,83.3,91.5,72.8,81.2,79.0,82.2,81.7,91.4,94.4,92.0,87.2,72.7,75.8,71.7,75.4,82.2,70.5,56.2,49.5,45.8,42.2,35.2,31.4,28.2,30.0,30.7,29.2,37.2,38.0,36.9,38.2,39.3,42.5,35.3,28.4,52.4,68.2,62.9,85.8,87.4,75.6,57.2,49.7,49.4,49.4,63.8,71.5,74.7,95.3,75.5,68.9,56.1,41.6,35.3,36.5,42.4,74.7,69.1,65.8,99.6,99.5,99.5,99.6,75.8,47.4,40.9
82.1,79.8,69.4,68.4,75.9,72.0,70.7,73.6,74.9,89.4,80.5,72.9,75.9,74.9,41.8,94.5,86.0,78.8,72.2,79.4,70.5,76.8,93.5,80.9,82.7,86.8,86.2,96.2,64.1,40.0,42.9,38.3,43.7,23.7,15.3,19.0,18.3,14.7,14.3,15.5,19.0,20.5,19.1,17.6,22.9,21.2,21.5,22.9,25.5,25.7,21.6,21.9,43.2,65.3,65.0,99.1,86.7,76.0,64.6,51.2,49.0,64.1,70.9,74.4,73.8,88.0,90.9,65.2,64.7,67.9,70.0,61.4,69.1,92.7,89.2,92.5,90.5,95.6,99.5,99.5,94.4,91.6,79.4,63.9
74.7,77.4,79.9,85.8,78.3,81.4,71.2,52.3,94.8,74.3,78.9,78.3,81.7,75.7,93.7,100.0,96.2,96.8,96.9,86.1,96.4,75.3,87.0,80.1,77.1,79.5,79.5,70.9,64.4,31.3,22.8,16.5,15.2,12.0,9.7,8.1,8.9,11.4,13.8,15.0,14.9,15.5,14.0,17.2,15.0,19.2,18.4,14.2,12.5,8.1,21.5,25.6,35.5,49.6,70.8,90.9,76.8,60.7,52.2,52.6,83.2,89.9,81.6,69.3,61.4,81.0,94.4,94.9,96.0,92.8,92.8,85.3,71.7,73.1,84.0,86.2,92.3,96.3,99.3,96.7,98.0,96.6,87.2,77.7
57.3,47.6,39.8,29.2,29.0,34.2,35.0,24.2,49.1,54.0,71.8,66.0,71.7,69.3,60.8,72.9,92.2,95.9,89.5,100.0,87.2,88.3,77.4,83.0,89.1,87.3,86.5,80.1,53.3,27.2,23.9,15.3,3.0,6.5,5.5,5.0,5.2,5.4,5.9,8.4,12.4,14.8,16.5,14.9,15.2,14.3,10.4,11.1,27.5,35.9,44.8,31.1,44.7,50.5,64.9,71.0,76.8,75.8,74.3,71.2,70.8,78.9,88.2,89.2,78.3,74.5,73.6,74.8,74.9,80.3,93.1,98.2,99.4,80.2,83.2,77.0,76.5,79.8,90.2,96.1,95.0,92.7,87.6,82.7
42.6,39.0,41.8,38.5,35.7,35.9,26.1,60.5,79.0,78.0,79.6,76.1,79.3,55.8,44.0,57.8,67.8,97.4,89.6,83.7,100.0,85.5,88.7,92.6,96.2,92.2,99.5,98.3,66.4,54.2,37.6,13.4,1.7,5.4,5.7,5.7,8.3,9.2,9.8,12.4,12.4,8.6,3.4,3.2,11.3,25.4,46.9,66.6,52.5,42.6,61.5,56.7,55.7,63.4,64.4,73.1,78.7,82.8,80.4,71.0,58.1,54.4,58.9,57.9,59.1,61.4,63.3,61.8,59.9,68.1,85.9,95.8,99.3,92.1,67.5,52.9,52.4,82.9,92.9,85.9,83.5,87.2,88.7,89.0
34.8,37.5,33.9,27.5,31.3,35.7,50.4,56.3,85.8,77.2,82.5,93.2,61.7,57.3,66.5,73.8,74.9,83.1,84.1,96.6,85.6,77.6,89.8,94.0,90.5,97.9,97.6,93.0,81.6,64.3,42.4,19.8,2.7,2.5,4.5,10.4,11.8,12.9,16.3,30.8,55.5,79.3,88.1,83.9,82.5,82.9,85.8,85.3,93.3,89.0,86.5,88.3,95.6,94.9,92.5,90.7,88.7,88.3,87.7,84.1,84.8,81.8,79.1,83.8,83.6,81.3,82.5,80.3,77.4,75.7,84.1,87.0,89.3,87.0,70.6,49.7,37.1,36.4,44.1,56.2,79.6,80.6,79.6,83.0
44.9,35.8,41.5,39.1,46.9,69.6,58.9,75.3,87.5,95.5,77.2,73.3,75.9,70.3,79.3,88.5,95.8,85.0,78.5,99.0,91.1,88.7,91.8,95.9,93.1,87.0,83.5,78.1,70.1,58.6,46.5,39.2,4.8,0.4,11.7,24.7,38.5,68.9,99.3,99.3,89.3,80.4,88.1,94.3,92.7,92.5,88.9,95.6,94.1,87.9,85.7,87.0,87.0,85.8,84.1,86.1,88.8,89.3,88.8,86.9,86.2,87.7,87.7,85.5,82.0,79.0,79.5,80.1,79.3,77.0,78.6,83.4,87.6,80.3,70.7,59.6,41.8,29.4,33.1,44.6,76.7,81.1,83.6,84.9
41.8,78.1,53.2,51.0,65.0,71.7,86.9,62.0,66.3,67.7,77.0,68.5,83.7,56.8,59.4,88.2,88.6,85.7,100.0,99.5,88.2,85.1,92.8,98.3,91.1,90.7,76.5,68.0,53.8,67.1,46.7,31.8,13.1,18.8,33.0,60.6,91.7,99.3,99.3,96.7,89.8,86.7,86.4,83.8,80.3,80.7,79.6,84.9,85.1,86.4,84.6,87.0,88.9,86.7,85.7,84.9,86.8,88.7,85.3,79.9,82.5,82.4,80.7,75.0,70.4,68.3,67.7,67.2,68.0,66.8,65.6,75.5,85.8,74.8,67.1,59.6,49.8,39.5,36.0,61.3,71.2,73.0,79.5,81.2
62.0,84.1,74.3,63.7,48.9,55.0,65.6,62.9,63.8,67.5,96.4,47.1,48.9,55.7,61.9,90.9,88.5,92.5,99.9,100.0,98.7,88.7,98.5,98.5,99.4,92.7,76.4,77.7,82.3,83.8,38.7,56.8,20.1,64.7,89.6,95.9,99.3,99.3,99.3,92.8,80.6,80.6,81.3,83.6,81.2,79.9,80.6,84.0,85.3,84.5,82.6,82.2,83.9,84.4,85.1,86.7,90.0,85.8,73.8,83.4,77.3,76.2,68.7,65.4,62.4,58.3,54.5,52.2,52.9,55.4,62.3,67.3,70.0,73.1,70.6,65.2,53.3,47.2,48.6,58.9,68.2,79.0,82.5,85.6
66.9,70.4,52.7,99.5,33.2,77.7,75.4,88.9,77.8,77.4,78.8,81.9,54.9,70.7,82.8,99.3,92.0,87.9,92.8,99.6,97.4,98.3,97.8,98.9,99.4,95.1,83.2,75.8,87.7,59.4,40.5,34.7,24.2,44.8,75.8,92.2,99.3,99.3,98.3,84.4,80.1,79.6,79.4,78.7,76.3,80.5,83.6,83.7,82.8,80.5,82.2,76.4,72.3,70.7,75.9,86.0,86.9,75.3,81.7,79.6,74.3,64.4,59.2,55.5,52.7,48.8,49.1,50.8,54.0,59.4,64.6,67.3,68.0,67.3,65.2,63.7,61.7,63.6,69.7,72.6,78.1,83.9,84.4,78.2
74.1,81.5,81.4,80.6,91.3,74.5,78.7,75.1,70.8,78.9,62.8,75.1,79.6,82.9,92.1,97.9,83.4,94.5,91.7,84.8,98.7,98.1,99.2,98.6,93.3,86.8,78.7,76.0,65.3,52.6,53.5,33.5,37.4,74.0,81.9,99.3,96.6,99.3,88.0,73.5,66.1,59.5,55.0,63.1,71.1,66.3,75.8,82.3,82.7,76.7,75.1,70.7,69.0,69.8,79.1,84.7,79.5,84.9,68.7,72.2,67.0,57.8,55.2,49.6,47.8,44.3,44.2,54.6,72.8,82.2,80.6,75.0,74.6,76.5,76.3,73.4,73.3,75.7,75.7,78.4,87.4,81.2,72.2,46.7
66.4,73.3,74.7,75.0,69.7,68.4,79.7,86.0,92.8,80.6,86.7,82.6,84.3,91.2,69.0,87.1,91.2,95.5,84.3,94.1,97.3,99.0,99.2,99.3,91.1,84.2,84.2,73.5,69.1,53.6,70.0,46.3,57.4,71.9,88.1,99.3,93.6,96.9,78.4,96.8,97.3,95.4,74.3,63.7,68.2,66.9,67.8,70.6,81.8,83.1,70.1,73.9,75.2,75.4,79.4,77.8,66.3,66.5,60.8,62.3,61.0,61.1,56.4,56.8,52.6,46.3,54.8,62.7,57.4,65.5,74.3,77.5,79.7,76.1,74.2,74.9,75.3,77.0,80.3,80.6,78.1,62.3,49.9,61.4
59.6,64.0,67.8,67.6,68.9,67.4,86.9,71.2,66.8,51.9,69.9,73.5,78.0,88.0,92.0,88.3,90.9,98.0,92.0,97.3,99.9,97.9,95.6,99.3,94.5,84.5,80.3,78.9,61.6,82.4,66.0,50.2,61.3,73.8,94.6,83.8,92.9,97.4,91.2,93.0,97.8,96.5,84.4,65.8,72.4,65.6,73.0,72.7,79.7,73.5,72.9,73.6,69.5,71.3,76.4,64.8,59.6,51.2,56.9,55.6,58.1,54.9,50.5,44.5,42.1,49.7,60.8,81.3,85.9,69.8,72.6,72.9,72.7,74.9,76.0,80.1,80.8,80.7,78.6,78.5,61.3,51.6,46.7,86.0
60.0,61.6,67.0,67.5,75.9,66.1,79.2,72.5,65.9,82.6,85.0,86.6,84.1,82.3,89.2,86.3,87.1,93.1,97.5,97.7,100.0,92.9,96.5,99.2,94.9,93.5,84.2,74.4,70.4,64.6,55.7,42.9,57.2,77.1,89.5,85.7,73.8,69.7,97.1,98.2,99.1,99.1,92.2,62.9,73.5,67.0,74.8,76.1,78.1,73.3,74.4,71.3,68.0,73.0,66.2,61.9,57.9,50.2,58.2,55.4,48.0,70.4,85.9,90.8,91.1,87.5,88.9,84.5,72.8,73.4,73.7,73.2,73.4,72.6,72.1,73.3,76.9,77.4,77.5,74.9,52.7,44.4,68.7,75.9
68.4,65.0,63.1,64.9,76.7,83.2,74.9,64.1,59.2,75.5,78.4,82.0,85.4,84.8,84.3,80.3,88.8,93.3,85.6,100.0,95.1,90.7,95.6,95.2,95.8,90.3,86.8,78.5,80.6,61.5,59.4,66.9,58.7,88.3,95.7,96.7,98.1,76.9,91.2,95.7,97.5,99.2,95.8,65.0,74.9,69.8,74.3,75.0,75.8,71.3,75.2,73.5,73.6,74.6,67.1,60.2,52.9,49.2,57.3,58.9,80.7,92.4,88.6,89.5,90.1,87.9,80.7,74.4,66.1,63.4,62.6,60.0,62.6,66.4,63.2,61.3,64.1,67.7,72.0,61.9,50.9,39.9,88.5,90.5
66.6,60.6,64.9,76.0,78.4,79.3,76.8,67.7,65.2,81.4,74.6,81.7,90.1,88.6,80.2,76.8,90.4,82.5,77.3,79.6,88.1,92.9,93.0,94.5,92.9,86.3,86.6,80.7,83.7,65.1,79.3,89.6,56.5,89.1,99.3,91.5,90.4,60.9,75.2,98.2,99.2,91.3,77.6,74.6,77.3,71.9,72.6,77.8,80.8,70.4,76.9,74.6,71.2,69.7,69.6,65.3,44.0,41.8,54.4,71.4,78.5,84.0,83.2,86.8,82.8,87.6,68.9,56.1,51.2,43.4,42.0,44.5,49.0,49.4,45.3,50.1,54.5,58.4,58.0,45.8,44.0,47.7,87.7,61.3
62.1,65.2,75.0,79.8,73.4,77.3,79.2,70.8,76.5,87.0,81.0,90.4,81.0,86.2,77.5,82.7,76.5,87.3,79.2,84.3,83.2,85.4,72.9,78.2,86.5,86.0,85.6,83.4,86.9,79.5,95.0,91.5,75.6,84.7,99.3,95.5,86.0,74.3,79.5,71.7,80.0,76.9,65.9,79.9,79.3,71.3,72.5,77.2,81.0,70.1,75.5,74.1,69.1,66.0,67.1,74.0,38.9,39.9,43.8,59.9,74.2,80.4,77.8,73.9,62.0,54.2,48.1,42.4,47.6,61.1,61.4,49.0,41.1,42.6,42.5,44.7,46.5,47.9,47.0,41.7,39.8,54.9,72.1,30.1
77.3,79.0,82.2,76.4,74.3,70.8,75.8,75.7,86.8,95.3,83.8,88.8,78.2,94.1,83.5,79.0,81.0,79.2,74.6,82.1,68.2,83.0,67.4,75.2,77.6,82.9,82.8,83.2,88.3,89.2,90.1,83.3,94.1,66.7,99.3,89.8,86.1,77.4,50.1,68.8,55.9,59.3,81.1,86.0,82.4,72.0,68.0,70.3,72.2,69.2,77.2,76.2,71.0,66.7,70.0,78.4,42.9,37.0,36.6,45.4,59.2,67.5,55.6,46.6,42.5,47.4,61.8,81.0,79.2,76.7,77.4,75.6,82.6,89.7,77.1,69.5,53.7,37.7,41.7,43.4,43.7,47.9,32.0,26.7
88.5,73.1,71.3,72.4,63.9,59.1,67.3,66.9,72.5,94.1,81.1,82.4,83.5,91.4,87.2,76.6,84.7,78.2,86.2,87.3,90.7,71.9,68.2,79.6,82.4,84.8,82.3,82.4,89.2,91.3,85.8,85.5,94.4,55.0,81.3,87.4,81.8,68.2,63.1,70.1,75.8,88.4,84.3,82.5,81.1,69.2,71.9,67.1,69.5,70.5,73.4,77.8,73.8,71.8,78.2,80.9,45.9,34.3,32.8,40.5,46.1,43.9,37.7,40.2,75.8,85.2,80.0,80.8,63.1,71.2,70.8,76.0,79.5,78.0,77.3,78.1,80.6,86.1,38.4,32.2,34.4,27.2,29.7,26.3
77.2,73.7,66.0,64.6,61.4,60.8,55.1,59.1,73.2,90.2,80.8,94.1,81.6,84.1,87.4,84.1,85.5,81.5,83.9,82.0,83.7,82.2,71.5,74.8,89.1,78.8,80.6,83.9,85.8,88.9,84.6,82.8,93.0,85.2,42.0,36.2,41.3,95.7,67.7,90.7,99.2,88.8,82.6,81.0,76.0,69.5,79.8,82.6,77.8,76.7,77.1,85.3,76.1,72.9,76.0,78.5,48.0,28.2,22.1,27.8,49.4,56.6,68.3,78.9,76.6,82.2,81.8,46.7,38.0,40.4,61.1,72.9,77.5,77.7,64.7,74.3,75.5,79.0,84.6,47.3,23.0,28.7,27.2,59.0
72.0,67.0,67.4,68.7,65.9,67.1,60.5,52.1,66.0,76.6,84.1,95.7,87.8,84.8,93.4,83.7,83.0,84.2,84.9,81.3,83.3,87.5,77.1,67.6,61.1,78.3,77.9,77.3,78.3,84.0,81.8,84.4,83.7,80.0,82.5,84.3,75.1,84.5,79.8,88.3,87.0,87.6,79.5,80.3,81.3,76.0,82.0,87.7,68.8,78.2,82.0,86.0,79.8,75.8,75.1,79.7,62.8,34.7,27.2,93.3,88.8,83.0,82.2,78.9,83.9,52.6,31.0,43.4,74.1,82.2,75.5,75.8,76.0,59.6,71.1,80.0,75.1,77.7,80.7,81.4,34.4,55.5,77.1,79.6
70.9,73.2,75.5,78.2,69.8,60.8,58.3,48.7,59.6,82.0,84.7,82.8,83.2,87.3,92.8,95.3,86.4,89.8,84.0,89.0,86.1,77.8,80.6,73.0,64.3,59.1,65.7,60.6,79.2,86.2,85.9,89.2,89.1,88.1,92.2,90.2,93.6,83.8,76.5,79.9,74.0,77.7,78.0,83.1,79.8,78.8,80.0,79.6,68.4,75.6,80.5,87.0,86.6,76.8,77.6,84.0,70.2,93.6,63.3,69.7,86.1,78.8,77.0,77.8,72.0,62.4,56.4,65.2,79.3,74.3,73.9,75.3,79.0,39.2,36.7,45.6,54.5,79.6,83.7,74.7,77.7,80.6,80.9,79.7
75.6,79.2,81.4,81.4,74.9,67.8,68.1,63.9,72.3,77.1,82.4,87.0,85.9,88.8,86.1,76.3,84.0,82.5,84.7,83.8,81.9,77.4,80.4,78.2,96.5,51.3,56.9,57.2,66.3,71.5,73.7,67.1,81.0,87.5,90.3,89.9,89.7,88.6,77.4,77.7,77.4,78.5,73.1,87.2,74.3,76.9,75.7,75.2,69.6,71.7,82.7,89.3,93.3,75.4,79.0,86.5,80.0,84.4,92.1,57.6,66.6,74.5,79.1,77.8,83.2,90.9,71.9,76.6,72.5,74.3,75.3,74.2,64.2,37.9,70.9,82.9,71.6,76.1,79.6,76.2,77.7,79.1,77.4,76.2
