wind-weather/data/weather/current/current-temp-isobaric-10hPa-gfs-1.0.json
{"header": {"discipline":0,"disciplineName":"Meteorologicalproducts","gribEdition":2,"gribLength":20372,"center":7,"centerName":"USNationalWeatherService-NCEP(WMC)","subcenter":0,"refTime":"2015-05-15T06:00:00.000Z","significanceOfRT":0,"significanceOfRTName":"Analysis","productStatus":0,"productStatusName":"Operationalproducts","productType":0,"productTypeName":"Analysisproducts","productDefinitionTemplate":0,"productDefinitionTemplateName":"Analysis/forecastathorizontallevel/layeratapointintime","parameterCategory":0,"parameterCategoryName":"Temperature","parameterNumber":0,"parameterNumberName":"Temperature","parameterUnit":"K","genProcessType":0,"genProcessTypeName":"Analysis","forecastTime":0,"surface1Type":100,"surface1TypeName":"Isobaricsurface","surface1Value":1000.0,"surface2Type":255,"surface2TypeName":"Missing","surface2Value":0.0,"gridDefinitionTemplate":0,"gridDefinitionTemplateName":"Latitude_Longitude","numberPoints":65160,"shape":6,"shapeName":"Earthsphericalwithradiusof6,371,229.0m","gridUnits":"degrees","resolution":48,"winds":"true","scanMode":0,"nx":360,"ny":181,"basicAngle":0,"subDivisions":0,"lo1":0.0,"la1":90.0,"lo2":359.0,"la2":-90.0,"dx":1.0,"dy":1.0}, "data":
[rows 102 to 135 of 181, columns 154 to 230 of 360]
233.7,233.8,234.0,234.1,234.1,234.1,234.1,234.1,234.1,234.0,233.8,233.7,233.5,233.4,233.3,233.2,233.2,233.2,233.1,232.9,232.6,232.4,232.2,232.1,232.0,232.0,232.2,232.5,233.0,233.5,233.9,234.3,234.6,234.8,234.8,234.7,234.6,234.5,234.3,234.2,234.0,233.9,233.8,233.7,233.7,233.8,233.9,234.0,234.2,234.3,234.6,234.8,235.0,235.1,235.1,235.2,235.1,235.1,235.1,235.0,235.0,234.9,234.9,234.9,234.9,235.0,235.0,235.0,235.0,235.0,234.9,234.8,234.7,234.6,234.4,234.2,234.0
233.3,233.4,233.4,233.4,233.6,233.6,233.5,233.5,233.5,233.4,233.2,233.1,233.0,232.9,232.7,232.7,232.6,232.6,232.5,232.3,232.0,231.8,231.6,231.5,231.5,231.6,231.9,232.2,232.7,233.3,233.8,234.1,234.4,234.6,234.6,234.6,234.6,234.5,234.3,234.1,233.9,233.6,233.4,233.3,233.2,233.2,233.2,233.4,233.6,233.8,234.1,234.3,234.5,234.7,234.8,234.9,234.9,234.9,234.9,234.9,234.8,234.8,234.8,234.7,234.7,234.7,234.7,234.7,234.6,234.5,234.5,234.4,234.3,234.2,234.0,233.8,233.7
232.7,232.8,232.7,232.8,232.8,232.9,232.9,232.8,232.7,232.7,232.5,232.4,232.3,232.2,232.1,232.1,232.0,232.0,231.8,231.6,231.4,231.1,231.0,231.0,231.1,231.2,231.5,231.9,232.5,233.0,233.5,233.9,234.1,234.2,234.3,234.4,234.4,234.3,234.1,233.9,233.6,233.3,233.0,232.8,232.6,232.6,232.6,232.8,233.0,233.2,233.5,233.7,234.0,234.2,234.4,234.5,234.6,234.7,234.7,234.7,234.6,234.6,234.6,234.5,234.4,234.3,234.2,234.2,234.1,234.0,233.9,233.8,233.8,233.7,233.6,233.4,233.3
231.9,232.1,232.1,232.1,231.9,231.9,231.9,231.8,231.8,231.8,231.7,231.7,231.6,231.5,231.5,231.4,231.3,231.3,231.2,231.0,230.8,230.6,230.5,230.5,230.7,230.9,231.2,231.6,232.1,232.6,233.1,233.5,233.7,233.8,233.9,234.0,234.0,234.0,233.8,233.6,233.3,232.9,232.6,232.3,232.1,232.0,232.0,232.1,232.4,232.6,232.8,233.1,233.4,233.6,233.8,234.0,234.2,234.3,234.3,234.3,234.3,234.2,234.2,234.1,233.9,233.8,233.7,233.6,233.4,233.3,233.3,233.2,233.2,233.1,233.1,233.0,232.9
231.0,231.1,231.2,231.2,231.1,231.1,231.0,231.0,230.9,230.8,230.9,230.9,230.9,230.9,230.8,230.8,230.7,230.6,230.6,230.4,230.3,230.1,230.1,230.2,230.4,230.6,230.9,231.3,231.7,232.2,232.6,232.9,233.1,233.3,233.4,233.5,233.5,233.5,233.4,233.1,232.8,232.5,232.1,231.8,231.5,231.4,231.4,231.5,231.7,231.9,232.1,232.4,232.7,232.9,233.1,233.4,233.5,233.6,233.7,233.7,233.7,233.6,233.6,233.5,233.3,233.2,233.1,232.9,232.8,232.7,232.6,232.5,232.5,232.5,232.5,232.4,232.3
230.0,230.1,230.2,230.2,230.2,230.3,230.2,230.1,230.0,230.0,230.1,230.1,230.2,230.2,230.2,230.1,230.1,230.0,230.0,229.9,229.8,229.8,229.8,229.9,230.1,230.3,230.6,230.9,231.2,231.6,231.9,232.2,232.5,232.7,232.8,232.9,232.9,232.9,232.8,232.6,232.3,231.9,231.6,231.2,230.9,230.8,230.7,230.8,230.9,231.1,231.4,231.6,231.8,232.1,232.3,232.5,232.6,232.8,232.9,232.9,232.9,232.9,232.8,232.8,232.7,232.5,232.4,232.2,232.1,232.0,231.9,231.8,231.8,231.8,231.8,231.8,231.7
229.1,229.2,229.3,229.4,229.4,229.4,229.4,229.4,229.3,229.3,229.3,229.4,229.5,229.6,229.6,229.6,229.6,229.5,229.5,229.4,229.4,229.4,229.5,229.6,229.8,230.0,230.2,230.4,230.7,230.9,231.2,231.5,231.7,231.9,232.1,232.1,232.2,232.1,232.0,231.9,231.6,231.3,231.0,230.6,230.4,230.2,230.1,230.1,230.2,230.4,230.5,230.7,230.9,231.1,231.3,231.5,231.7,231.8,231.9,232.0,232.0,232.0,232.0,232.0,232.0,231.9,231.7,231.6,231.4,231.3,231.2,231.1,231.1,231.1,231.1,231.0,231.0
228.3,228.4,228.5,228.6,228.6,228.6,228.6,228.6,228.6,228.7,228.8,228.8,228.9,229.0,229.0,229.1,229.1,229.1,229.0,229.1,229.1,229.1,229.2,229.3,229.4,229.6,229.7,229.9,230.1,230.3,230.5,230.7,230.9,231.1,231.2,231.3,231.3,231.3,231.2,231.1,230.9,230.6,230.3,230.0,229.8,229.6,229.5,229.4,229.5,229.6,229.7,229.8,229.9,230.1,230.3,230.5,230.6,230.8,230.9,231.0,231.1,231.2,231.2,231.2,231.2,231.2,231.1,230.9,230.8,230.7,230.5,230.4,230.4,230.4,230.3,230.3,230.3
227.6,227.7,227.7,227.7,227.8,227.8,227.8,227.9,228.0,228.1,228.2,228.3,228.3,228.4,228.5,228.5,228.6,228.6,228.6,228.7,228.7,228.8,228.9,229.0,229.1,229.2,229.3,229.3,229.4,229.6,229.7,229.9,230.1,230.3,230.4,230.5,230.5,230.5,230.4,230.3,230.2,229.9,229.7,229.4,229.2,229.0,228.9,228.8,228.8,228.8,228.8,228.9,229.0,229.1,229.3,229.4,229.6,229.7,229.9,230.1,230.2,230.4,230.5,230.5,230.5,230.5,230.4,230.3,230.2,230.0,229.9,229.8,229.7,229.6,229.6,229.6,229.6
226.9,226.9,226.9,226.9,227.0,227.0,227.1,227.1,227.3,227.4,227.5,227.7,227.7,227.8,228.0,228.0,228.1,228.2,228.2,228.3,228.3,228.4,228.5,228.5,228.6,228.7,228.8,228.8,228.8,228.9,229.0,229.1,229.3,229.4,229.5,229.6,229.6,229.6,229.5,229.5,229.4,229.2,229.0,228.8,228.6,228.5,228.3,228.2,228.1,228.1,228.0,228.0,228.1,228.2,228.4,228.5,228.6,228.8,228.9,229.2,229.4,229.6,229.8,229.8,229.9,229.8,229.8,229.7,229.5,229.4,229.2,229.1,229.0,228.9,228.9,228.9,228.9
226.2,226.2,226.2,226.2,226.2,226.3,226.4,226.5,226.6,226.8,226.9,227.0,227.2,227.3,227.4,227.5,227.6,227.7,227.7,227.8,227.8,227.9,228.0,228.0,228.1,228.2,228.2,228.2,228.2,228.2,228.2,228.3,228.5,228.6,228.7,228.7,228.8,228.7,228.7,228.6,228.6,228.5,228.4,228.2,228.1,227.9,227.8,227.7,227.5,227.4,227.3,227.3,227.3,227.4,227.5,227.6,227.8,228.0,228.2,228.4,228.6,228.9,229.1,229.2,229.2,229.3,229.2,229.1,228.9,228.7,228.6,228.4,228.3,228.3,228.2,228.2,228.2
225.6,225.6,225.6,225.6,225.7,225.8,225.9,226.0,226.2,226.3,226.4,226.5,226.6,226.8,226.9,227.1,227.2,227.2,227.3,227.3,227.3,227.4,227.4,227.5,227.6,227.6,227.6,227.6,227.5,227.5,227.5,227.6,227.7,227.8,227.8,227.9,227.9,227.9,227.9,227.8,227.8,227.8,227.7,227.6,227.5,227.3,227.2,227.1,227.0,226.8,226.7,226.7,226.7,226.7,226.7,226.9,227.1,227.3,227.5,227.7,228.0,228.2,228.4,228.5,228.6,228.6,228.5,228.4,228.3,228.1,227.9,227.7,227.6,227.6,227.6,227.6,227.6
225.1,225.1,225.1,225.2,225.3,225.4,225.5,225.7,225.8,225.9,226.0,226.1,226.2,226.3,226.4,226.5,226.7,226.7,226.8,226.8,226.8,226.8,226.9,226.9,226.9,227.0,227.0,227.0,226.9,226.9,226.9,226.9,226.9,227.0,227.1,227.1,227.1,227.1,227.1,227.1,227.1,227.1,227.0,227.0,226.9,226.8,226.7,226.5,226.4,226.3,226.2,226.1,226.1,226.1,226.1,226.2,226.4,226.6,226.8,227.0,227.3,227.5,227.7,227.8,227.9,227.9,227.8,227.8,227.7,227.4,227.2,227.1,227.0,226.9,226.9,227.0,227.0
224.6,224.7,224.7,224.8,225.0,225.1,225.2,225.3,225.4,225.5,225.6,225.6,225.7,225.8,225.9,226.0,226.1,226.2,226.2,226.2,226.2,226.2,226.2,226.3,226.3,226.4,226.4,226.4,226.3,226.3,226.2,226.3,226.3,226.3,226.4,226.4,226.4,226.4,226.4,226.4,226.4,226.4,226.4,226.4,226.3,226.2,226.1,226.0,225.9,225.8,225.8,225.7,225.6,225.6,225.6,225.7,225.9,226.0,226.1,226.4,226.6,226.9,227.0,227.2,227.3,227.3,227.2,227.2,227.0,226.9,226.7,226.5,226.4,226.3,226.4,226.5,226.6
224.2,224.3,224.4,224.5,224.7,224.8,224.9,224.9,225.0,225.1,225.1,225.1,225.2,225.3,225.4,225.5,225.6,225.6,225.6,225.6,225.6,225.6,225.6,225.7,225.7,225.8,225.8,225.8,225.8,225.7,225.7,225.7,225.8,225.8,225.8,225.8,225.8,225.9,225.9,225.9,225.9,225.9,225.9,225.8,225.8,225.7,225.7,225.6,225.5,225.4,225.4,225.3,225.3,225.2,225.3,225.3,225.4,225.5,225.7,225.8,226.1,226.3,226.5,226.6,226.6,226.7,226.7,226.7,226.6,226.4,226.2,226.1,225.9,225.9,225.9,226.0,226.1
223.8,223.9,224.1,224.2,224.3,224.4,224.5,224.6,224.6,224.7,224.7,224.7,224.7,224.8,224.9,225.0,225.1,225.1,225.1,225.0,225.0,225.0,225.1,225.2,225.2,225.3,225.3,225.3,225.3,225.3,225.2,225.3,225.3,225.3,225.4,225.4,225.4,225.5,225.5,225.6,225.6,225.6,225.5,225.4,225.3,225.3,225.3,225.2,225.1,225.1,225.0,225.0,225.0,225.0,224.9,225.0,225.1,225.1,225.2,225.3,225.6,225.8,226.0,226.1,226.1,226.2,226.3,226.3,226.2,226.1,225.9,225.8,225.6,225.6,225.7,225.8,225.9
223.6,223.6,223.8,223.9,224.0,224.1,224.1,224.2,224.3,224.4,224.3,224.3,224.3,224.4,224.5,224.6,224.7,224.7,224.7,224.6,224.5,224.5,224.6,224.7,224.8,224.9,224.9,224.9,224.9,224.9,224.9,224.9,224.9,225.0,225.0,225.1,225.1,225.2,225.3,225.3,225.4,225.3,225.2,225.1,225.1,225.0,225.0,225.0,224.9,224.9,224.8,224.8,224.7,224.7,224.7,224.8,224.8,224.8,224.8,224.9,225.2,225.3,225.4,225.6,225.8,225.9,225.9,225.9,225.8,225.8,225.7,225.6,225.5,225.5,225.5,225.6,225.6
223.3,223.4,223.5,223.7,223.8,223.9,223.9,224.0,224.1,224.1,224.0,223.9,224.0,224.1,224.2,224.3,224.4,224.4,224.3,224.2,224.2,224.2,224.3,224.4,224.5,224.5,224.5,224.5,224.6,224.6,224.6,224.7,224.7,224.7,224.8,224.8,224.9,225.0,225.0,225.1,225.1,225.1,225.0,224.9,224.9,224.9,224.9,224.9,224.8,224.8,224.7,224.6,224.6,224.6,224.6,224.5,224.6,224.6,224.6,224.8,225.0,225.1,225.2,225.4,225.5,225.6,225.5,225.5,225.5,225.5,225.5,225.5,225.4,225.4,225.4,225.4,225.5
223.1,223.2,223.4,223.6,223.7,223.8,223.9,224.0,224.0,224.0,223.8,223.8,223.9,224.0,224.2,224.2,224.2,224.2,224.1,224.0,223.9,224.0,224.0,224.1,224.1,224.1,224.1,224.2,224.3,224.4,224.4,224.5,224.5,224.5,224.5,224.6,224.6,224.7,224.8,224.8,224.9,224.9,224.8,224.8,224.8,224.8,224.8,224.8,224.8,224.8,224.7,224.6,224.5,224.5,224.5,224.5,224.5,224.5,224.5,224.6,224.8,225.0,225.1,225.2,225.3,225.3,225.2,225.2,225.2,225.3,225.3,225.3,225.2,225.2,225.2,225.3,225.3
223.0,223.2,223.3,223.5,223.6,223.7,223.8,223.9,224.0,223.9,223.8,223.8,223.9,224.1,224.2,224.3,224.2,224.1,224.1,224.0,223.9,223.9,223.9,223.9,223.8,223.8,223.8,223.9,224.0,224.1,224.2,224.3,224.3,224.3,224.3,224.3,224.4,224.4,224.5,224.5,224.6,224.6,224.6,224.6,224.6,224.6,224.7,224.7,224.7,224.7,224.6,224.6,224.5,224.4,224.4,224.4,224.3,224.3,224.4,224.5,224.6,224.7,224.8,224.9,225.0,225.0,225.0,224.9,224.9,225.0,225.0,225.0,225.1,225.1,225.1,225.1,225.0
223.0,223.2,223.3,223.4,223.5,223.7,223.8,223.9,223.9,223.9,223.8,223.7,223.8,224.0,224.1,224.2,224.2,224.1,224.0,223.9,223.9,223.8,223.8,223.7,223.6,223.5,223.6,223.6,223.7,223.9,224.0,224.0,224.1,224.1,224.1,224.1,224.1,224.1,224.2,224.3,224.3,224.4,224.4,224.4,224.4,224.4,224.5,224.6,224.6,224.6,224.5,224.5,224.4,224.3,224.3,224.3,224.2,224.2,224.3,224.3,224.4,224.5,224.5,224.6,224.6,224.7,224.7,224.6,224.6,224.7,224.7,224.8,224.8,224.8,224.8,224.7,224.7
223.0,223.2,223.3,223.4,223.5,223.5,223.6,223.7,223.8,223.8,223.6,223.6,223.6,223.7,223.8,224.0,224.1,224.0,223.9,223.8,223.7,223.7,223.7,223.6,223.5,223.4,223.4,223.5,223.6,223.7,223.8,223.8,223.8,223.9,223.9,223.9,223.8,223.8,223.9,224.0,224.0,224.1,224.1,224.1,224.2,224.2,224.3,224.3,224.3,224.3,224.3,224.3,224.2,224.1,224.1,224.1,224.1,224.0,224.1,224.1,224.2,224.2,224.3,224.3,224.4,224.4,224.4,224.4,224.4,224.4,224.4,224.4,224.4,224.3,224.3,224.4,224.4
223.0,223.2,223.3,223.3,223.4,223.4,223.4,223.5,223.5,223.4,223.3,223.3,223.4,223.5,223.7,223.9,223.9,223.8,223.7,223.5,223.5,223.5,223.5,223.5,223.4,223.3,223.3,223.3,223.4,223.4,223.5,223.5,223.5,223.6,223.6,223.6,223.5,223.5,223.6,223.6,223.7,223.7,223.7,223.8,223.8,223.9,224.0,224.0,224.0,224.0,224.0,223.9,223.9,223.9,223.8,223.8,223.8,223.9,223.9,223.9,224.0,224.1,224.1,224.2,224.3,224.3,224.3,224.2,224.2,224.1,224.1,224.0,223.9,223.9,223.9,224.0,224.0
223.0,223.1,223.2,223.2,223.2,223.1,223.1,223.2,223.2,223.1,223.1,223.2,223.3,223.3,223.5,223.6,223.7,223.6,223.5,223.4,223.3,223.2,223.1,223.2,223.2,223.1,223.0,223.0,223.0,223.0,223.0,223.0,223.0,223.1,223.2,223.2,223.1,223.2,223.2,223.3,223.3,223.3,223.3,223.4,223.4,223.5,223.6,223.6,223.6,223.6,223.6,223.6,223.6,223.6,223.5,223.5,223.6,223.6,223.7,223.7,223.8,223.8,223.9,224.0,224.1,224.0,224.0,223.9,223.8,223.8,223.7,223.6,223.6,223.6,223.6,223.7,223.7
222.9,223.1,223.1,223.0,222.9,222.9,222.9,222.9,223.0,223.0,223.1,223.1,223.1,223.2,223.4,223.5,223.5,223.4,223.3,223.1,222.9,222.8,222.7,222.8,222.9,222.9,222.7,222.7,222.6,222.6,222.5,222.5,222.5,222.6,222.7,222.8,222.8,222.8,222.9,222.9,222.9,222.9,223.0,223.0,223.1,223.1,223.2,223.2,223.3,223.3,223.3,223.3,223.3,223.3,223.3,223.3,223.3,223.4,223.4,223.4,223.5,223.5,223.6,223.7,223.7,223.7,223.6,223.5,223.5,223.3,223.2,223.2,223.3,223.3,223.4,223.4,223.4
222.8,222.9,222.9,222.8,222.7,222.7,222.7,222.8,222.9,222.9,222.9,222.9,222.9,223.0,223.1,223.2,223.2,223.1,223.0,222.9,222.7,222.4,222.4,222.4,222.5,222.5,222.4,222.3,222.3,222.3,222.1,222.1,222.1,222.1,222.3,222.4,222.5,222.5,222.5,222.5,222.6,222.6,222.6,222.7,222.7,222.8,222.9,222.9,223.0,223.0,223.0,223.0,223.0,223.1,223.1,223.0,223.0,223.0,223.0,223.1,223.1,223.2,223.2,223.3,223.3,223.2,223.2,223.1,223.0,223.0,222.9,223.0,223.0,223.1,223.1,223.0,223.0
222.6,222.7,222.7,222.6,222.5,222.5,222.5,222.6,222.7,222.7,222.8,222.8,222.9,222.9,222.9,223.0,223.0,222.9,222.8,222.6,222.4,222.2,222.1,222.2,222.2,222.1,222.1,222.1,222.0,222.0,221.8,221.7,221.7,221.8,221.9,222.1,222.1,222.1,222.1,222.1,222.2,222.3,222.4,222.4,222.5,222.6,222.7,222.7,222.8,222.8,222.8,222.8,222.8,222.7,222.7,222.6,222.6,222.6,222.6,222.7,222.7,222.8,222.8,222.9,222.9,222.9,222.9,222.8,222.8,222.7,222.7,222.7,222.7,222.7,222.7,222.6,222.6
222.3,222.4,222.4,222.4,222.3,222.3,222.3,222.3,222.4,222.5,222.6,222.7,222.8,222.9,223.0,222.9,222.8,222.7,222.6,222.5,222.3,222.2,222.1,222.2,222.0,221.8,221.7,221.7,221.7,221.6,221.5,221.4,221.4,221.4,221.5,221.7,221.8,221.8,221.8,221.9,221.9,222.1,222.2,222.3,222.4,222.4,222.5,222.5,222.6,222.6,222.5,222.5,222.4,222.3,222.2,222.2,222.2,222.2,222.2,222.3,222.3,222.4,222.4,222.5,222.6,222.6,222.6,222.5,222.4,222.4,222.3,222.3,222.3,222.3,222.2,222.1,222.1
221.9,222.0,222.0,222.0,222.0,222.0,222.1,222.1,222.2,222.3,222.4,222.5,222.6,222.7,222.8,222.8,222.7,222.6,222.5,222.4,222.3,222.2,222.1,222.0,221.8,221.6,221.4,221.4,221.4,221.3,221.2,221.2,221.2,221.1,221.2,221.3,221.4,221.5,221.5,221.6,221.7,221.9,222.0,222.1,222.2,222.3,222.3,222.3,222.3,222.2,222.1,222.0,221.9,221.9,221.8,221.8,221.8,221.9,221.9,221.9,221.9,222.0,222.0,222.1,222.1,222.1,222.2,222.1,222.1,222.0,221.9,221.8,221.8,221.7,221.7,221.6,221.6
221.6,221.6,221.6,221.6,221.6,221.7,221.7,221.8,221.9,222.0,222.1,222.2,222.2,222.4,222.5,222.4,222.4,222.3,222.2,222.1,222.0,221.9,221.8,221.7,221.5,221.3,221.1,221.1,221.1,221.1,221.0,221.0,220.9,220.9,221.0,221.1,221.2,221.2,221.3,221.4,221.5,221.6,221.7,221.8,221.9,222.0,222.0,221.9,221.9,221.8,221.7,221.6,221.5,221.5,221.5,221.5,221.5,221.5,221.5,221.5,221.5,221.5,221.5,221.6,221.6,221.6,221.7,221.7,221.6,221.5,221.4,221.3,221.2,221.2,221.2,221.2,221.2
221.4,221.4,221.4,221.3,221.3,221.3,221.3,221.4,221.5,221.6,221.7,221.8,221.8,221.9,222.0,222.1,222.1,222.0,221.9,221.9,221.8,221.7,221.6,221.5,221.3,221.1,220.9,220.8,220.8,220.9,220.9,220.8,220.7,220.8,220.8,220.9,220.9,221.0,221.1,221.1,221.2,221.3,221.4,221.5,221.6,221.6,221.6,221.5,221.4,221.3,221.2,221.2,221.2,221.2,221.2,221.2,221.2,221.1,221.1,221.1,221.1,221.1,221.1,221.1,221.1,221.2,221.2,221.2,221.1,221.0,220.9,220.7,220.7,220.7,220.9,221.0,221.1
220.9,221.0,221.1,221.1,221.1,221.0,221.0,221.0,221.0,221.1,221.2,221.4,221.5,221.6,221.7,221.8,221.8,221.7,221.7,221.6,221.5,221.4,221.4,221.2,221.1,221.0,220.8,220.7,220.6,220.8,220.7,220.7,220.6,220.6,220.6,220.7,220.7,220.7,220.8,220.9,220.9,221.0,221.1,221.2,221.2,221.2,221.2,221.1,221.0,220.9,220.9,220.9,220.9,220.9,220.9,220.8,220.8,220.8,220.8,220.8,220.8,220.8,220.8,220.8,220.7,220.7,220.7,220.6,220.5,220.4,220.4,220.3,220.3,220.5,220.6,220.8,221.0
220.2,220.4,220.5,220.6,220.7,220.7,220.7,220.7,220.7,220.8,220.9,221.0,221.1,221.3,221.4,221.6,221.6,221.6,221.6,221.6,221.5,221.4,221.3,221.2,221.1,221.0,220.8,220.7,220.6,220.6,220.6,220.5,220.5,220.5,220.5,220.5,220.5,220.5,220.6,220.6,220.6,220.7,220.8,220.8,220.8,220.8,220.8,220.7,220.7,220.6,220.6,220.5,220.5,220.5,220.5,220.5,220.4,220.4,220.4,220.4,220.4,220.4,220.4,220.3,220.3,220.2,220.2,220.1,220.0,219.9,219.9,220.0,220.1,220.2,220.3,220.5,220.7
219.5,219.6,219.8,220.0,220.1,220.2,220.3,220.3,220.3,220.4,220.5,220.7,220.9,221.1,221.3,221.5,221.5,221.6,221.6,221.6,221.5,221.5,221.4,221.2,221.1,221.0,220.9,220.8,220.5,220.4,220.3,220.3,220.3,220.3,220.3,220.2,220.2,220.3,220.3,220.3,220.3,220.4,220.4,220.5,220.5,220.5,220.4,220.4,220.3,220.3,220.2,220.2,220.2,220.2,220.1,220.1,220.0,220.0,220.0,219.9,219.9,219.9,219.8,219.8,219.7,219.6,219.6,219.5,219.5,219.5,219.6,219.6,219.7,219.8,219.9,220.2,220.5
