wind-weather/data/weather/current/current-relative_humidity-isobaric-500hPa-gfs-1.0.json
{"header": {"discipline":0,"disciplineName":"Meteorologicalproducts","gribEdition":2,"gribLength":72043,"center":7,"centerName":"USNationalWeatherService-NCEP(WMC)","subcenter":0,"refTime":"2015-09-28T00:00:00.000Z","significanceOfRT":0,"significanceOfRTName":"Analysis","productStatus":0,"productStatusName":"Operationalproducts","productType":0,"productTypeName":"Analysisproducts","productDefinitionTemplate":0,"productDefinitionTemplateName":"Analysis/forecastathorizontallevel/layeratapointintime","parameterCategory":1,"parameterCategoryName":"Moisture","parameterNumber":1,"parameterNumberName":"Relative_humidity","parameterUnit":"percent","genProcessType":0,"genProcessTypeName":"Analysis","forecastTime":0,"surface1Type":100,"surface1TypeName":"Isobaricsurface","surface1Value":50000.0,"surface2Type":255,"surface2TypeName":"Missing","surface2Value":0.0,"gridDefinitionTemplate":0,"gridDefinitionTemplateName":"Latitude_Longitude","numberPoints":65160,"shape":6,"shapeName":"Earthsphericalwithradiusof6,371,229.0m","gridUnits":"degrees","resolution":48,"winds":"true","scanMode":0,"nx":360,"ny":181,"basicAngle":0,"subDivisions":0,"lo1":0.0,"la1":90.0,"lo2":359.0,"la2":-90.0,"dx":1.0,"dy":1.0}, "data":
[rows 117 to 155 of 181, columns 176 to 263 of 360]
4.1,4.0,3.7,3.8,3.6,3.6,3.8,4.1,4.2,4.1,3.7,2.9,2.0,1.1,0.7,0.4,0.5,0.7,0.9,1.3,1.4,1.6,1.9,2.4,3.3,2.9,3.3,3.6,4.1,4.4,4.9,5.1,4.9,4.6,4.3,3.7,3.3,2.9,2.6,2.5,3.5,6.5,11.4,17.8,27.4,35.3,39.4,41.7,44.8,47.6,51.4,56.7,58.3,54.9,49.6,46.3,50.4,53.4,52.9,49.9,46.8,44.9,43.6,51.5,54.4,54.8,59.8,58.3,56.3,52.5,45.2,39.7,36.3,30.7,24.1,25.9,25.5,25.1,21.9,13.3,3.9,3.0,2.6,2.0,1.9,2.4,2.8,3.6
3.6,3.5,3.3,3.3,3.4,3.6,3.6,3.8,3.4,2.3,1.2,0.6,0.5,0.6,0.7,1.0,1.1,1.3,1.5,1.4,1.6,1.9,2.2,2.3,2.1,1.7,1.1,1.4,2.3,3.1,5.0,5.2,5.5,4.9,4.9,5.3,4.9,4.5,5.2,4.2,3.8,5.7,6.9,12.5,20.5,29.2,41.8,54.3,74.4,75.6,77.9,58.2,56.9,54.4,57.5,61.3,65.6,68.1,68.1,64.4,57.7,51.8,44.6,38.1,34.3,34.2,48.3,69.2,78.5,80.4,73.0,61.4,56.3,49.9,35.8,30.2,33.6,28.8,30.8,25.5,16.3,5.4,3.8,2.7,2.2,2.4,2.6,2.8
4.2,3.9,4.0,4.1,3.7,3.0,2.2,1.9,1.3,1.0,0.8,0.8,0.7,0.7,1.0,1.1,0.8,0.6,0.3,0.2,0.9,3.0,9.6,21.8,31.1,30.3,29.3,23.4,22.1,20.9,17.7,14.7,13.1,14.4,6.3,69.3,0.0,33.4,1.9,7.5,2.8,0.0,1.1,0.3,1.8,6.0,8.7,11.9,18.8,29.2,51.7,58.2,70.5,76.8,78.1,75.8,78.3,79.6,84.0,86.7,80.0,64.6,51.6,48.9,41.9,32.9,27.0,28.9,52.1,78.2,99.1,99.9,88.7,82.2,70.1,47.7,34.5,34.3,30.4,34.6,31.1,22.8,8.1,5.3,3.0,2.6,2.8,3.2
6.7,3.4,1.7,2.2,2.8,2.2,1.5,1.2,1.3,1.7,1.7,1.8,1.7,2.1,1.7,1.0,2.7,8.3,23.1,27.0,40.1,56.8,60.1,50.9,39.2,27.2,16.6,10.0,7.3,7.6,10.0,13.0,10.8,30.2,57.9,52.1,36.6,16.2,16.4,7.3,0.0,0.0,22.4,40.5,47.0,55.4,51.4,33.4,21.9,6.9,5.6,15.3,31.0,94.9,98.9,87.6,88.1,87.4,85.0,77.5,71.5,68.9,63.6,55.2,45.8,36.0,28.8,26.1,24.8,30.3,84.8,90.3,100.0,100.0,100.0,89.7,68.5,43.7,36.5,31.7,38.0,36.9,31.8,14.3,6.1,4.7,4.4,5.6
8.4,7.8,3.8,1.9,2.1,1.7,1.4,3.5,3.7,3.8,3.4,2.9,3.7,2.3,5.7,16.6,25.5,37.0,37.4,41.1,38.6,33.4,17.2,5.8,4.1,4.9,5.3,5.6,6.3,7.2,7.8,7.6,7.5,3.6,1.9,11.7,15.8,12.2,16.5,13.3,24.2,37.6,38.3,16.4,14.7,40.3,42.2,35.0,21.1,20.2,15.2,9.5,3.4,79.8,97.4,98.1,100.0,100.0,93.0,81.0,68.5,62.5,58.2,52.9,46.5,41.4,48.0,44.9,8.9,57.4,69.7,98.9,100.0,100.0,100.0,100.0,100.0,86.8,68.6,53.9,35.1,38.9,43.3,41.8,22.7,7.2,8.7,10.3
18.4,9.1,4.6,2.6,1.9,1.7,5.4,6.7,7.0,5.8,5.2,6.1,4.7,10.5,34.0,42.3,43.4,28.5,44.9,32.7,8.2,5.3,14.9,19.0,18.9,18.8,19.3,16.0,12.6,11.4,11.3,10.2,8.5,6.6,6.7,12.3,19.8,24.0,51.4,100.0,98.1,69.4,67.5,64.9,46.4,28.4,29.1,36.9,30.5,24.7,21.3,15.5,6.2,88.2,96.2,67.6,65.0,84.3,98.1,87.7,75.1,67.6,62.3,54.7,50.9,52.9,62.5,69.9,70.3,14.7,45.2,92.5,95.3,99.6,100.0,100.0,100.0,100.0,100.0,91.2,79.6,50.7,45.2,60.5,56.5,39.7,19.5,20.3
8.2,7.4,6.3,3.7,3.0,6.9,11.8,12.3,9.7,8.4,9.6,10.0,5.2,27.1,54.4,44.2,24.8,23.8,21.7,10.6,26.8,28.9,25.5,16.7,11.4,13.6,19.2,17.3,16.2,15.1,12.6,10.8,11.1,9.6,8.6,12.8,29.4,41.0,85.1,72.8,67.0,70.9,66.0,79.8,89.0,75.6,61.2,60.7,47.6,60.3,66.9,41.8,37.4,87.9,97.0,99.0,100.0,100.0,100.0,86.0,81.2,76.0,66.6,55.4,45.4,40.2,43.8,55.6,63.9,73.7,56.7,14.2,66.8,95.6,97.0,100.0,100.0,99.7,99.6,100.0,100.0,100.0,87.2,64.5,77.2,81.4,74.7,58.3
5.7,5.3,5.3,3.8,3.9,13.1,17.9,15.7,12.1,14.2,12.2,8.4,12.8,52.1,43.9,14.5,15.7,5.8,25.6,36.3,30.0,21.3,11.1,6.6,9.2,16.2,24.4,20.0,21.2,20.3,15.4,10.5,10.7,13.6,15.4,12.2,16.7,23.9,36.9,45.2,57.0,75.2,97.5,66.8,95.2,71.1,61.7,60.5,93.4,98.7,97.7,100.0,80.5,100.0,100.0,93.7,92.0,94.2,92.0,99.5,99.0,93.7,72.9,54.5,44.1,38.2,38.3,45.4,55.5,59.6,66.0,67.4,39.7,23.9,87.1,95.1,99.4,98.5,97.5,98.2,99.2,100.0,100.0,100.0,93.4,94.0,95.6,92.1
15.0,7.6,7.2,8.3,9.4,16.5,20.1,17.1,15.4,19.3,13.2,22.0,44.3,43.6,15.1,8.8,12.9,36.0,39.9,23.5,13.3,8.3,7.7,11.4,18.8,26.1,28.5,29.8,30.7,29.4,21.3,14.2,10.1,7.6,11.2,8.6,2.2,8.5,19.8,45.2,53.7,71.6,93.9,98.3,99.9,88.2,99.2,97.8,98.9,100.0,98.4,98.7,99.3,98.0,100.0,100.0,100.0,100.0,98.7,97.9,96.4,96.2,91.4,70.8,50.3,41.4,37.2,44.4,48.4,43.8,44.9,61.3,56.4,31.2,21.0,28.2,57.3,66.4,91.6,86.8,89.4,92.3,96.6,99.1,98.1,96.9,99.4,98.9
14.9,16.6,15.2,16.4,16.2,24.2,26.0,18.2,27.9,20.2,40.9,47.7,55.7,21.2,16.1,25.4,36.4,46.9,32.6,9.8,7.9,11.0,11.4,13.0,13.2,12.0,16.2,26.7,32.6,31.9,25.7,18.6,16.9,17.9,12.9,10.2,8.0,2.8,2.3,4.6,27.7,44.3,68.1,84.7,88.0,91.5,94.7,96.7,96.8,99.2,100.0,99.9,98.5,94.7,97.3,100.0,99.4,98.1,97.1,97.9,98.8,97.5,97.4,98.1,89.4,57.7,38.4,31.6,29.4,34.2,40.7,38.5,42.1,59.7,50.3,28.1,20.7,19.0,12.4,10.3,30.8,74.6,78.8,84.5,87.1,96.1,99.6,96.8
7.9,10.7,10.5,18.2,35.1,39.1,25.8,30.6,33.6,38.0,58.9,42.9,31.0,23.9,30.0,33.7,34.3,36.3,15.2,6.4,10.2,15.9,20.0,21.5,17.3,9.3,6.9,11.9,14.9,18.0,18.9,17.6,15.2,14.5,13.6,11.9,10.4,10.9,9.2,4.3,0.9,1.7,5.7,7.7,9.0,35.1,58.1,79.0,96.1,100.0,100.0,100.0,100.0,95.2,87.1,75.6,68.7,71.3,79.3,85.8,90.3,94.2,97.7,98.0,95.8,90.1,84.5,75.3,59.1,39.2,27.5,29.9,37.0,33.0,32.3,42.7,39.8,24.8,14.2,12.1,14.6,34.2,58.6,76.4,88.5,87.2,86.9,85.0
38.8,31.9,39.2,24.2,26.6,32.8,26.2,46.2,40.3,56.6,51.7,37.6,33.4,22.7,19.2,17.0,14.3,6.7,7.2,9.0,7.6,11.4,18.2,21.0,21.9,22.2,11.3,4.5,7.4,6.2,7.1,7.6,8.3,10.6,12.4,10.5,7.3,7.6,8.5,9.0,8.8,8.6,9.0,7.4,8.5,10.3,4.5,0.2,1.7,8.4,17.3,26.3,31.1,30.9,27.6,22.9,18.3,14.4,12.7,12.4,12.9,12.8,11.6,11.7,17.1,28.1,45.7,67.9,85.0,90.7,85.5,69.0,43.8,29.8,30.5,28.3,20.8,15.1,11.1,9.6,7.5,16.3,32.2,45.3,63.9,88.9,98.2,100.0
18.3,32.5,68.7,40.8,30.3,24.9,36.5,51.3,52.2,58.2,42.7,36.5,32.2,25.7,26.5,13.9,5.1,10.1,22.8,38.2,38.0,33.6,27.9,23.7,22.7,22.3,24.8,15.7,4.4,5.5,4.8,4.5,5.1,6.8,8.8,10.0,9.7,10.2,12.3,13.4,13.3,12.3,12.4,12.6,12.2,11.9,12.9,14.4,15.8,16.2,16.6,15.9,15.5,15.6,13.3,11.8,12.8,14.2,14.1,13.4,13.0,13.0,15.0,17.6,16.7,12.7,7.0,3.1,5.2,16.1,32.7,44.6,50.8,56.5,55.2,40.9,29.6,21.8,13.6,9.0,10.3,9.3,11.5,21.4,31.2,60.5,96.8,100.0
0.0,8.9,24.0,25.3,19.9,35.2,51.5,55.5,48.0,56.9,39.1,33.5,26.1,30.8,24.4,15.4,15.7,42.9,77.8,84.4,79.3,67.3,50.3,36.5,27.8,25.3,28.4,30.4,28.3,20.0,15.1,14.1,14.0,13.0,13.3,14.8,15.3,14.9,15.3,15.6,14.9,13.2,11.6,8.7,6.9,5.9,5.0,5.3,5.5,5.7,6.2,6.4,6.8,7.9,9.5,9.7,8.0,6.7,6.9,7.3,8.3,10.8,17.4,26.9,35.9,56.7,73.5,67.4,48.4,21.5,6.6,5.0,7.6,8.4,7.2,10.9,20.7,27.2,24.4,19.5,16.1,10.1,14.8,21.9,24.2,23.2,33.4,44.9
16.7,21.9,30.0,43.6,55.6,54.4,40.9,58.8,68.8,52.0,52.6,38.8,24.5,21.2,21.8,15.0,33.7,89.7,100.0,100.0,97.7,86.5,66.4,47.5,39.8,33.9,30.7,30.9,27.1,25.0,24.9,26.6,28.0,28.5,28.6,28.9,28.0,27.4,27.1,27.5,28.2,28.5,29.5,29.0,28.3,29.5,29.0,28.4,29.7,30.9,31.3,29.3,28.8,23.2,15.5,12.8,13.2,14.5,17.5,21.3,21.9,17.5,12.1,14.3,39.0,59.5,56.8,76.7,99.5,99.1,95.5,82.7,48.8,24.4,13.9,9.3,5.9,4.9,8.8,16.2,19.9,18.4,30.9,65.4,63.7,50.7,40.9,29.6
20.0,17.1,16.0,19.1,24.5,34.2,42.2,45.0,57.7,65.9,49.0,52.2,34.7,29.0,20.2,20.3,58.0,95.7,98.8,97.9,93.1,89.7,87.2,80.8,63.5,45.8,35.1,29.3,26.1,23.6,23.4,23.8,24.7,25.1,26.4,28.6,28.4,28.2,30.4,30.1,28.6,28.1,28.0,27.9,27.3,29.9,33.6,36.5,40.8,43.2,41.4,40.0,41.2,42.3,44.4,44.4,41.1,38.9,40.3,45.4,47.0,38.2,21.9,9.4,13.8,40.8,72.6,73.9,49.5,55.3,83.9,96.2,89.9,80.2,77.9,75.7,67.7,57.0,35.1,28.3,38.9,51.4,52.8,60.0,86.6,95.3,86.6,70.6
19.9,31.8,40.4,32.4,11.5,18.6,42.5,46.8,48.9,53.1,43.5,43.9,37.7,30.7,13.9,32.5,67.7,90.7,87.7,75.7,63.4,56.8,58.1,67.3,76.1,72.0,55.7,36.3,27.6,25.1,24.8,25.7,26.4,24.1,21.9,20.4,19.3,18.2,17.4,17.3,16.8,16.1,15.8,15.5,15.0,14.5,15.5,17.0,19.6,24.2,28.3,30.4,30.9,32.4,40.2,47.9,52.5,57.7,65.3,71.8,74.7,66.9,43.6,12.4,8.6,20.0,43.3,64.6,70.2,65.4,41.2,18.5,18.9,37.3,51.3,58.8,78.4,84.1,88.8,79.7,77.4,90.2,97.9,97.6,98.0,97.6,96.1,85.5
20.3,26.4,34.1,39.3,33.9,4.2,10.3,20.0,24.2,27.8,23.7,25.2,24.2,17.3,16.5,39.6,61.6,70.5,67.5,63.1,66.8,59.2,50.3,49.1,64.7,75.2,67.6,52.2,40.8,30.3,27.3,27.4,28.6,25.4,19.8,18.4,17.8,17.5,19.0,22.8,28.1,32.2,34.4,36.1,37.7,38.5,40.4,42.4,42.8,41.2,37.5,33.9,30.4,27.4,27.8,30.4,32.9,37.3,42.4,56.1,76.8,82.3,65.4,24.4,11.6,28.3,46.6,65.8,72.3,73.1,76.3,81.1,80.8,65.0,29.7,11.2,27.6,61.8,74.0,79.7,88.6,84.3,95.5,100.0,100.0,98.8,91.5,85.2
27.8,32.0,36.5,35.9,33.7,33.3,6.4,1.8,5.8,5.9,8.1,9.7,9.6,11.3,20.3,36.2,49.3,61.0,71.8,76.1,76.0,70.0,66.1,52.2,45.7,61.9,75.1,67.3,56.2,44.4,32.0,27.5,29.2,30.6,27.3,22.7,23.8,23.9,25.5,31.7,38.1,41.5,43.8,45.0,45.3,45.5,48.4,52.1,55.0,56.9,58.5,56.7,51.0,43.2,37.4,34.3,32.0,29.9,29.6,35.7,52.8,75.6,78.8,52.8,21.3,27.5,55.1,67.6,73.1,83.3,93.9,97.5,94.5,91.8,83.3,55.4,23.8,17.8,45.2,71.7,65.5,80.6,95.2,90.3,92.6,92.8,91.4,87.6
49.2,45.4,46.2,47.6,44.1,32.1,29.8,27.1,4.4,0.9,5.0,6.5,7.0,8.5,13.7,24.8,40.0,55.4,66.5,71.6,76.1,78.4,78.1,72.4,56.8,47.4,61.7,75.2,64.9,52.2,44.7,39.1,34.9,36.1,40.4,40.0,39.3,37.3,35.3,37.6,42.7,47.1,49.0,46.9,41.9,38.9,37.8,37.4,38.8,42.4,45.7,48.8,51.2,52.6,53.2,53.1,49.9,42.6,35.0,31.1,35.5,53.9,74.9,77.9,65.8,41.2,29.6,48.7,69.5,74.4,83.4,97.6,99.0,97.2,95.3,89.4,66.1,30.5,17.1,40.3,74.2,70.4,61.7,78.3,84.4,84.7,83.2,80.3
28.4,38.8,45.0,49.1,52.2,51.1,46.1,36.1,33.5,39.5,32.5,20.7,15.8,15.3,15.9,17.6,24.3,40.2,59.3,74.6,83.6,85.7,86.0,86.5,79.4,65.8,65.5,75.4,73.7,62.7,51.4,44.4,43.2,45.0,47.5,47.2,45.5,44.0,41.1,41.5,44.8,45.5,45.4,42.2,38.0,35.5,33.1,31.7,33.3,35.9,36.9,37.8,41.4,46.6,49.7,53.0,55.0,54.7,53.4,47.9,39.4,37.3,46.4,64.5,76.3,76.1,62.8,37.3,29.9,53.8,70.7,83.5,94.5,97.8,96.4,96.0,94.0,83.4,37.2,14.9,47.6,86.1,78.4,68.3,68.0,70.8,73.1,72.6
69.8,71.2,64.6,55.0,47.0,47.5,56.6,63.7,60.1,51.1,45.0,45.8,48.9,51.7,52.8,53.4,55.4,61.1,69.1,76.7,82.8,87.1,87.2,80.3,71.3,65.5,66.5,73.5,71.7,63.9,58.0,55.0,57.5,57.2,54.3,53.1,53.2,53.5,52.8,54.8,56.3,54.1,51.5,47.5,42.2,37.6,34.2,32.7,32.8,32.6,31.4,30.9,33.1,37.4,43.0,48.2,52.1,57.3,62.9,65.6,61.5,50.5,37.0,28.5,30.3,41.0,53.1,55.9,46.8,27.8,33.0,53.6,70.3,87.5,94.7,99.7,100.0,97.4,93.8,59.1,20.7,65.3,96.3,83.6,70.5,59.6,52.9,54.2
43.4,51.1,61.0,72.7,83.1,89.2,91.1,91.4,92.4,94.8,90.3,77.0,64.7,58.5,57.3,57.7,59.2,62.6,67.1,71.0,71.6,67.6,61.2,55.3,54.9,59.3,62.6,64.6,66.7,67.6,66.5,65.7,67.0,68.1,67.7,68.6,68.5,68.9,69.7,70.2,69.2,67.1,64.1,60.4,54.0,44.3,38.8,37.5,38.0,38.0,37.1,35.9,36.0,38.0,41.5,45.2,47.9,52.3,58.9,65.1,68.2,62.2,48.2,33.8,23.6,17.9,15.4,19.7,34.0,43.2,28.6,17.7,33.1,53.5,82.4,97.3,100.0,100.0,100.0,98.6,59.9,35.3,81.8,89.0,68.8,44.8,36.4,37.2
57.7,50.1,43.9,40.6,40.9,44.2,50.3,57.9,66.2,75.9,85.9,94.7,100.0,100.0,100.0,96.9,90.0,83.3,78.4,74.4,70.0,62.8,54.7,49.2,48.3,53.2,60.0,66.1,71.4,79.5,85.1,86.9,85.6,83.5,82.5,82.8,82.5,80.6,76.5,74.7,75.6,76.6,75.3,72.9,69.5,62.4,53.5,49.1,48.1,48.0,50.4,52.5,50.9,49.2,50.1,52.0,52.7,53.1,54.0,55.8,58.2,58.7,54.6,45.9,35.5,26.2,19.5,13.5,11.2,18.3,30.5,26.5,14.6,28.0,54.8,89.6,99.4,100.0,100.0,100.0,73.9,34.9,49.8,65.3,57.3,45.5,37.1,31.4
100.0,100.0,100.0,100.0,100.0,100.0,95.1,86.3,79.0,72.7,67.0,64.8,67.3,74.8,82.5,89.8,95.8,99.9,99.8,98.1,95.7,95.0,94.9,91.8,85.7,78.5,72.5,69.1,68.4,70.6,74.4,78.3,81.9,84.4,85.7,85.0,82.4,80.0,79.3,82.3,86.0,87.8,86.9,83.7,79.9,75.7,69.6,64.6,60.2,57.5,58.8,61.2,62.0,60.7,59.1,58.0,55.9,52.5,50.1,52.2,59.2,64.8,62.2,47.6,30.8,18.9,12.1,9.2,7.1,7.6,16.2,29.0,24.3,13.2,30.9,70.1,95.4,99.2,99.6,100.0,100.0,30.0,18.7,38.0,44.7,40.4,33.2,28.2
68.0,71.4,74.6,77.1,79.1,81.3,84.2,87.2,89.6,94.3,99.7,100.0,100.0,100.0,100.0,99.1,94.6,92.1,92.7,92.9,93.2,94.7,95.7,96.8,96.4,95.6,95.9,97.4,98.8,98.6,96.4,94.0,91.8,88.9,85.3,80.8,76.6,74.6,76.8,83.1,91.2,97.6,97.6,95.3,92.8,90.9,87.8,81.6,76.5,72.1,69.7,67.4,65.1,62.5,58.6,55.7,53.5,52.3,54.0,57.4,60.8,59.9,49.7,34.6,21.6,12.6,7.0,4.5,3.7,2.9,9.6,23.6,30.1,19.5,13.1,42.6,83.2,96.2,97.7,99.8,99.0,75.6,33.7,25.9,29.0,34.4,37.6,38.4
17.2,23.0,29.3,35.9,44.0,53.4,64.9,75.9,84.1,89.5,91.1,91.1,93.5,97.1,99.7,98.8,98.7,98.1,97.7,97.9,98.0,98.3,97.9,98.2,98.6,99.1,99.8,99.8,100.0,100.0,100.0,100.0,100.0,100.0,100.0,100.0,100.0,98.7,98.3,98.4,98.6,99.0,99.2,99.2,98.6,98.2,97.9,96.4,93.4,91.4,88.4,83.7,80.1,74.8,68.5,63.1,60.0,61.2,64.2,65.0,61.9,51.9,38.4,25.5,15.0,8.3,4.1,1.9,1.4,1.3,6.8,25.4,45.2,40.9,16.9,17.9,52.2,84.7,93.2,93.4,97.6,84.0,68.1,80.5,81.9,71.6,61.7,51.5
5.6,5.2,4.4,3.6,2.9,3.7,5.6,9.0,13.6,18.5,25.0,33.7,44.1,54.9,63.5,70.2,78.4,85.0,88.1,88.3,88.4,87.0,85.2,85.1,86.4,86.3,84.5,84.2,85.5,88.4,91.6,94.3,98.2,100.0,100.0,100.0,100.0,100.0,100.0,100.0,100.0,99.4,99.6,99.4,99.3,99.2,98.7,98.6,98.8,99.4,99.8,99.7,98.8,97.5,91.9,83.5,76.7,72.6,71.5,69.1,65.3,55.3,39.1,23.6,12.8,6.7,3.0,0.7,1.2,6.1,14.0,29.1,53.6,64.0,43.1,13.1,20.4,49.2,71.0,76.0,70.4,79.8,85.3,84.8,88.3,94.7,78.8,63.6
10.0,8.3,7.9,7.6,8.0,8.3,8.5,8.7,8.6,8.5,7.7,6.8,5.4,4.2,3.6,3.1,2.6,2.3,2.2,4.2,18.7,58.7,66.2,65.9,69.7,72.3,74.7,75.0,65.6,57.3,49.2,44.3,44.2,47.1,54.1,65.5,75.0,82.3,89.7,96.7,100.0,100.0,99.2,98.2,98.3,98.5,98.9,98.5,97.8,95.3,94.2,97.8,99.1,98.9,99.0,98.0,93.3,87.5,82.9,78.4,72.1,59.2,41.6,24.0,12.8,7.2,4.2,0.9,2.3,18.0,40.7,45.3,57.0,73.6,71.3,35.1,8.0,15.4,36.2,45.7,55.1,51.8,71.2,92.7,95.9,99.5,59.5,59.2
9.1,9.0,9.1,9.3,9.5,10.2,11.3,11.8,12.9,13.0,13.3,13.2,12.4,10.8,9.1,7.6,6.6,6.2,6.0,6.1,6.1,5.4,4.0,0.0,0.0,0.3,3.9,5.2,2.8,0.5,0.0,0.0,0.8,2.2,4.2,7.4,11.3,15.4,24.5,42.1,57.4,63.9,68.3,74.3,78.8,81.0,83.4,87.6,94.1,98.6,99.5,100.0,100.0,100.0,100.0,99.6,99.4,99.0,96.6,89.3,74.7,53.7,32.1,18.3,11.9,8.5,5.9,1.5,4.2,38.1,86.5,78.2,65.1,77.6,87.3,57.8,14.6,3.3,11.9,23.8,27.7,32.2,55.1,96.8,93.2,91.4,46.8,53.6
3.0,2.7,2.0,2.0,2.2,2.5,3.3,3.4,4.6,6.7,6.8,6.6,6.2,5.1,4.7,3.8,3.3,3.3,3.1,2.6,2.5,2.4,1.7,2.6,4.7,6.1,6.8,7.0,7.4,7.3,6.6,5.6,4.7,4.1,3.5,2.9,2.1,1.5,1.0,0.6,0.9,1.9,4.0,9.1,17.1,24.9,32.1,40.5,52.1,65.2,76.6,90.5,100.0,100.0,100.0,100.0,100.0,99.9,99.7,91.3,69.4,44.6,24.7,15.9,13.0,10.9,6.8,2.1,15.1,67.8,100.0,98.9,87.0,84.0,94.5,74.6,24.3,6.8,7.9,15.1,18.4,16.1,58.9,97.9,90.7,96.0,52.6,56.4
4.5,3.5,3.4,2.5,1.1,2.9,3.8,7.9,25.9,56.0,92.7,97.8,79.5,56.1,27.4,18.8,11.0,4.1,1.7,1.0,2.5,6.4,10.1,12.0,11.9,12.1,12.4,11.3,9.9,8.9,9.2,9.8,10.8,11.1,10.7,9.9,8.8,7.2,5.9,5.5,5.5,5.6,5.7,5.6,5.6,5.6,5.9,5.7,5.8,5.2,7.4,25.1,75.4,100.0,100.0,100.0,100.0,100.0,96.7,78.9,49.5,27.1,17.2,15.2,13.7,10.1,6.8,11.1,36.8,100.0,100.0,100.0,100.0,89.9,93.9,85.4,40.5,14.3,17.0,26.2,14.5,9.4,95.2,100.0,100.0,100.0,83.3,73.4
6.1,3.9,1.5,1.8,17.6,66.3,92.0,98.7,100.0,100.0,99.9,100.0,100.0,98.7,97.4,82.0,58.1,33.0,20.5,15.1,18.2,21.3,20.3,16.4,14.0,13.9,14.1,16.4,22.0,33.0,40.4,53.5,57.8,54.4,49.5,43.0,35.8,28.2,23.0,20.7,19.1,17.5,15.8,14.6,13.0,11.1,9.0,8.2,12.1,27.7,71.3,100.0,100.0,100.0,100.0,100.0,100.0,98.7,83.7,49.3,25.8,16.1,16.3,18.4,16.1,11.7,16.0,39.2,80.0,97.4,100.0,100.0,99.5,91.8,92.6,96.3,57.6,13.4,20.6,37.5,16.0,26.1,100.0,100.0,100.0,100.0,100.0,100.0
17.3,11.2,13.6,24.8,56.6,98.4,100.0,100.0,100.0,100.0,100.0,100.0,100.0,100.0,98.3,96.7,99.0,88.9,77.7,50.6,33.4,26.7,23.9,22.7,21.6,23.1,27.5,34.4,48.9,59.7,76.4,91.5,88.3,83.1,76.2,64.7,50.8,37.0,26.9,19.8,16.9,15.8,14.7,12.4,9.5,16.1,36.0,58.3,78.8,100.0,100.0,100.0,100.0,100.0,100.0,100.0,100.0,89.0,52.4,26.6,17.0,19.2,24.7,24.9,21.1,26.3,57.6,91.4,100.0,100.0,100.0,84.4,81.2,84.1,92.9,100.0,89.5,20.4,16.3,60.5,45.5,35.4,100.0,100.0,100.0,100.0,100.0,100.0
33.6,21.2,13.0,23.2,52.4,90.4,99.3,99.7,99.5,99.9,100.0,100.0,100.0,100.0,99.0,96.6,80.4,68.1,61.1,55.4,40.0,30.9,27.3,25.6,26.9,30.0,34.2,46.0,60.9,70.6,83.1,89.7,90.4,89.3,84.8,78.1,74.1,83.3,92.7,94.7,92.3,89.5,89.4,95.0,100.0,100.0,100.0,100.0,100.0,100.0,100.0,100.0,100.0,100.0,100.0,100.0,88.6,55.9,33.3,24.9,29.6,37.6,41.1,36.9,53.8,100.0,99.7,100.0,100.0,98.6,68.4,40.1,45.5,70.0,92.7,100.0,100.0,60.6,15.1,57.8,82.6,54.2,86.1,100.0,100.0,100.0,100.0,100.0
45.5,38.3,29.1,17.4,9.9,15.0,38.5,73.0,99.9,100.0,100.0,100.0,100.0,100.0,85.0,73.7,68.8,66.7,59.1,47.1,37.5,32.5,32.3,32.1,32.2,32.9,34.1,39.7,52.1,63.4,77.6,89.6,92.2,88.4,82.9,81.0,83.8,87.3,97.9,100.0,100.0,100.0,100.0,100.0,100.0,100.0,100.0,100.0,99.8,100.0,100.0,100.0,100.0,100.0,97.9,75.5,52.8,39.8,35.1,46.1,65.9,75.0,82.0,100.0,100.0,100.0,100.0,100.0,100.0,72.4,43.7,29.3,34.9,71.5,94.9,100.0,98.9,98.1,47.7,29.9,81.8,83.7,69.4,97.6,99.7,100.0,100.0,100.0
38.9,43.0,43.9,41.8,35.3,26.4,14.3,4.9,0.6,4.9,12.3,35.1,61.7,66.1,72.0,76.4,75.5,64.7,51.2,45.0,44.8,44.4,40.7,38.8,39.7,39.0,40.8,46.7,55.5,64.1,74.8,85.8,90.6,93.2,94.9,94.0,90.7,96.5,98.9,99.3,100.0,100.0,100.0,100.0,100.0,100.0,99.7,99.9,100.0,100.0,100.0,100.0,97.4,80.7,62.0,48.7,44.2,46.2,58.0,100.0,100.0,100.0,100.0,100.0,100.0,100.0,100.0,100.0,74.8,52.0,48.7,59.3,61.2,71.4,91.9,98.6,98.3,99.5,98.7,53.6,47.7,92.2,93.1,79.2,98.4,98.7,98.8,100.0
25.2,28.9,33.8,39.0,42.1,42.5,40.6,39.1,38.2,51.0,78.0,97.0,100.0,100.0,95.8,87.1,72.0,60.8,56.8,53.9,48.9,45.3,47.1,51.2,54.6,58.9,62.7,63.7,66.5,70.5,75.2,82.5,88.5,90.2,91.2,92.7,92.7,88.8,89.8,98.0,99.1,100.0,100.0,100.0,100.0,100.0,99.9,100.0,100.0,100.0,90.0,78.4,69.3,62.3,56.6,50.5,48.8,59.6,99.2,100.0,100.0,100.0,100.0,100.0,100.0,100.0,100.0,96.1,80.5,65.1,69.6,84.0,89.3,88.9,92.2,95.9,97.1,96.4,98.4,100.0,74.8,62.9,99.1,100.0,96.9,97.1,99.1,99.0
27.1,31.1,36.9,45.3,55.2,63.9,70.8,88.0,100.0,100.0,100.0,100.0,100.0,100.0,99.1,85.6,74.6,65.2,57.7,51.8,53.1,59.5,68.0,74.0,78.7,84.2,88.6,90.6,92.0,94.6,96.4,96.7,97.1,97.1,92.4,84.4,78.3,82.8,89.0,84.8,82.5,90.8,100.0,99.2,99.1,98.6,96.8,94.1,92.3,90.4,86.5,80.6,71.6,62.6,55.7,53.3,56.8,66.6,96.2,100.0,100.0,100.0,100.0,100.0,100.0,100.0,100.0,100.0,99.0,89.3,73.4,67.6,67.7,74.0,88.8,95.1,97.3,98.4,98.4,98.3,100.0,100.0,80.3,97.6,100.0,100.0,100.0,100.0
