wind-weather/data/weather/current/current-relative_humidity-surface-level-gfs-1.0.json
{"header": {"discipline":0,"disciplineName":"Meteorologicalproducts","gribEdition":2,"gribLength":67911,"center":7,"centerName":"USNationalWeatherService-NCEP(WMC)","subcenter":0,"refTime":"2015-09-28T00:00:00.000Z","significanceOfRT":0,"significanceOfRTName":"Analysis","productStatus":0,"productStatusName":"Operationalproducts","productType":0,"productTypeName":"Analysisproducts","productDefinitionTemplate":0,"productDefinitionTemplateName":"Analysis/forecastathorizontallevel/layeratapointintime","parameterCategory":1,"parameterCategoryName":"Moisture","parameterNumber":1,"parameterNumberName":"Relative_humidity","parameterUnit":"percent","genProcessType":0,"genProcessTypeName":"Analysis","forecastTime":0,"surface1Type":100,"surface1TypeName":"Isobaricsurface","surface1Value":100000.0,"surface2Type":255,"surface2TypeName":"Missing","surface2Value":0.0,"gridDefinitionTemplate":0,"gridDefinitionTemplateName":"Latitude_Longitude","numberPoints":65160,"shape":6,"shapeName":"Earthsphericalwithradiusof6,371,229.0m","gridUnits":"degrees","resolution":48,"winds":"true","scanMode":0,"nx":360,"ny":181,"basicAngle":0,"subDivisions":0,"lo1":0.0,"la1":90.0,"lo2":359.0,"la2":-90.0,"dx":1.0,"dy":1.0}, "data":
[rows 76 to 113 of 181, columns 168 to 251 of 360]
73.6,73.6,71.3,74.6,73.4,71.7,74.2,74.6,74.3,72.0,67.3,66.9,69.1,72.0,73.2,73.8,73.0,70.1,74.0,74.0,72.8,70.2,69.7,69.6,64.9,69.9,68.4,68.3,69.6,68.1,69.6,72.0,72.8,76.1,76.2,72.4,72.3,72.6,72.5,77.2,78.3,78.8,78.5,79.1,79.5,80.4,81.5,76.9,74.8,77.5,80.9,83.4,82.6,81.9,79.8,77.4,75.3,72.8,73.3,75.8,75.8,74.6,73.9,73.4,71.1,69.3,69.9,71.0,69.1,68.3,71.5,71.0,77.5,75.4,72.8,69.7,68.5,69.7,69.1,67.0,66.8,69.7,70.7,65.5
72.4,70.9,73.0,72.9,72.9,73.3,73.0,72.7,69.4,68.6,68.3,69.4,72.9,74.7,76.4,73.5,75.1,71.1,70.6,71.8,73.7,72.3,72.8,66.9,66.9,67.3,68.6,68.8,68.0,66.9,67.4,68.3,67.5,71.2,74.0,75.2,72.5,71.9,71.6,72.5,73.7,78.7,77.9,78.6,79.7,79.8,78.6,77.1,78.1,82.1,83.3,82.0,80.4,76.2,75.1,73.9,73.1,71.6,70.0,71.1,74.7,73.0,72.4,69.3,68.3,69.6,69.9,68.4,70.6,69.3,72.1,75.6,71.9,71.3,72.5,71.2,69.9,72.0,68.7,67.4,68.4,69.1,71.2,67.6
76.6,75.0,72.8,71.9,73.2,73.7,72.4,72.7,71.8,76.5,75.3,74.8,72.9,77.0,76.1,77.0,74.6,71.5,73.1,72.7,76.4,73.9,73.5,70.7,63.9,68.1,69.1,67.3,72.0,67.2,68.4,68.6,67.7,69.0,69.9,72.3,70.5,70.5,68.8,70.5,72.5,77.2,77.5,78.1,79.3,79.1,79.6,81.4,80.6,80.4,80.3,77.1,75.4,71.5,72.5,72.6,69.9,68.7,69.4,68.5,70.5,73.2,70.3,70.4,69.0,69.6,69.5,69.9,69.7,74.3,75.4,76.6,71.6,71.7,74.2,73.5,71.3,71.2,71.3,71.8,71.7,73.1,72.4,72.4
72.2,74.3,74.0,70.5,68.4,70.8,71.3,73.9,76.5,77.4,79.1,74.5,72.5,72.2,75.7,73.0,73.9,73.6,74.7,73.6,74.6,72.0,72.4,71.6,68.7,65.3,65.4,69.6,71.0,67.0,66.0,67.2,67.2,68.7,70.7,72.1,68.9,68.6,66.9,70.1,71.3,74.5,77.4,77.0,76.4,79.4,78.6,78.2,73.9,73.6,74.0,77.6,76.0,73.9,69.3,68.3,70.4,69.4,66.8,69.2,69.7,73.4,72.9,72.4,73.0,72.6,72.1,72.5,75.1,76.0,74.2,74.9,72.5,74.7,74.7,74.2,72.2,73.7,72.8,74.3,74.8,76.2,81.4,81.8
71.4,70.5,70.3,70.2,71.4,72.9,74.2,72.0,71.8,69.1,71.2,70.8,67.5,73.4,74.6,73.6,74.3,73.8,78.0,73.5,72.0,71.9,73.4,70.7,72.1,68.9,66.4,64.3,70.7,66.6,65.8,66.3,66.7,68.5,70.2,71.3,67.5,67.1,67.1,66.0,71.8,73.7,76.8,76.0,72.3,73.6,73.7,73.5,73.4,70.6,72.9,73.7,71.4,70.1,70.4,69.3,69.9,69.6,67.4,68.5,69.3,72.7,72.9,71.8,72.1,73.8,74.2,74.8,77.0,75.0,75.1,73.6,73.7,73.4,73.6,73.1,71.1,73.6,73.1,73.7,77.9,79.3,81.1,79.9
74.5,76.1,72.0,74.6,76.8,71.5,72.8,72.0,70.7,71.1,73.4,71.5,68.7,73.1,75.9,74.9,76.0,78.1,77.4,72.6,69.8,72.9,75.2,72.2,73.6,68.8,66.4,67.4,68.5,65.2,64.8,67.2,68.7,71.2,71.4,70.4,69.4,67.7,65.7,66.2,69.3,73.3,76.3,70.9,70.0,71.4,70.9,68.6,69.1,71.6,71.4,71.7,71.5,72.6,73.8,72.7,71.8,71.1,71.2,73.5,67.8,67.5,69.2,72.7,73.5,73.9,74.5,74.6,74.7,70.1,70.4,73.5,75.1,76.7,72.8,77.6,77.0,76.5,73.4,75.0,78.8,75.8,74.1,72.7
75.2,74.7,72.7,73.1,73.7,75.3,74.2,73.4,76.8,75.0,69.6,68.4,68.9,72.5,71.6,72.1,74.6,73.3,75.0,71.5,70.0,71.5,72.1,72.9,72.4,69.4,67.3,65.7,70.0,67.7,68.5,73.2,70.3,70.7,72.6,69.9,70.3,69.1,69.8,67.5,65.1,72.4,75.1,68.8,69.5,67.7,68.1,67.8,70.7,70.9,69.9,71.5,71.9,75.5,75.2,72.0,72.2,70.3,69.1,72.1,70.0,68.5,69.4,67.6,67.7,68.5,71.4,69.1,71.5,75.9,80.3,78.6,78.8,78.7,82.5,78.2,73.3,72.3,68.6,69.4,71.2,68.2,69.7,70.9
79.1,76.0,74.8,73.8,73.8,74.6,75.6,74.7,73.9,73.4,71.3,69.6,68.5,68.0,69.0,72.8,75.8,74.1,72.7,70.5,71.4,72.0,70.4,70.0,70.8,72.2,70.6,66.5,65.9,67.2,69.3,68.0,70.7,69.9,68.4,67.9,69.4,71.3,69.4,69.3,67.2,69.3,67.9,68.6,68.0,70.0,72.3,73.8,72.9,71.7,73.1,70.7,74.4,75.1,72.2,70.5,70.5,72.4,71.6,73.0,69.4,69.0,69.7,71.0,71.2,74.6,74.0,76.9,75.7,80.7,82.1,77.8,77.5,76.6,74.3,77.3,72.7,70.2,68.9,70.7,69.3,68.8,71.2,73.0
78.2,75.9,73.4,72.7,72.1,71.0,76.3,73.4,71.6,70.2,72.0,71.6,70.7,69.2,69.4,69.9,73.0,70.9,72.6,73.0,72.6,70.8,68.3,70.6,70.8,69.9,69.4,68.0,67.6,70.5,68.1,69.6,69.9,66.8,68.8,66.8,67.3,71.6,68.2,66.3,65.5,66.1,65.7,69.0,68.0,71.3,73.3,76.1,74.7,74.5,74.1,72.6,73.3,74.9,71.6,71.4,74.6,74.3,74.1,74.5,74.1,77.0,72.0,70.0,72.9,75.9,74.5,81.4,78.3,77.1,79.7,76.4,75.6,75.0,73.0,73.5,71.1,70.0,70.8,70.3,67.5,68.8,72.1,72.2
78.8,78.4,72.8,70.9,68.8,68.4,70.7,72.8,71.1,71.1,69.2,69.3,68.6,70.2,70.4,70.4,71.3,69.8,74.1,70.3,71.9,72.9,68.9,70.4,71.1,70.1,68.8,68.8,67.0,69.7,68.2,66.3,65.1,66.1,68.3,70.6,72.1,73.1,73.5,70.6,69.1,67.3,66.2,68.2,69.9,73.7,75.6,75.5,74.4,74.9,74.1,72.8,74.3,75.4,73.9,72.7,75.7,75.1,75.6,76.4,76.9,77.4,78.8,77.9,76.3,76.8,78.5,79.3,78.7,78.0,75.8,74.1,73.1,73.6,72.0,71.8,70.8,71.7,71.2,68.9,66.8,69.2,70.3,72.2
77.5,78.0,77.5,76.0,74.1,70.5,69.6,71.6,71.7,72.5,76.9,70.2,69.0,69.5,72.0,72.5,69.3,70.0,71.8,70.3,71.0,71.7,72.1,70.2,70.9,69.6,66.8,65.9,66.8,63.2,62.9,66.2,68.8,69.5,69.1,68.5,67.0,71.5,81.5,71.2,67.9,65.9,70.3,70.3,69.1,74.7,74.7,75.8,73.1,73.8,73.3,73.5,75.8,75.8,76.7,74.4,74.8,76.2,78.0,77.9,77.6,77.8,77.3,78.8,77.8,79.7,78.9,77.8,78.3,76.2,74.5,72.7,72.5,71.4,70.8,70.3,71.0,71.4,70.5,69.3,67.9,69.8,70.7,72.1
77.9,76.9,77.0,75.8,76.4,78.8,76.4,76.0,74.0,75.5,75.3,69.4,71.6,69.6,69.7,71.0,69.4,71.2,71.0,71.7,71.3,68.5,70.1,70.5,68.8,68.5,67.0,66.0,66.4,63.4,65.8,65.1,65.1,67.8,69.0,66.3,65.2,65.0,69.1,64.2,66.0,70.2,69.4,68.2,69.8,77.4,74.8,74.6,73.9,74.0,75.2,76.1,75.7,75.9,76.6,75.7,74.3,74.0,76.7,77.6,77.5,76.3,76.3,76.1,77.5,77.8,78.5,77.2,76.8,75.5,74.1,71.7,71.1,69.3,68.6,68.3,69.8,72.2,71.0,70.3,68.5,69.2,69.7,72.9
75.8,76.2,76.4,77.7,75.9,77.3,75.7,75.6,75.0,80.2,70.0,71.4,69.4,68.2,69.2,70.8,70.2,70.2,70.4,68.6,69.6,68.2,70.0,71.6,67.8,68.7,69.9,70.9,64.4,63.6,65.0,65.5,67.9,70.7,68.8,69.8,64.0,63.1,70.2,68.8,68.3,71.5,74.1,75.2,76.7,76.2,74.2,74.1,72.9,74.2,76.2,75.9,76.2,74.8,75.9,74.6,73.8,73.5,73.8,74.3,75.5,75.0,75.2,75.4,76.1,78.0,76.5,76.2,75.2,73.8,73.0,71.1,69.1,68.9,68.7,67.6,70.7,73.3,72.2,71.8,70.4,70.8,71.2,72.9
75.0,76.3,78.3,78.3,77.4,77.2,76.1,73.6,77.1,68.1,71.5,69.3,67.3,67.4,68.5,68.5,66.9,67.5,71.4,69.4,66.6,69.5,70.0,71.3,70.5,72.6,67.4,65.8,65.2,64.0,69.1,66.4,73.2,73.5,70.5,70.4,71.9,70.4,73.6,75.3,76.6,74.8,76.9,77.4,76.6,75.7,74.4,75.0,76.3,76.5,77.0,76.1,74.8,74.0,74.5,75.0,73.8,73.0,73.5,74.1,73.4,72.8,74.0,73.7,73.7,77.1,75.6,74.5,74.4,71.7,72.4,70.4,67.4,69.0,67.8,68.7,70.9,72.8,72.7,73.7,74.2,74.2,74.3,75.7
74.9,76.7,76.2,77.9,76.7,77.4,76.3,72.2,68.5,75.3,69.9,71.4,70.2,68.8,67.6,63.7,68.1,68.6,70.7,69.9,70.3,70.0,69.5,71.9,72.0,67.7,66.3,74.5,75.9,74.0,69.8,71.2,74.9,77.3,75.3,74.6,73.0,73.1,74.3,75.5,74.0,75.2,77.1,75.9,74.5,73.9,75.4,76.7,76.9,77.2,76.7,75.4,74.5,72.7,72.3,72.9,72.2,72.9,72.6,73.0,73.1,72.3,72.1,72.5,72.4,74.7,72.5,72.7,72.3,71.0,72.4,71.9,69.5,69.8,67.9,68.6,71.5,72.8,71.8,73.3,75.6,76.1,75.8,76.4
69.8,79.3,74.5,75.6,77.1,74.8,73.9,73.4,73.5,73.4,68.4,67.6,69.8,70.8,71.1,71.1,67.6,68.4,66.9,67.1,67.6,71.0,72.0,72.0,71.1,68.2,73.6,73.7,71.0,70.4,73.9,73.9,74.5,75.6,75.4,74.2,73.0,73.0,73.7,75.6,75.7,73.9,74.8,73.5,74.1,73.9,76.5,76.9,76.9,75.4,74.1,72.3,72.0,72.0,70.8,71.8,72.1,70.9,70.9,71.2,72.5,71.7,71.1,71.2,71.6,72.7,71.4,70.3,69.8,70.8,71.2,71.7,70.1,71.3,69.8,68.9,71.5,72.0,71.0,71.5,71.6,71.6,72.5,72.4
76.4,72.5,71.8,71.9,75.6,75.6,74.9,73.7,74.1,71.4,66.5,66.3,65.9,63.9,66.4,65.5,63.5,62.5,70.0,69.5,72.6,70.1,71.9,74.9,72.7,74.2,74.0,73.0,74.0,74.4,73.5,71.6,72.5,75.0,74.3,74.6,72.2,73.1,74.6,75.0,74.4,73.9,74.0,72.8,71.9,73.8,76.4,76.2,74.5,73.1,70.6,68.6,71.8,73.2,72.0,70.2,70.4,69.7,69.7,72.4,72.6,71.8,70.5,69.5,69.6,69.2,68.9,68.6,68.0,69.7,69.3,69.9,69.4,70.4,69.9,70.2,71.3,71.8,70.7,69.8,68.6,68.0,67.6,68.2
72.9,72.5,72.2,71.6,74.1,75.5,74.5,75.2,71.9,66.0,66.3,67.6,65.2,64.5,61.9,67.8,62.5,58.9,66.7,70.9,74.3,75.8,76.0,75.7,72.4,72.8,73.7,75.2,74.0,75.3,72.4,71.6,71.7,74.1,75.3,71.7,73.3,74.9,74.9,74.3,74.5,74.8,73.2,72.1,71.4,71.2,71.6,71.0,70.0,70.7,69.9,70.6,74.4,74.8,74.4,72.2,70.1,68.8,70.7,72.3,72.3,71.4,69.0,68.3,69.5,68.7,67.7,66.7,66.2,66.7,68.9,68.1,67.6,67.3,66.5,68.3,71.0,71.7,69.5,68.2,67.8,66.8,66.7,67.5
72.3,71.4,74.7,75.5,78.1,76.4,73.6,72.2,66.8,65.4,67.1,66.2,65.4,62.6,66.5,65.7,60.3,58.5,64.1,70.1,73.4,73.9,74.3,75.1,73.8,73.0,72.5,71.6,72.6,72.4,73.6,75.1,74.9,73.4,76.3,72.3,72.7,76.7,75.5,73.7,73.3,72.8,71.2,72.9,72.7,71.0,69.6,70.7,70.2,69.4,69.5,70.5,74.4,76.3,75.7,72.3,69.7,68.8,70.9,72.7,73.3,71.7,69.3,68.7,71.0,71.1,69.7,67.7,64.2,66.7,67.0,65.2,65.3,65.2,64.1,67.0,70.6,70.5,69.0,67.9,67.5,68.0,69.1,69.6
74.1,73.2,75.9,78.4,77.1,76.3,73.0,70.6,67.0,66.5,67.2,66.2,62.9,64.7,67.3,65.0,59.0,58.6,63.1,65.4,73.0,75.5,74.3,73.8,75.5,76.5,75.9,74.5,74.3,73.8,74.4,74.1,74.3,74.5,75.3,72.2,68.3,69.4,73.2,73.7,73.7,71.9,71.9,72.3,70.9,70.3,71.6,71.3,70.4,69.8,70.0,70.4,70.0,75.2,76.2,73.0,71.3,69.4,69.7,69.9,70.3,70.2,69.7,69.4,71.8,71.0,69.8,68.6,66.4,67.4,67.1,65.7,66.2,65.0,64.5,67.4,68.1,68.9,68.8,68.8,69.1,69.7,70.6,70.7
74.1,75.9,77.7,78.5,75.5,75.8,72.8,70.4,69.0,69.0,67.4,64.5,65.4,67.4,71.8,66.5,63.9,63.6,64.6,65.6,68.6,74.6,74.0,73.2,73.3,73.5,74.7,76.1,76.1,76.7,74.9,74.7,75.1,75.4,75.7,74.4,71.4,68.7,70.6,72.6,72.8,72.4,70.6,70.7,69.5,70.4,71.2,70.7,70.9,70.5,69.5,69.7,69.5,72.1,74.5,74.9,73.2,72.0,68.7,67.0,65.8,68.0,69.5,71.3,70.1,69.3,71.7,70.0,66.6,66.4,67.9,67.1,66.5,68.9,67.9,67.8,68.4,69.2,68.8,69.1,70.3,71.5,70.6,71.5
75.6,74.2,76.4,77.2,75.8,75.9,74.2,71.6,72.0,71.4,68.8,64.4,68.2,70.0,68.9,73.6,71.3,68.3,69.5,71.5,69.6,72.0,73.0,71.5,72.7,75.4,72.9,72.6,75.6,77.1,76.6,76.3,75.6,76.1,75.8,76.0,74.1,70.6,70.7,72.8,72.7,71.3,69.0,69.4,69.7,69.6,71.9,71.5,71.9,71.4,68.0,67.8,68.3,68.2,71.3,71.2,69.0,68.8,67.6,68.0,68.4,69.8,65.9,65.2,66.1,66.9,67.4,69.1,68.0,68.4,71.2,70.9,69.1,69.2,69.4,70.0,69.4,68.7,69.9,70.4,70.3,70.2,69.3,68.2
77.6,78.0,79.1,76.9,77.3,74.5,73.8,74.0,73.0,71.4,70.6,67.5,72.0,68.6,70.9,70.7,73.7,75.0,72.5,72.0,72.1,70.6,73.1,74.5,75.5,76.4,76.3,73.6,73.4,75.5,75.1,75.4,76.7,76.2,75.9,76.0,75.8,74.6,74.1,73.6,74.5,71.8,69.4,68.7,67.3,71.0,72.7,71.7,69.8,70.0,69.9,68.2,66.7,66.4,66.4,66.9,68.4,67.2,66.3,67.4,72.0,72.3,66.7,66.1,66.6,64.3,64.5,65.8,68.4,72.0,75.1,72.8,68.9,67.5,68.9,69.8,70.1,70.2,70.3,69.9,69.8,70.3,69.5,69.8
78.3,76.3,80.3,78.5,75.6,75.9,75.7,74.9,74.0,72.3,71.7,69.9,73.1,73.0,72.6,71.5,71.3,75.8,74.5,74.1,73.1,75.0,76.5,76.1,75.0,75.8,77.2,76.8,76.5,76.1,75.6,74.3,75.8,75.5,75.4,72.8,75.2,75.2,75.8,76.4,76.3,75.4,73.3,69.8,67.5,66.4,68.5,68.1,68.5,66.9,66.3,67.5,67.2,67.0,65.4,66.1,67.6,68.4,67.6,71.6,73.9,73.6,70.1,67.4,66.6,64.7,63.2,64.2,68.2,73.4,73.7,73.4,69.7,67.8,68.7,69.7,69.6,70.8,70.6,70.1,70.4,73.4,73.4,72.5
80.7,78.5,80.5,78.3,77.1,76.2,77.0,76.3,73.0,77.3,75.9,76.7,75.9,73.9,72.8,71.0,72.1,73.6,75.3,74.7,75.4,76.2,76.7,76.6,77.3,76.8,76.7,76.8,77.2,76.5,75.6,74.6,74.8,75.1,75.9,75.6,75.1,74.8,74.0,73.2,71.2,74.5,74.5,70.8,68.8,67.2,67.3,65.1,68.3,66.8,66.5,66.9,66.8,67.5,65.7,63.7,65.8,66.0,68.4,72.7,76.0,74.8,70.3,68.3,67.5,65.3,63.2,62.8,68.9,72.0,73.8,72.9,70.2,69.0,68.1,68.2,70.5,72.7,71.6,71.8,71.9,72.4,74.1,73.6
80.9,80.2,75.7,78.8,77.0,76.4,76.2,77.1,78.8,77.8,74.1,76.7,77.9,76.0,74.7,74.5,74.9,72.2,74.1,75.2,77.4,77.5,74.7,77.2,78.2,78.5,78.8,79.7,79.9,79.8,78.2,76.8,77.0,75.8,76.6,76.6,75.2,76.2,76.8,77.4,74.8,73.4,72.7,73.5,71.8,69.6,69.7,68.6,67.7,66.6,65.9,67.7,67.4,66.0,66.5,62.2,62.6,67.1,68.6,71.1,75.5,74.9,71.3,69.4,69.9,67.9,64.8,65.7,69.1,72.3,73.6,73.7,71.6,71.3,70.2,68.7,69.2,70.9,71.3,72.8,75.2,73.1,70.6,71.1
82.0,80.7,79.4,76.9,76.3,77.0,76.9,77.0,76.7,77.7,76.4,76.2,78.0,77.3,76.9,75.0,73.2,75.0,74.7,76.8,77.3,75.6,76.6,79.2,79.8,79.8,79.8,80.2,81.1,82.7,82.4,82.4,81.8,80.3,80.2,78.5,77.7,78.0,77.5,77.7,76.1,73.6,73.4,74.3,73.3,73.0,70.2,70.9,70.8,66.7,64.8,67.1,68.1,65.3,66.4,64.0,63.8,69.1,70.2,72.5,72.8,70.5,68.8,68.5,71.6,71.7,69.7,67.7,68.7,69.9,71.5,73.6,73.9,72.8,71.0,69.1,67.7,69.0,72.5,74.5,74.4,72.2,71.1,72.0
79.6,80.8,81.2,81.3,79.7,79.9,79.8,78.1,77.4,77.3,76.7,73.5,76.0,77.3,78.9,77.9,76.5,75.7,75.3,80.8,81.7,81.1,79.4,79.9,82.0,81.8,82.7,81.9,81.9,81.1,81.0,79.7,76.9,74.1,74.2,73.6,72.9,72.6,73.2,72.6,76.9,73.7,72.9,72.2,74.5,73.9,73.8,72.3,71.3,71.1,65.2,64.3,67.0,64.3,63.9,64.7,66.7,68.7,71.1,73.7,72.4,67.4,68.0,70.4,71.0,70.6,70.9,69.5,67.8,67.7,70.0,72.4,72.9,73.7,71.4,70.4,71.4,71.5,71.5,71.6,70.8,69.9,70.1,71.1
80.5,79.6,80.9,79.7,82.6,83.6,81.4,81.3,79.9,79.6,78.6,75.8,71.3,69.9,75.3,78.2,80.4,82.1,82.1,81.4,79.9,80.8,81.8,81.6,81.1,81.2,80.1,78.7,77.2,74.8,72.9,71.0,69.2,66.6,65.3,64.8,65.9,67.3,67.8,68.6,70.5,72.6,74.4,74.9,74.9,74.8,75.2,77.0,74.9,72.9,69.8,67.3,65.6,63.9,62.0,62.8,67.0,68.2,69.2,72.6,71.7,68.9,68.5,68.9,70.1,70.0,70.9,69.7,68.2,68.1,70.1,73.5,73.8,72.4,72.1,71.0,71.3,71.4,70.5,70.2,70.3,70.2,69.4,68.3
80.4,80.9,79.1,80.7,80.6,80.4,84.1,83.6,81.7,80.5,84.1,84.4,80.3,79.1,73.9,74.2,79.8,82.6,81.7,84.0,83.5,81.8,84.4,84.1,83.2,80.0,77.9,75.9,73.0,69.6,67.8,66.0,65.3,65.3,63.7,62.2,62.1,62.9,64.3,66.2,66.6,66.7,67.9,70.8,73.8,77.5,79.7,79.8,78.3,77.3,75.9,74.9,69.5,67.0,64.9,63.1,64.5,66.7,67.5,68.3,70.2,68.8,68.0,69.5,70.8,70.7,70.8,70.7,70.1,69.0,70.6,73.6,73.1,72.4,72.2,72.4,72.7,71.3,70.5,70.8,70.9,70.4,71.0,71.2
77.8,80.3,80.3,79.9,79.3,79.4,82.6,84.1,81.1,83.5,80.7,77.1,86.1,83.9,86.8,85.2,80.2,83.1,81.4,83.2,85.0,85.4,86.4,84.8,82.4,79.7,77.5,72.5,69.1,67.9,68.6,69.1,68.1,67.0,65.8,64.5,63.2,62.8,62.9,63.7,64.2,64.0,64.8,65.4,66.7,72.6,77.1,76.9,83.9,82.3,80.3,78.6,74.9,70.5,70.7,68.8,65.8,67.7,66.3,66.3,68.5,68.2,66.3,68.4,68.3,69.9,69.4,68.0,69.1,69.9,71.1,71.3,71.2,71.3,72.2,71.9,72.1,70.9,70.7,70.0,71.6,72.4,72.9,72.8
75.8,76.2,78.3,80.7,78.8,80.8,81.0,81.3,80.6,79.3,81.5,83.8,82.7,84.0,85.5,86.5,87.5,89.0,86.9,87.7,86.9,85.8,86.7,85.3,81.2,79.5,75.5,72.0,70.6,70.5,71.1,71.9,72.4,70.2,67.1,67.3,67.9,63.1,61.8,60.5,61.1,62.4,62.0,62.3,64.2,66.5,69.3,73.9,74.0,76.5,83.1,84.0,80.9,76.4,73.3,74.0,70.7,70.1,70.1,69.5,67.8,69.6,68.2,68.7,68.7,67.3,66.1,67.4,70.3,70.1,70.3,70.5,71.4,72.7,72.1,72.3,72.4,70.4,69.9,71.3,72.1,72.5,73.3,72.8
73.4,72.2,73.2,74.5,78.2,78.8,80.0,84.1,83.8,75.6,77.3,84.7,84.6,82.3,81.3,81.5,82.2,84.3,87.5,87.0,79.4,79.3,84.1,83.9,83.2,80.0,76.2,75.7,73.4,71.9,70.2,70.5,70.3,68.4,66.8,66.0,64.6,62.1,61.7,63.7,63.9,62.6,62.5,64.1,63.9,67.2,71.8,71.0,70.6,73.9,77.0,76.8,84.3,83.7,80.3,76.7,76.5,73.2,72.2,72.2,71.8,70.6,70.5,70.1,69.7,69.1,70.0,67.1,69.2,72.2,72.1,72.0,71.3,71.5,72.2,73.5,73.7,71.8,71.1,72.0,73.0,72.3,71.2,70.9
67.3,63.6,67.1,66.7,70.3,76.2,78.8,78.5,81.4,85.5,85.7,83.2,81.4,80.5,81.1,81.1,80.7,82.2,84.5,85.5,89.6,91.6,89.2,85.7,84.9,84.6,82.6,80.1,76.8,77.1,77.3,75.3,70.4,69.3,68.8,68.7,68.7,68.7,69.0,69.5,68.8,68.7,67.8,64.9,64.2,64.4,66.7,67.3,72.1,70.2,71.7,72.9,74.6,78.2,88.6,82.2,81.8,79.4,75.6,74.8,74.9,73.5,72.8,72.3,70.7,70.0,70.8,69.1,69.2,71.6,72.5,71.7,69.0,72.3,73.8,73.3,72.0,70.9,71.9,72.3,72.0,70.6,70.2,70.2
64.1,62.1,62.9,65.0,64.5,64.2,70.0,77.4,78.5,75.3,76.6,75.4,80.3,83.8,82.9,82.6,79.9,80.1,80.2,83.8,85.3,85.6,89.5,89.8,87.7,84.7,83.0,79.5,77.5,76.7,75.2,71.6,71.3,72.6,71.6,71.3,71.6,70.5,69.9,69.9,69.9,69.1,67.9,69.4,69.4,64.8,64.7,66.2,65.7,68.3,69.9,70.8,70.3,71.1,75.5,86.3,89.9,84.7,82.7,78.9,77.6,77.5,76.6,75.7,73.9,72.2,70.2,69.9,69.7,71.7,73.7,73.4,72.7,74.8,76.4,73.6,72.5,72.7,74.4,73.7,72.9,71.7,70.5,70.0
59.2,59.3,58.5,65.5,63.5,61.6,63.6,67.7,72.3,72.5,71.3,72.3,73.9,79.6,84.7,83.7,83.0,78.7,76.2,79.7,81.5,82.0,82.9,81.2,81.4,81.2,82.4,84.4,83.5,79.7,74.0,72.5,71.4,69.6,68.9,69.7,68.7,68.1,67.9,68.9,70.8,70.8,70.9,69.9,69.5,71.1,67.0,64.0,64.4,65.0,65.7,68.3,70.9,70.4,68.6,73.1,79.1,88.6,89.0,84.5,82.4,80.4,80.3,80.2,78.4,76.3,73.8,71.7,71.3,72.9,75.3,75.0,74.9,78.2,79.4,77.2,73.6,71.1,74.6,75.7,74.8,72.3,70.3,70.5
57.0,56.3,54.6,53.8,55.8,58.8,58.8,59.1,63.4,70.9,69.4,67.0,72.0,74.2,75.4,76.2,79.7,81.1,85.8,84.7,83.7,82.2,80.8,79.4,78.8,81.1,83.5,82.9,77.3,71.2,68.5,67.9,69.1,67.2,65.3,68.1,67.5,66.1,65.3,66.2,67.1,67.8,68.8,70.5,70.3,70.3,71.8,71.0,66.2,65.2,65.0,68.8,72.3,73.2,72.6,71.5,74.3,80.0,86.0,91.5,84.2,84.2,84.6,83.3,83.1,80.4,77.8,74.7,72.8,73.5,77.5,77.7,74.9,78.8,83.0,79.4,74.1,71.1,74.6,77.0,75.7,73.6,70.9,71.6
56.1,54.6,54.8,57.4,57.4,59.2,60.5,59.2,58.3,60.1,65.5,67.2,69.9,71.7,70.7,69.2,71.7,73.9,75.6,75.2,74.0,73.1,71.2,69.1,68.6,68.1,69.9,65.5,66.8,66.7,65.1,65.3,67.1,65.5,67.6,65.8,64.7,64.4,65.8,66.0,64.9,64.1,63.5,63.1,64.5,68.0,70.6,73.7,72.8,69.7,69.3,69.6,72.7,76.1,75.6,73.9,75.1,79.3,81.7,84.4,88.6,90.8,85.9,87.7,86.7,84.1,81.7,79.0,75.9,74.7,77.6,80.9,78.9,78.1,79.3,78.6,73.1,72.0,74.9,78.6,78.3,76.8,73.7,72.1
