wind-weather/data/weather/current/current-temp-isobaric-10hPa-gfs-1.0.json
{"header": {"discipline":0,"disciplineName":"Meteorologicalproducts","gribEdition":2,"gribLength":20372,"center":7,"centerName":"USNationalWeatherService-NCEP(WMC)","subcenter":0,"refTime":"2015-05-15T06:00:00.000Z","significanceOfRT":0,"significanceOfRTName":"Analysis","productStatus":0,"productStatusName":"Operationalproducts","productType":0,"productTypeName":"Analysisproducts","productDefinitionTemplate":0,"productDefinitionTemplateName":"Analysis/forecastathorizontallevel/layeratapointintime","parameterCategory":0,"parameterCategoryName":"Temperature","parameterNumber":0,"parameterNumberName":"Temperature","parameterUnit":"K","genProcessType":0,"genProcessTypeName":"Analysis","forecastTime":0,"surface1Type":100,"surface1TypeName":"Isobaricsurface","surface1Value":1000.0,"surface2Type":255,"surface2TypeName":"Missing","surface2Value":0.0,"gridDefinitionTemplate":0,"gridDefinitionTemplateName":"Latitude_Longitude","numberPoints":65160,"shape":6,"shapeName":"Earthsphericalwithradiusof6,371,229.0m","gridUnits":"degrees","resolution":48,"winds":"true","scanMode":0,"nx":360,"ny":181,"basicAngle":0,"subDivisions":0,"lo1":0.0,"la1":90.0,"lo2":359.0,"la2":-90.0,"dx":1.0,"dy":1.0}, "data":
[rows 102 to 135 of 181, columns 231 to 307 of 360]
233.9,233.8,233.6,233.5,233.4,233.2,233.1,232.9,232.8,232.8,232.7,232.6,232.5,232.4,232.3,232.3,232.2,232.2,232.2,232.2,232.3,232.3,232.4,232.5,232.5,232.5,232.5,232.6,232.6,232.6,232.6,232.6,232.5,232.5,232.5,232.4,232.4,232.2,232.1,232.0,231.8,231.6,231.4,231.2,231.1,230.9,230.8,230.6,230.6,230.5,230.4,230.4,230.5,230.7,230.8,230.7,230.8,230.8,230.8,230.8,230.7,230.6,230.5,230.4,230.4,230.4,230.4,230.4,230.4,230.4,230.4,230.4,230.4,230.5,230.6,230.7,230.9
233.5,233.3,233.2,233.0,232.9,232.7,232.6,232.5,232.4,232.4,232.3,232.3,232.2,232.1,232.0,231.9,231.8,231.8,231.9,231.9,232.0,232.0,232.1,232.2,232.2,232.2,232.1,232.1,232.1,232.1,232.1,232.1,232.1,232.0,232.0,232.0,231.9,231.8,231.7,231.5,231.4,231.2,231.0,230.9,230.7,230.6,230.4,230.3,230.3,230.2,230.2,230.2,230.2,230.3,230.5,230.5,230.5,230.5,230.5,230.4,230.3,230.2,230.1,230.1,230.0,230.0,230.0,230.0,230.0,230.0,230.1,230.1,230.2,230.3,230.4,230.5,230.7
233.1,232.9,232.7,232.6,232.4,232.3,232.2,232.1,232.1,232.0,232.0,231.9,231.8,231.7,231.6,231.5,231.5,231.5,231.5,231.6,231.7,231.7,231.8,231.8,231.8,231.7,231.7,231.7,231.6,231.6,231.5,231.5,231.5,231.5,231.5,231.5,231.4,231.3,231.2,231.1,230.9,230.8,230.6,230.5,230.4,230.3,230.1,230.0,230.0,229.9,229.8,229.8,229.8,229.9,230.0,230.0,230.0,230.0,230.0,229.9,229.8,229.7,229.7,229.7,229.7,229.6,229.5,229.6,229.7,229.7,229.8,229.9,230.0,230.1,230.2,230.4,230.5
232.7,232.5,232.3,232.1,232.0,231.8,231.7,231.7,231.7,231.6,231.6,231.5,231.4,231.2,231.1,231.0,231.0,231.1,231.1,231.2,231.3,231.3,231.4,231.4,231.3,231.3,231.2,231.1,231.0,231.0,230.9,230.9,230.9,230.9,230.9,230.9,230.8,230.7,230.6,230.5,230.4,230.3,230.2,230.1,230.0,229.9,229.8,229.7,229.6,229.5,229.4,229.3,229.3,229.3,229.3,229.4,229.4,229.4,229.4,229.3,229.3,229.2,229.1,229.1,229.2,229.2,229.1,229.2,229.3,229.5,229.6,229.7,229.8,230.0,230.1,230.3,230.4
232.2,232.0,231.9,231.7,231.5,231.3,231.3,231.3,231.2,231.2,231.1,231.0,230.9,230.8,230.6,230.6,230.5,230.6,230.6,230.7,230.8,230.8,230.8,230.8,230.8,230.7,230.6,230.5,230.4,230.3,230.2,230.2,230.2,230.2,230.2,230.2,230.1,230.1,230.0,229.9,229.8,229.8,229.7,229.7,229.6,229.5,229.4,229.2,229.1,229.0,228.8,228.7,228.6,228.6,228.7,228.7,228.7,228.8,228.8,228.8,228.8,228.8,228.7,228.7,228.7,228.8,228.9,228.9,229.1,229.3,229.4,229.6,229.8,229.9,230.1,230.2,230.4
231.6,231.5,231.4,231.3,231.1,230.9,230.9,230.8,230.8,230.7,230.6,230.5,230.4,230.2,230.1,230.1,230.1,230.1,230.1,230.1,230.1,230.2,230.2,230.2,230.2,230.2,230.1,230.0,229.8,229.7,229.6,229.5,229.5,229.5,229.5,229.4,229.4,229.3,229.3,229.2,229.2,229.2,229.2,229.1,229.1,229.0,228.9,228.7,228.5,228.4,228.2,228.0,227.9,227.9,227.9,228.0,228.1,228.2,228.2,228.2,228.3,228.3,228.3,228.3,228.3,228.4,228.6,228.7,228.9,229.1,229.3,229.5,229.7,229.8,230.0,230.1,230.3
231.0,230.9,230.8,230.7,230.6,230.5,230.4,230.3,230.2,230.1,230.0,229.9,229.8,229.7,229.6,229.5,229.5,229.6,229.6,229.5,229.5,229.6,229.6,229.7,229.7,229.7,229.6,229.4,229.3,229.1,229.0,228.9,228.8,228.8,228.7,228.6,228.6,228.5,228.4,228.4,228.4,228.4,228.5,228.5,228.5,228.4,228.3,228.1,227.9,227.7,227.4,227.2,227.1,227.1,227.1,227.3,227.4,227.5,227.7,227.7,227.8,227.9,227.9,227.9,228.0,228.1,228.3,228.4,228.6,228.8,229.0,229.2,229.4,229.6,229.8,230.0,230.2
230.2,230.2,230.1,230.1,230.0,229.9,229.8,229.7,229.6,229.5,229.4,229.2,229.1,229.0,229.0,228.9,229.0,229.0,229.1,229.0,229.0,229.0,229.0,229.1,229.1,229.1,229.1,228.9,228.8,228.6,228.4,228.3,228.1,228.0,227.9,227.8,227.7,227.6,227.6,227.6,227.6,227.7,227.8,227.8,227.8,227.8,227.7,227.5,227.2,226.9,226.6,226.4,226.2,226.3,226.4,226.5,226.7,226.9,227.1,227.2,227.3,227.4,227.5,227.5,227.6,227.8,227.9,228.1,228.3,228.5,228.7,228.9,229.1,229.3,229.6,229.8,230.0
229.5,229.5,229.4,229.4,229.3,229.2,229.1,229.0,228.9,228.8,228.7,228.6,228.5,228.4,228.3,228.3,228.4,228.4,228.5,228.4,228.4,228.4,228.4,228.5,228.6,228.6,228.6,228.5,228.3,228.1,227.9,227.7,227.5,227.4,227.2,227.0,226.9,226.8,226.7,226.7,226.8,226.9,227.0,227.1,227.1,227.1,227.0,226.8,226.5,226.2,225.8,225.5,225.4,225.4,225.6,225.9,226.1,226.3,226.5,226.7,226.8,226.9,227.0,227.1,227.2,227.3,227.5,227.7,228.0,228.2,228.4,228.6,228.8,229.0,229.2,229.5,229.7
228.8,228.8,228.7,228.7,228.6,228.5,228.4,228.3,228.2,228.1,228.0,227.9,227.8,227.7,227.7,227.7,227.7,227.8,227.8,227.8,227.8,227.8,227.9,228.0,228.0,228.1,228.1,228.0,227.9,227.7,227.5,227.2,227.0,226.7,226.5,226.3,226.1,225.9,225.8,225.9,226.0,226.1,226.3,226.4,226.4,226.4,226.3,226.2,225.9,225.6,225.2,224.8,224.7,224.7,224.9,225.3,225.6,225.8,226.0,226.1,226.3,226.4,226.5,226.6,226.7,226.9,227.1,227.3,227.6,227.8,228.1,228.3,228.5,228.7,228.9,229.1,229.4
228.2,228.1,228.1,228.0,227.9,227.8,227.7,227.6,227.5,227.4,227.3,227.2,227.1,227.1,227.1,227.1,227.1,227.2,227.2,227.2,227.3,227.3,227.3,227.4,227.5,227.5,227.5,227.5,227.4,227.2,227.0,226.8,226.5,226.2,225.9,225.6,225.4,225.2,225.1,225.1,225.2,225.4,225.6,225.7,225.7,225.7,225.7,225.5,225.4,225.1,224.8,224.5,224.3,224.3,224.5,224.8,225.0,225.3,225.4,225.6,225.7,225.8,225.9,226.0,226.2,226.3,226.5,226.8,227.1,227.3,227.6,227.8,228.1,228.2,228.4,228.7,228.9
227.6,227.5,227.5,227.4,227.4,227.3,227.2,227.0,226.9,226.8,226.7,226.6,226.6,226.6,226.6,226.6,226.6,226.7,226.7,226.7,226.7,226.7,226.8,226.8,226.9,227.0,227.0,227.0,226.9,226.8,226.6,226.4,226.1,225.8,225.5,225.2,224.9,224.7,224.7,224.7,224.8,225.0,225.1,225.3,225.3,225.3,225.2,225.1,224.9,224.7,224.5,224.2,224.1,224.0,224.2,224.4,224.6,224.7,224.9,225.0,225.1,225.2,225.3,225.5,225.6,225.8,226.0,226.2,226.5,226.7,227.0,227.3,227.5,227.7,227.9,228.1,228.3
227.0,227.0,227.0,227.0,226.9,226.8,226.7,226.6,226.5,226.4,226.3,226.3,226.2,226.2,226.3,226.3,226.3,226.3,226.3,226.3,226.2,226.2,226.3,226.3,226.4,226.5,226.5,226.5,226.5,226.5,226.4,226.2,225.9,225.6,225.3,225.1,224.8,224.7,224.6,224.6,224.7,224.9,225.1,225.2,225.2,225.2,225.1,224.9,224.8,224.5,224.3,224.1,223.9,223.9,223.9,224.0,224.1,224.3,224.4,224.4,224.5,224.5,224.6,224.8,224.9,225.1,225.3,225.5,225.7,226.0,226.3,226.6,226.9,227.0,227.2,227.3,227.6
226.6,226.6,226.6,226.6,226.5,226.5,226.4,226.3,226.2,226.2,226.1,226.0,226.0,226.0,226.1,226.1,226.1,226.1,226.0,225.9,225.9,225.9,225.9,226.0,226.0,226.1,226.2,226.3,226.3,226.3,226.3,226.1,225.9,225.7,225.5,225.2,225.0,224.7,224.6,224.7,224.8,224.9,225.1,225.2,225.3,225.3,225.2,225.1,224.9,224.7,224.5,224.2,224.0,223.8,223.7,223.7,223.7,223.8,223.9,224.0,224.0,224.0,224.0,224.1,224.2,224.4,224.6,224.7,224.9,225.2,225.5,225.8,226.0,226.1,226.3,226.4,226.6
226.2,226.3,226.3,226.2,226.2,226.2,226.1,226.1,226.0,226.0,226.0,225.9,225.9,225.9,225.9,226.0,225.9,225.9,225.8,225.8,225.7,225.7,225.7,225.8,225.9,226.0,226.0,226.1,226.1,226.1,226.0,226.0,225.8,225.6,225.4,225.1,224.9,224.6,224.5,224.6,224.7,224.8,224.9,225.1,225.1,225.2,225.2,225.1,225.1,224.9,224.8,224.6,224.4,224.1,223.9,223.6,223.5,223.4,223.4,223.5,223.5,223.5,223.4,223.4,223.5,223.6,223.7,223.9,224.1,224.3,224.5,224.8,225.0,225.2,225.3,225.4,225.5
225.9,226.0,225.9,225.9,225.9,225.9,225.9,225.9,225.9,225.9,225.9,225.8,225.8,225.9,225.9,225.9,225.8,225.8,225.7,225.7,225.6,225.5,225.5,225.5,225.5,225.6,225.7,225.7,225.7,225.6,225.6,225.5,225.4,225.3,225.1,224.9,224.7,224.5,224.4,224.4,224.4,224.5,224.6,224.7,224.8,224.9,224.9,224.9,224.9,224.9,224.8,224.7,224.6,224.4,224.1,223.8,223.5,223.3,223.2,223.2,223.2,223.0,222.9,222.8,222.7,222.9,223.0,223.1,223.1,223.3,223.5,223.7,223.9,224.0,224.2,224.3,224.4
225.7,225.7,225.7,225.7,225.7,225.8,225.8,225.8,225.8,225.7,225.7,225.7,225.7,225.8,225.7,225.7,225.6,225.5,225.4,225.3,225.2,225.1,225.1,225.0,225.0,225.0,225.1,225.1,225.1,225.1,225.0,225.0,224.9,224.7,224.6,224.4,224.3,224.1,224.0,224.0,224.0,224.1,224.2,224.3,224.4,224.4,224.5,224.5,224.6,224.6,224.6,224.6,224.6,224.4,224.2,223.9,223.6,223.3,223.1,223.0,223.0,222.7,222.5,222.3,222.1,222.1,222.2,222.3,222.3,222.4,222.4,222.5,222.7,222.8,223.0,223.1,223.2
225.5,225.5,225.5,225.6,225.6,225.6,225.6,225.6,225.6,225.6,225.6,225.6,225.5,225.5,225.4,225.3,225.2,225.1,225.0,224.9,224.7,224.6,224.5,224.5,224.4,224.4,224.4,224.5,224.5,224.5,224.4,224.4,224.3,224.1,224.0,223.9,223.7,223.6,223.5,223.5,223.5,223.6,223.7,223.8,223.8,223.9,224.0,224.1,224.1,224.2,224.2,224.3,224.3,224.3,224.1,223.9,223.6,223.2,223.0,222.9,222.7,222.5,222.3,221.9,221.7,221.5,221.5,221.5,221.5,221.5,221.5,221.5,221.6,221.7,221.8,221.9,222.0
225.3,225.4,225.3,225.3,225.3,225.3,225.3,225.4,225.4,225.4,225.3,225.3,225.3,225.2,225.1,225.0,224.8,224.7,224.5,224.4,224.2,224.1,224.0,224.0,224.0,224.0,224.0,224.1,224.1,224.0,223.9,223.8,223.7,223.6,223.4,223.3,223.1,223.0,222.9,222.9,222.9,223.0,223.0,223.1,223.2,223.3,223.4,223.5,223.5,223.6,223.7,223.8,223.8,223.8,223.7,223.6,223.4,223.1,222.8,222.6,222.3,222.1,221.9,221.7,221.4,221.2,221.0,220.9,220.8,220.8,220.8,220.7,220.6,220.6,220.6,220.7,220.8
225.0,225.0,225.1,225.1,225.1,225.1,225.1,225.1,225.1,225.1,225.1,225.0,225.0,224.9,224.8,224.6,224.5,224.3,224.2,224.0,223.9,223.8,223.7,223.6,223.6,223.6,223.6,223.7,223.7,223.6,223.5,223.3,223.2,223.0,222.8,222.6,222.5,222.4,222.3,222.2,222.2,222.2,222.3,222.4,222.5,222.5,222.6,222.6,222.7,222.8,222.9,223.0,223.1,223.1,223.0,222.9,222.8,222.6,222.3,222.1,221.8,221.6,221.4,221.2,221.1,220.9,220.6,220.4,220.3,220.2,220.1,220.0,219.8,219.7,219.6,219.7,219.7
224.7,224.7,224.8,224.8,224.8,224.8,224.8,224.8,224.8,224.8,224.7,224.7,224.6,224.6,224.5,224.3,224.1,224.0,223.8,223.7,223.5,223.4,223.3,223.2,223.2,223.1,223.1,223.2,223.1,223.0,222.9,222.7,222.6,222.4,222.2,222.1,221.9,221.7,221.6,221.5,221.4,221.4,221.4,221.5,221.5,221.6,221.6,221.6,221.7,221.9,222.0,222.1,222.1,222.2,222.1,222.0,221.9,221.7,221.6,221.4,221.2,220.9,220.7,220.6,220.5,220.3,220.2,220.1,219.9,219.8,219.6,219.4,219.2,219.0,218.9,218.9,218.9
224.4,224.4,224.5,224.5,224.5,224.5,224.5,224.5,224.5,224.4,224.4,224.3,224.2,224.1,224.0,223.9,223.7,223.6,223.4,223.3,223.1,223.0,222.9,222.8,222.7,222.6,222.6,222.5,222.5,222.4,222.2,222.1,221.9,221.8,221.6,221.4,221.2,221.0,220.8,220.7,220.6,220.5,220.5,220.5,220.5,220.5,220.5,220.5,220.6,220.7,220.8,220.9,221.0,221.0,221.0,220.9,220.8,220.7,220.5,220.5,220.2,220.1,219.9,219.8,219.7,219.6,219.6,219.5,219.4,219.3,219.2,219.0,218.8,218.6,218.4,218.3,218.3
224.0,224.1,224.2,224.2,224.2,224.2,224.2,224.1,224.0,224.0,223.9,223.8,223.7,223.6,223.5,223.4,223.3,223.2,223.0,222.9,222.7,222.6,222.4,222.3,222.1,222.0,221.9,221.9,221.8,221.7,221.6,221.4,221.2,221.0,220.8,220.6,220.4,220.2,220.0,219.9,219.7,219.6,219.5,219.5,219.4,219.4,219.4,219.4,219.4,219.4,219.5,219.7,219.7,219.8,219.7,219.7,219.6,219.5,219.4,219.3,219.2,219.1,219.0,219.0,218.9,218.9,218.9,218.9,218.8,218.8,218.7,218.5,218.4,218.3,218.1,218.1,218.0
223.7,223.8,223.8,223.8,223.8,223.8,223.7,223.7,223.6,223.5,223.4,223.3,223.2,223.1,223.0,222.9,222.8,222.7,222.5,222.3,222.2,222.0,221.9,221.7,221.6,221.4,221.3,221.2,221.1,221.0,220.8,220.6,220.4,220.2,219.9,219.7,219.5,219.4,219.2,219.0,218.9,218.7,218.6,218.4,218.3,218.2,218.2,218.2,218.2,218.2,218.3,218.4,218.5,218.5,218.5,218.4,218.3,218.3,218.2,218.1,218.0,218.0,218.0,218.0,218.0,218.0,218.1,218.1,218.1,218.1,218.1,218.0,218.0,217.9,217.9,217.8,217.8
223.4,223.4,223.4,223.3,223.2,223.2,223.1,223.1,223.0,222.9,222.9,222.8,222.7,222.5,222.4,222.3,222.3,222.1,221.9,221.7,221.5,221.4,221.2,221.1,220.9,220.8,220.7,220.6,220.5,220.3,220.1,219.8,219.5,219.3,219.0,218.8,218.6,218.4,218.3,218.1,218.0,217.8,217.6,217.4,217.3,217.1,217.1,217.1,217.1,217.1,217.2,217.2,217.3,217.3,217.3,217.2,217.1,217.0,217.0,216.9,216.8,216.8,216.8,217.0,217.1,217.1,217.2,217.3,217.3,217.3,217.3,217.4,217.4,217.5,217.5,217.5,217.5
223.0,222.9,222.8,222.7,222.6,222.5,222.4,222.4,222.3,222.3,222.2,222.2,222.0,221.9,221.8,221.7,221.6,221.5,221.3,221.1,221.0,220.8,220.6,220.4,220.3,220.1,220.0,219.9,219.8,219.5,219.3,219.0,218.7,218.4,218.1,217.8,217.6,217.4,217.3,217.2,217.1,216.9,216.7,216.5,216.3,216.2,216.1,216.1,216.1,216.1,216.1,216.1,216.2,216.2,216.2,216.1,216.0,215.9,215.8,215.6,215.5,215.5,215.6,215.8,216.0,216.1,216.3,216.4,216.5,216.5,216.6,216.6,216.8,216.9,216.9,217.0,217.0
222.5,222.5,222.3,222.1,222.0,221.9,221.7,221.7,221.6,221.7,221.6,221.6,221.4,221.3,221.3,221.2,221.2,221.0,220.8,220.6,220.4,220.2,220.0,219.8,219.6,219.5,219.4,219.2,219.1,218.8,218.6,218.3,218.0,217.7,217.3,217.0,216.7,216.5,216.3,216.2,216.1,216.1,215.9,215.7,215.6,215.4,215.3,215.2,215.2,215.2,215.2,215.2,215.2,215.2,215.2,215.2,215.1,215.0,214.7,214.5,214.3,214.3,214.4,214.6,214.8,215.1,215.3,215.4,215.5,215.7,215.7,215.8,216.0,216.2,216.3,216.4,216.4
222.0,221.9,221.8,221.6,221.5,221.4,221.3,221.2,221.2,221.2,221.2,221.1,221.0,221.0,220.9,220.9,220.8,220.6,220.4,220.1,219.9,219.6,219.4,219.2,219.0,218.9,218.7,218.5,218.3,218.1,217.8,217.6,217.3,216.9,216.6,216.3,215.9,215.7,215.5,215.3,215.3,215.2,215.2,215.1,214.9,214.7,214.6,214.4,214.3,214.3,214.3,214.3,214.2,214.2,214.3,214.4,214.5,214.3,214.0,213.6,213.2,213.0,213.1,213.4,213.7,213.9,214.2,214.3,214.5,214.6,214.7,214.9,215.2,215.4,215.5,215.7,215.7
221.5,221.5,221.4,221.3,221.3,221.2,221.1,221.0,221.0,220.9,220.9,220.9,220.8,220.8,220.7,220.6,220.4,220.2,219.9,219.7,219.4,219.2,218.9,218.7,218.5,218.3,218.0,217.8,217.5,217.3,217.1,216.8,216.6,216.3,216.0,215.6,215.3,215.0,214.8,214.5,214.4,214.4,214.4,214.4,214.3,214.2,214.0,213.8,213.6,213.5,213.5,213.4,213.3,213.3,213.4,213.6,213.9,213.8,213.5,213.1,212.6,212.2,212.2,212.4,212.6,212.9,213.1,213.3,213.5,213.6,213.7,213.9,214.3,214.5,214.7,214.8,214.9
221.3,221.3,221.3,221.3,221.2,221.1,221.1,221.0,220.9,220.9,220.8,220.7,220.7,220.5,220.4,220.2,220.0,219.7,219.4,219.2,219.0,218.8,218.5,218.3,218.0,217.7,217.4,217.1,216.9,216.7,216.5,216.2,215.9,215.6,215.3,215.1,214.8,214.5,214.2,213.9,213.7,213.6,213.5,213.6,213.7,213.6,213.4,213.2,213.0,212.8,212.7,212.5,212.3,212.3,212.4,212.7,213.2,213.3,213.0,212.7,212.3,211.9,211.7,211.7,211.8,212.0,212.2,212.4,212.5,212.6,212.8,213.1,213.3,213.6,213.7,213.8,213.9
221.2,221.3,221.4,221.3,221.1,220.9,220.8,220.8,220.7,220.7,220.5,220.4,220.3,220.1,219.9,219.6,219.4,219.1,218.9,218.7,218.5,218.3,218.1,217.8,217.6,217.3,217.0,216.7,216.4,216.2,215.9,215.6,215.3,215.0,214.7,214.5,214.2,213.9,213.6,213.3,213.0,212.9,212.8,212.9,213.0,212.9,212.8,212.6,212.4,212.1,211.9,211.7,211.5,211.3,211.4,211.7,212.3,212.5,212.3,212.1,212.0,211.6,211.3,211.1,211.0,211.1,211.2,211.4,211.6,211.8,212.0,212.2,212.4,212.6,212.7,212.8,212.9
221.1,221.2,221.2,221.1,220.9,220.7,220.5,220.4,220.3,220.2,220.1,219.9,219.7,219.5,219.2,218.9,218.6,218.5,218.3,218.3,218.1,217.9,217.7,217.5,217.2,217.0,216.6,216.2,215.8,215.5,215.2,214.9,214.6,214.4,214.2,214.0,213.7,213.5,213.1,212.8,212.5,212.3,212.1,212.0,212.1,212.1,212.0,211.9,211.8,211.5,211.2,210.9,210.6,210.4,210.4,210.6,211.1,211.5,211.3,211.3,211.4,211.2,210.8,210.5,210.3,210.3,210.4,210.5,210.6,210.8,211.0,211.2,211.4,211.5,211.6,211.7,211.8
220.9,221.0,221.0,220.8,220.6,220.4,220.2,220.0,219.8,219.7,219.5,219.4,219.2,218.9,218.6,218.3,218.1,218.0,217.9,217.8,217.6,217.4,217.2,217.1,216.9,216.6,216.2,215.7,215.2,214.8,214.5,214.2,214.0,213.8,213.7,213.5,213.3,213.0,212.7,212.3,212.0,211.8,211.5,211.2,211.2,211.3,211.3,211.2,211.1,210.8,210.5,210.2,209.9,209.5,209.4,209.5,209.9,210.3,210.1,210.1,210.5,210.5,210.2,209.9,209.6,209.5,209.5,209.6,209.7,209.9,210.0,210.1,210.3,210.4,210.5,210.6,210.6
220.8,220.8,220.7,220.5,220.3,220.0,219.7,219.5,219.3,219.2,219.0,218.9,218.7,218.5,218.3,218.0,217.7,217.5,217.3,217.2,216.9,216.7,216.6,216.5,216.3,216.1,215.7,215.2,214.7,214.2,213.8,213.5,213.3,213.2,213.1,212.9,212.8,212.5,212.3,212.0,211.6,211.3,210.9,210.7,210.5,210.5,210.5,210.5,210.4,210.2,210.0,209.5,209.1,208.7,208.5,208.6,208.9,209.1,208.9,208.8,209.3,209.6,209.6,209.4,209.1,208.9,208.8,208.8,208.9,208.9,209.0,209.1,209.2,209.4,209.4,209.5,209.5
