wind-weather/data/weather/current/current-relative_humidity-isobaric-500hPa-gfs-1.0.json
{"header": {"discipline":0,"disciplineName":"Meteorologicalproducts","gribEdition":2,"gribLength":72043,"center":7,"centerName":"USNationalWeatherService-NCEP(WMC)","subcenter":0,"refTime":"2015-09-28T00:00:00.000Z","significanceOfRT":0,"significanceOfRTName":"Analysis","productStatus":0,"productStatusName":"Operationalproducts","productType":0,"productTypeName":"Analysisproducts","productDefinitionTemplate":0,"productDefinitionTemplateName":"Analysis/forecastathorizontallevel/layeratapointintime","parameterCategory":1,"parameterCategoryName":"Moisture","parameterNumber":1,"parameterNumberName":"Relative_humidity","parameterUnit":"percent","genProcessType":0,"genProcessTypeName":"Analysis","forecastTime":0,"surface1Type":100,"surface1TypeName":"Isobaricsurface","surface1Value":50000.0,"surface2Type":255,"surface2TypeName":"Missing","surface2Value":0.0,"gridDefinitionTemplate":0,"gridDefinitionTemplateName":"Latitude_Longitude","numberPoints":65160,"shape":6,"shapeName":"Earthsphericalwithradiusof6,371,229.0m","gridUnits":"degrees","resolution":48,"winds":"true","scanMode":0,"nx":360,"ny":181,"basicAngle":0,"subDivisions":0,"lo1":0.0,"la1":90.0,"lo2":359.0,"la2":-90.0,"dx":1.0,"dy":1.0}, "data":
[rows 117 to 155 of 181, columns 264 to 351 of 360]
4.0,4.2,4.6,5.1,6.3,10.1,14.2,17.7,19.3,20.3,18.9,18.9,20.0,21.2,22.6,26.2,27.7,27.7,27.6,26.7,23.6,20.5,20.1,21.3,22.6,24.0,28.8,30.5,23.6,44.2,35.6,25.6,26.5,22.3,21.7,17.2,16.3,16.2,17.5,15.2,10.9,7.3,6.2,4.3,13.7,97.3,100.0,99.7,96.3,97.5,96.2,93.1,83.4,64.7,66.1,74.7,79.5,88.2,90.2,91.9,91.7,77.8,65.3,61.4,64.8,71.1,68.8,67.4,61.0,51.4,44.4,52.1,65.8,72.8,77.7,79.4,81.0,81.3,77.5,68.9,51.6,33.9,23.0,17.7,16.5,15.7,14.5,13.5
3.1,3.8,4.2,5.9,9.7,14.1,17.1,18.4,18.4,18.9,20.4,21.1,21.3,22.5,27.3,34.6,36.9,36.6,35.2,31.2,24.5,20.1,21.1,24.1,27.9,36.8,33.5,37.2,26.0,32.4,32.4,37.2,28.7,26.5,20.3,19.8,19.8,21.2,21.5,20.4,16.4,11.1,9.6,4.9,7.9,33.0,100.0,100.0,96.4,91.4,99.1,100.0,97.1,88.2,73.5,65.5,66.3,71.9,78.0,93.3,98.8,99.1,99.6,97.2,89.9,94.3,95.7,92.9,88.6,76.1,67.1,54.5,50.4,53.8,53.8,48.1,41.7,40.0,39.1,38.2,34.9,30.7,27.6,24.7,24.0,22.5,21.0,19.3
3.6,4.3,7.4,9.9,12.3,16.8,19.3,21.7,21.9,21.2,21.9,22.9,23.4,27.0,35.6,42.9,45.7,44.6,41.8,35.1,26.9,22.1,22.6,26.7,32.6,37.8,35.7,25.6,32.1,39.5,37.9,38.7,34.2,28.6,21.4,20.3,23.3,27.1,27.2,27.9,24.3,16.1,16.2,21.2,11.3,13.1,75.8,100.0,100.0,100.0,100.0,99.4,99.2,90.3,91.9,88.4,79.5,92.8,91.4,93.7,98.8,99.1,100.0,99.7,92.0,98.0,98.7,99.1,98.1,96.4,95.8,91.1,87.5,82.9,74.8,66.1,59.7,52.4,44.8,38.1,33.6,28.3,23.3,19.2,16.1,13.7,11.5,9.3
7.0,9.2,12.2,15.2,21.2,24.7,23.6,21.8,22.2,22.7,23.1,26.6,33.3,44.8,55.3,53.3,51.1,50.3,48.0,40.5,32.5,27.2,26.7,30.4,34.7,41.2,34.4,27.8,39.0,46.2,51.0,43.9,37.8,35.7,25.8,27.6,25.4,28.5,32.3,33.5,30.8,24.2,19.1,34.5,39.7,21.8,30.9,100.0,100.0,95.9,98.2,100.0,100.0,100.0,95.8,100.0,100.0,98.1,99.1,100.0,100.0,100.0,100.0,100.0,100.0,100.0,100.0,100.0,100.0,100.0,100.0,100.0,95.0,85.7,74.5,63.5,53.1,44.1,35.7,31.0,28.5,22.7,17.2,13.0,9.9,8.1,6.4,5.0
14.7,17.6,19.4,21.6,24.8,29.9,31.5,33.4,38.2,35.3,33.4,36.7,48.4,64.1,66.2,58.6,56.1,57.0,52.5,44.0,37.3,32.7,34.1,38.1,43.2,62.3,26.1,27.8,39.2,52.6,60.8,54.8,43.9,40.5,32.0,33.7,33.0,31.8,41.8,42.8,41.6,32.9,24.8,35.2,56.3,46.3,33.0,61.2,100.0,98.8,92.7,100.0,100.0,99.9,99.4,99.0,100.0,98.7,97.4,100.0,100.0,96.1,93.5,90.9,87.5,78.7,70.9,70.8,71.4,71.5,78.2,86.1,84.7,73.4,59.1,50.6,45.6,38.2,35.1,31.8,26.9,19.4,13.6,10.9,8.4,5.8,3.9,3.4
24.1,24.5,26.4,28.7,32.0,36.1,37.8,37.2,36.8,37.4,45.3,55.2,63.8,70.9,69.7,66.0,68.0,67.0,59.6,49.9,39.0,35.0,43.0,49.7,49.6,75.9,71.7,34.1,37.6,46.0,62.2,70.7,53.5,52.6,50.4,50.8,49.3,39.8,47.6,49.0,51.0,40.9,25.7,32.5,55.0,57.1,65.5,66.9,86.5,82.1,96.9,93.7,100.0,100.0,96.1,100.0,98.4,92.0,85.2,74.8,70.5,74.6,74.1,68.9,69.5,69.2,68.7,78.1,91.8,99.4,96.8,87.5,71.2,50.8,47.3,47.6,42.8,37.4,32.1,25.8,20.1,16.0,13.2,9.6,6.1,3.9,3.3,3.4
49.4,48.8,43.9,37.7,35.1,35.3,35.9,38.3,42.6,49.3,61.6,71.5,75.9,78.8,79.9,77.4,72.2,68.8,66.3,57.8,48.6,46.9,53.8,55.2,65.4,83.0,90.6,30.6,40.9,66.1,88.7,87.5,78.6,72.9,69.0,70.8,55.4,44.1,54.2,52.5,51.1,44.0,26.6,14.6,36.0,72.1,56.8,74.4,82.0,81.9,85.3,93.0,99.7,100.0,95.6,95.4,50.2,51.1,48.7,42.6,37.6,48.0,67.8,76.4,78.4,76.1,75.6,76.7,80.9,73.4,54.7,38.2,34.3,40.1,49.0,48.0,43.7,35.5,27.0,22.1,19.1,16.6,12.1,7.9,5.3,4.9,5.3,6.1
82.0,70.1,67.5,68.2,69.2,71.7,73.3,74.4,76.2,78.1,81.5,83.9,85.0,84.2,80.7,76.5,75.8,78.3,73.1,63.8,62.8,62.0,57.1,62.2,68.9,100.0,98.2,47.0,67.4,85.3,99.7,99.3,93.7,75.6,73.2,60.4,41.6,43.6,50.4,54.2,51.7,42.9,28.1,10.2,13.7,52.3,65.6,60.5,66.8,58.3,82.2,85.1,94.0,92.7,74.0,24.7,7.8,15.9,32.0,31.8,28.0,31.9,23.4,24.7,28.7,30.6,39.6,45.6,40.9,35.1,31.0,30.4,36.8,46.3,51.0,53.0,44.8,31.7,22.4,18.3,15.6,11.4,8.0,6.4,5.8,6.1,7.1,8.8
95.2,86.2,73.1,68.0,70.1,75.1,81.4,83.3,80.0,77.6,78.7,81.7,83.4,80.5,79.9,85.4,89.3,83.2,73.0,69.4,62.9,63.3,70.1,64.9,70.5,94.5,74.6,93.7,87.4,98.4,98.9,96.9,93.4,90.6,64.7,36.4,58.3,67.9,56.0,48.7,62.6,47.4,25.4,9.2,2.3,10.1,38.4,68.0,60.2,60.5,47.6,80.5,86.5,37.1,3.3,1.7,2.0,11.0,10.4,12.5,17.5,15.2,12.5,12.6,14.2,23.4,34.6,39.6,36.3,32.4,30.4,34.1,41.6,53.1,60.6,49.6,35.9,25.4,17.2,9.9,7.9,9.9,10.2,9.5,8.7,8.1,9.1,10.9
95.2,98.6,90.9,80.4,73.2,69.0,66.7,69.6,76.6,80.1,85.8,85.4,84.2,85.7,85.5,84.6,82.2,76.1,68.5,66.7,72.1,73.8,74.4,77.2,78.9,100.0,61.5,100.0,100.0,100.0,100.0,94.1,87.8,57.5,37.6,67.6,72.0,63.1,49.7,47.6,72.0,60.4,37.2,14.2,6.3,7.7,12.9,19.7,57.3,77.3,67.0,68.9,83.6,61.0,30.3,5.1,0.0,0.9,2.2,3.7,8.8,13.9,17.8,22.0,30.5,36.5,38.3,35.7,31.0,26.7,27.3,32.3,59.4,69.2,55.3,38.0,27.2,16.5,13.7,13.6,8.1,4.5,3.4,2.9,2.8,4.5,9.2,15.4
96.9,100.0,100.0,100.0,100.0,98.7,98.5,99.6,100.0,99.2,95.1,92.4,84.2,78.6,76.9,73.4,69.3,67.5,66.0,66.9,75.2,86.8,88.2,99.7,100.0,100.0,85.6,100.0,100.0,100.0,100.0,96.3,57.2,41.0,47.5,59.4,54.3,53.4,56.6,50.2,85.9,74.9,52.8,22.2,16.6,24.9,36.7,32.0,34.1,47.9,78.9,85.4,85.7,90.8,98.2,99.3,74.4,52.5,43.6,40.4,38.2,35.6,36.1,41.9,48.6,46.1,33.5,24.9,22.3,23.9,33.5,65.2,71.1,59.8,45.3,27.7,18.7,19.4,10.2,6.4,5.3,3.1,2.4,2.9,3.6,5.4,10.7,19.4
100.0,100.0,99.7,96.6,92.3,94.6,95.2,98.2,98.0,94.1,85.0,72.9,63.5,60.5,61.6,61.1,65.0,70.2,78.6,84.3,82.7,79.3,81.9,80.2,97.5,84.4,42.7,71.8,94.0,85.9,62.0,56.7,48.4,50.0,77.1,63.6,53.8,51.1,57.6,73.0,84.0,78.7,39.2,19.8,20.1,34.1,56.2,54.9,50.2,40.0,96.0,94.6,96.8,98.4,99.5,100.0,92.0,76.2,57.7,45.6,40.5,40.8,45.1,47.8,44.4,35.4,25.2,15.7,20.1,56.7,75.6,70.5,65.6,55.9,31.4,24.3,16.7,8.3,7.2,4.0,2.5,3.2,4.3,4.7,4.9,5.4,8.8,14.8
100.0,100.0,100.0,100.0,99.5,98.4,98.3,98.4,91.6,85.7,89.0,97.0,97.1,75.8,58.8,55.8,62.0,71.9,75.2,75.0,78.8,86.8,95.8,100.0,95.6,86.0,42.4,71.4,61.7,54.7,44.5,43.0,54.9,84.3,95.4,68.2,68.1,60.7,67.4,77.2,99.7,74.9,32.2,21.3,22.5,32.3,51.9,58.4,63.0,94.4,98.5,96.1,96.5,98.4,98.6,100.0,95.3,79.6,62.0,51.9,47.6,46.3,42.0,33.1,21.7,14.3,25.3,54.8,71.6,79.2,76.2,69.6,60.6,41.9,33.6,16.3,9.9,6.2,3.3,4.5,7.6,8.1,7.8,6.9,5.6,4.9,6.1,9.0
74.2,89.4,95.2,100.0,100.0,100.0,100.0,99.4,99.5,89.3,63.7,46.4,42.1,38.0,36.0,43.7,60.5,83.3,87.9,88.9,91.0,90.0,88.6,88.2,99.0,84.2,53.0,59.9,62.1,68.1,56.9,51.4,63.1,75.3,90.9,82.0,58.1,60.4,70.7,84.7,100.0,73.2,23.6,30.2,38.9,41.0,49.5,48.3,70.9,73.5,100.0,100.0,96.9,91.2,92.3,96.1,95.6,88.2,73.0,60.0,52.4,50.6,54.1,53.9,52.7,58.7,69.5,83.7,89.1,81.2,82.9,68.1,46.8,36.6,16.2,10.6,5.6,3.6,5.1,8.8,11.2,13.0,14.1,11.0,7.8,7.0,6.6,5.8
32.9,41.0,48.6,58.6,72.6,86.1,90.4,88.0,79.9,64.1,42.9,28.8,24.6,28.5,38.3,50.8,72.2,84.9,88.0,86.3,76.8,65.1,63.3,81.0,92.7,63.6,63.8,78.3,75.1,61.6,54.1,91.8,98.7,98.8,91.8,65.6,56.7,63.0,78.4,98.1,100.0,58.3,18.4,36.9,59.5,64.3,80.8,71.8,70.2,84.2,78.0,83.6,94.7,94.8,94.9,95.6,96.8,91.8,83.8,77.5,74.3,74.5,81.2,93.3,100.0,100.0,98.5,91.3,94.7,97.5,75.6,58.6,40.2,17.5,11.1,5.7,4.0,4.2,7.1,10.8,13.3,17.2,20.7,18.6,13.1,9.3,7.2,3.9
60.1,61.5,57.6,48.4,44.3,44.4,45.4,46.1,43.1,35.0,28.2,28.9,36.0,40.2,46.8,58.6,74.3,78.3,77.2,88.4,95.9,78.3,50.9,36.3,30.7,25.3,32.6,41.3,59.9,71.5,65.1,97.4,98.2,100.0,99.2,77.8,63.9,66.5,85.9,100.0,99.5,45.6,18.3,35.6,52.8,76.4,91.6,95.3,88.5,81.4,87.3,94.4,93.6,94.8,95.8,96.5,98.2,98.1,96.9,89.0,88.9,93.5,98.5,100.0,100.0,100.0,100.0,99.7,91.6,69.4,58.9,31.9,15.8,12.4,7.3,4.5,3.5,5.0,8.3,11.5,13.9,18.3,23.2,23.7,19.0,14.1,9.2,5.0
72.8,61.0,49.2,40.3,36.8,35.0,34.8,35.5,36.4,30.4,30.6,33.5,35.3,42.6,56.4,66.2,80.6,93.5,53.0,9.0,3.2,5.6,5.7,6.6,7.6,13.0,13.0,48.7,74.9,95.6,99.4,99.2,95.9,100.0,100.0,88.4,70.0,67.8,91.0,99.7,97.7,47.9,26.6,32.3,38.5,53.2,73.6,85.9,90.8,96.9,98.1,99.2,98.9,93.8,93.7,95.5,96.7,97.6,97.4,99.4,99.2,98.3,99.1,99.6,99.8,98.6,89.5,74.3,62.7,39.9,18.3,14.0,12.3,9.2,5.6,4.3,4.8,6.7,10.0,12.5,14.6,18.4,23.8,27.2,23.8,18.2,11.1,5.5
78.4,69.5,59.6,50.8,43.8,38.8,35.6,31.7,23.8,26.7,29.5,27.3,37.3,57.7,78.2,74.6,19.0,3.0,7.8,5.3,7.6,11.0,13.3,11.3,12.1,73.0,96.1,97.8,71.8,96.2,96.8,97.3,97.1,98.7,100.0,93.1,73.8,68.5,93.6,99.0,99.5,62.3,43.7,53.9,54.6,49.0,42.6,43.5,51.0,59.2,74.5,92.8,100.0,100.0,100.0,100.0,100.0,100.0,100.0,99.9,100.0,100.0,100.0,93.9,78.6,60.9,44.8,28.9,15.8,15.2,16.1,14.6,11.0,6.5,5.1,6.0,8.8,13.1,14.7,14.5,16.4,22.3,28.8,29.3,24.7,18.5,10.8,6.4
79.7,68.2,53.6,42.1,34.0,27.6,23.3,21.6,27.2,24.7,25.5,47.2,66.7,69.6,17.5,3.8,4.7,7.6,11.9,16.3,21.2,33.5,32.6,16.6,23.6,66.3,99.8,98.6,99.1,100.0,97.5,97.0,99.4,100.0,100.0,94.2,73.4,70.4,89.0,100.0,100.0,89.3,59.3,47.7,45.3,44.9,45.6,43.4,59.0,72.2,81.5,90.2,100.0,100.0,100.0,100.0,100.0,100.0,100.0,100.0,100.0,92.7,75.1,47.9,24.3,10.8,8.1,12.7,21.0,23.3,19.7,14.4,10.0,9.0,14.2,20.6,21.7,18.7,15.7,16.3,24.9,33.1,33.3,30.7,24.7,17.2,10.4,6.7
73.7,61.4,48.3,42.0,39.9,35.0,30.4,28.0,23.1,28.1,51.9,73.7,48.8,3.5,2.9,3.7,10.5,13.6,22.0,29.0,34.0,54.8,39.6,72.8,32.1,4.8,55.5,95.5,100.0,99.9,100.0,98.9,98.2,97.8,97.1,94.7,83.1,73.4,69.7,96.6,100.0,100.0,100.0,88.6,63.5,43.3,39.7,47.5,76.5,87.2,93.1,80.6,86.6,100.0,100.0,100.0,99.5,98.5,100.0,93.6,71.8,42.9,20.3,9.0,6.8,11.1,17.7,18.8,15.6,13.5,14.0,20.1,27.2,30.6,26.6,22.6,21.3,18.9,21.6,31.4,39.8,41.4,38.1,31.4,22.9,15.5,9.8,6.5
66.1,57.6,51.6,49.4,47.3,40.7,32.1,21.7,25.2,52.7,81.0,51.1,1.9,2.4,3.0,5.9,10.0,20.3,30.9,33.3,36.5,67.6,69.4,64.1,97.7,79.8,63.4,71.7,30.4,20.3,10.9,15.2,19.1,17.9,18.0,21.4,26.7,34.9,44.6,66.9,100.0,100.0,100.0,94.4,77.5,61.9,55.8,63.3,90.0,98.0,99.9,100.0,94.5,91.3,95.4,99.3,100.0,100.0,94.6,52.7,21.7,9.4,9.4,15.3,20.6,19.6,15.3,12.3,15.8,27.2,37.5,36.6,27.5,22.9,22.2,21.7,22.4,30.7,41.4,46.3,48.8,45.4,41.7,31.5,20.7,13.1,8.3,4.9
55.9,54.0,48.5,41.8,38.2,37.5,28.6,18.8,32.9,75.1,79.7,7.1,2.8,2.2,2.5,4.4,13.7,22.5,18.8,15.1,89.9,100.0,72.0,88.6,80.0,61.8,61.1,60.0,63.7,84.8,80.9,77.9,85.6,74.3,56.7,33.8,15.8,12.2,36.3,82.0,100.0,100.0,100.0,92.1,81.4,82.2,87.9,95.3,99.2,98.5,99.0,100.0,99.3,99.0,99.4,100.0,97.7,60.8,23.2,13.4,14.6,19.5,24.0,25.0,20.0,14.4,18.3,33.2,43.7,38.9,29.6,27.1,30.0,30.6,27.8,32.1,42.8,52.7,55.0,53.0,49.9,43.8,33.6,21.9,13.6,8.6,4.9,2.3
36.3,38.1,40.2,39.6,34.9,29.7,27.5,19.8,38.9,81.3,40.1,0.2,3.6,1.9,2.1,6.3,9.9,9.7,18.8,3.4,62.0,87.8,89.1,45.4,66.0,32.4,63.2,100.0,100.0,97.7,97.3,100.0,97.9,85.7,54.4,47.4,32.7,16.5,86.9,100.0,100.0,100.0,98.3,92.1,93.2,97.8,98.5,99.1,100.0,99.0,98.8,98.4,98.2,98.5,92.9,54.5,19.9,18.8,23.3,28.2,27.7,22.9,19.6,22.9,31.4,39.4,43.0,37.1,32.6,38.6,48.7,51.3,49.5,51.3,55.8,56.9,55.8,56.4,57.2,50.5,33.6,20.3,13.2,8.0,4.5,2.5,1.5,0.6
25.9,23.4,24.7,27.0,30.5,30.4,21.5,22.9,42.9,71.4,7.8,5.6,3.6,1.7,3.1,4.0,5.3,12.3,22.1,31.2,73.5,75.0,89.4,42.9,19.2,50.3,100.0,99.7,97.4,91.9,68.7,23.1,35.3,57.1,71.1,61.6,62.3,97.4,100.0,99.8,100.0,96.4,95.6,98.6,96.1,94.8,96.3,95.9,93.6,90.7,81.5,67.6,42.3,13.0,5.9,14.0,16.6,19.5,20.7,21.3,27.7,36.6,38.8,31.6,23.8,21.8,26.4,39.5,56.0,64.4,66.5,69.2,70.7,68.0,61.2,53.9,47.7,40.3,28.8,18.3,10.4,5.3,2.8,2.3,2.5,2.5,2.0,1.1
26.5,27.3,27.8,31.8,31.9,29.6,22.9,25.4,49.6,44.6,3.8,6.7,4.8,2.7,2.7,3.3,3.9,7.7,28.2,56.1,49.8,31.1,26.7,29.9,59.1,99.6,94.4,94.4,99.4,99.9,98.6,95.0,96.0,92.8,88.3,92.6,96.5,95.5,93.7,96.9,95.9,89.7,85.5,84.9,84.9,81.6,74.4,59.0,34.6,16.1,4.7,3.1,7.7,12.7,12.8,14.9,18.4,23.1,29.9,35.3,34.2,27.2,21.3,20.2,23.5,30.3,41.4,55.6,68.2,77.8,84.8,84.9,78.9,70.2,62.2,52.0,38.1,24.2,13.9,7.2,3.8,3.7,4.7,5.1,4.7,4.1,3.4,3.1
40.2,44.9,43.4,35.5,34.8,29.5,24.6,28.0,66.6,19.1,6.9,7.2,7.1,3.9,3.1,2.8,4.0,5.4,11.7,19.4,26.1,35.4,44.7,49.4,76.2,91.2,67.9,59.9,89.1,97.0,81.0,72.8,68.9,76.9,80.0,71.9,74.6,76.6,80.6,81.7,79.7,82.3,84.1,79.5,66.3,48.2,32.8,18.0,7.4,5.4,10.6,15.9,15.7,13.7,15.6,20.8,25.9,32.4,34.2,31.3,31.8,34.2,34.4,42.0,54.7,65.4,77.2,87.1,92.5,93.9,92.6,86.2,75.6,65.6,53.5,38.4,24.3,14.2,9.0,7.0,6.6,5.6,3.6,2.3,1.8,1.9,2.1,1.8
48.2,52.6,58.1,35.0,29.2,25.6,19.9,54.7,66.8,11.2,6.4,7.3,9.5,5.9,4.1,2.9,3.3,5.6,7.1,9.1,14.3,22.9,25.9,35.1,44.0,52.8,67.6,63.3,39.4,38.9,37.3,45.4,49.8,43.9,44.6,53.8,60.5,57.6,53.2,60.3,73.8,84.5,92.7,96.9,80.2,36.3,11.8,8.6,10.4,14.3,18.6,19.9,19.6,19.6,23.0,27.3,29.0,28.5,33.9,43.2,54.7,71.9,81.8,83.5,83.8,84.7,88.1,94.3,95.3,90.0,83.3,77.5,66.9,50.6,36.2,24.9,15.2,10.5,9.6,7.5,4.0,4.0,7.6,8.2,5.4,1.9,5.5,1.8
60.8,53.8,55.6,30.9,25.2,21.9,40.0,80.6,50.0,8.3,5.9,8.1,10.4,9.3,6.6,5.7,4.1,3.8,5.1,8.0,11.6,14.3,15.8,14.7,16.5,18.8,25.2,23.3,41.6,50.5,55.2,57.4,57.1,54.5,51.5,50.7,52.1,53.4,56.6,61.2,61.5,55.3,40.2,36.3,60.9,57.8,26.8,17.5,20.0,21.5,21.4,20.2,17.9,17.2,17.5,21.1,31.1,42.8,51.4,64.4,80.7,83.0,77.4,75.2,76.1,76.9,79.6,83.6,87.0,85.7,78.9,68.1,51.6,34.4,21.4,13.0,12.4,12.2,8.5,9.4,19.8,31.4,40.1,40.1,32.3,20.8,14.0,10.5
57.0,45.2,40.9,36.9,54.0,74.8,85.1,84.1,34.0,6.2,7.4,9.2,9.1,11.8,9.2,8.7,8.5,8.6,8.3,7.6,7.6,8.2,8.7,10.1,11.5,12.1,12.5,15.4,15.4,13.0,12.0,10.3,10.1,11.5,15.2,21.1,29.3,42.5,57.3,69.0,78.4,72.5,55.0,33.2,16.7,25.5,33.8,28.4,28.2,30.6,30.9,28.2,25.1,25.6,31.0,39.1,53.9,74.7,92.0,100.0,93.5,95.2,95.8,94.7,91.5,90.1,92.1,90.7,85.7,79.7,71.1,54.5,32.6,17.1,16.1,17.7,14.1,11.2,18.5,35.8,45.9,52.1,58.8,64.6,65.5,61.2,43.9,25.7
42.2,34.4,48.8,92.6,95.2,95.1,94.9,69.9,21.0,6.8,10.8,11.6,8.4,11.2,11.0,9.7,9.6,10.1,11.3,12.5,13.9,15.9,18.4,21.3,24.9,28.4,30.8,32.0,31.8,30.3,27.0,21.5,15.4,10.1,6.3,4.1,2.9,2.0,1.4,6.0,30.0,69.7,98.8,96.1,80.7,40.9,21.9,28.8,33.0,29.6,30.3,34.2,42.2,59.1,79.5,93.0,94.2,100.0,100.0,100.0,97.0,94.4,92.5,94.2,97.1,96.8,94.8,94.6,86.5,65.0,37.9,21.7,21.2,23.5,21.2,17.2,15.3,27.1,44.5,49.6,44.2,42.2,47.7,59.2,66.1,74.1,73.1,54.1
44.2,56.0,94.7,100.0,100.0,98.5,93.3,45.8,10.2,10.5,16.1,15.5,11.1,10.9,13.2,11.9,11.7,12.4,13.0,14.0,16.1,19.1,22.5,25.5,27.9,29.3,29.6,28.9,28.6,28.0,25.5,20.5,14.1,7.9,4.9,3.5,2.6,2.4,3.3,5.2,3.0,8.1,95.7,100.0,100.0,97.8,95.5,76.8,65.2,69.2,81.4,94.5,100.0,99.8,100.0,93.0,94.1,93.2,89.6,93.2,94.4,97.0,99.8,98.9,100.0,98.0,75.5,46.9,26.0,19.4,21.7,23.9,24.8,25.9,23.8,24.2,40.9,52.7,44.9,29.9,26.5,35.3,45.5,57.3,69.8,76.3,82.8,77.0
66.3,81.2,100.0,100.0,100.0,99.1,84.3,28.6,7.6,15.5,20.5,19.3,16.8,14.1,15.8,16.8,16.3,16.6,16.2,16.5,17.4,19.6,22.1,24.3,26.2,27.7,29.0,29.9,30.3,30.8,30.5,27.1,18.9,10.4,5.3,2.6,1.8,1.7,1.2,0.3,1.7,7.0,0.6,73.6,100.0,100.0,100.0,99.8,100.0,100.0,100.0,100.0,99.7,99.4,96.1,98.7,99.0,99.2,100.0,99.5,99.6,100.0,100.0,73.9,38.9,19.7,15.5,15.6,16.0,17.7,20.7,25.3,28.3,32.7,50.8,64.9,58.2,35.8,27.8,42.8,69.1,82.8,84.7,85.7,81.0,77.3,81.0,81.4
100.0,100.0,100.0,100.0,100.0,97.4,69.7,22.1,7.7,18.3,22.6,21.9,23.6,23.5,21.1,22.6,23.3,22.9,22.0,22.1,23.7,25.8,27.0,27.6,29.0,31.2,32.9,33.2,33.1,33.9,34.6,33.5,25.7,14.1,6.2,3.1,2.0,1.4,0.5,0.0,0.0,0.1,4.3,9.2,88.1,98.6,98.8,99.0,99.7,99.6,99.3,99.2,98.8,100.0,100.0,100.0,100.0,100.0,100.0,100.0,88.7,44.0,17.1,14.1,11.8,10.5,11.8,12.5,13.8,17.3,23.3,36.0,58.2,66.7,52.5,35.5,40.5,72.1,96.0,94.2,90.5,71.1,48.0,34.7,38.2,51.6,60.4,72.4
100.0,100.0,100.0,100.0,99.3,94.7,56.6,22.1,9.2,16.7,22.5,21.7,25.3,34.8,38.5,33.8,31.9,33.0,33.3,33.0,34.1,35.6,36.3,36.0,36.9,38.8,39.8,38.1,35.6,36.3,39.6,41.4,36.0,20.1,8.7,5.1,3.8,3.8,4.0,6.3,6.2,8.8,18.2,29.4,55.1,99.3,97.6,99.6,99.1,98.8,99.2,100.0,100.0,100.0,100.0,100.0,100.0,100.0,69.9,22.1,11.5,14.5,11.9,12.3,13.2,13.2,17.1,24.1,33.1,45.7,52.7,46.1,36.9,46.0,76.5,98.0,95.7,94.3,81.5,37.6,13.0,13.8,20.1,20.1,20.4,28.3,37.7,56.3
100.0,100.0,100.0,100.0,100.0,96.9,68.0,25.9,12.0,12.4,18.9,21.3,21.7,26.4,37.8,49.0,53.6,52.1,49.4,47.4,46.4,46.0,46.3,46.8,48.4,50.8,50.7,46.1,40.5,40.0,43.8,50.0,50.3,32.4,14.4,9.4,10.0,10.2,13.7,21.2,32.4,50.5,78.6,94.7,100.0,99.4,97.8,96.1,97.1,98.5,97.6,96.8,95.4,92.3,88.0,88.5,58.5,11.4,7.1,12.8,12.9,13.6,13.7,15.8,19.0,26.7,34.4,37.8,36.8,38.7,54.7,84.5,96.8,97.0,96.4,84.7,41.9,18.7,20.2,25.7,25.9,23.7,23.3,19.5,12.9,12.8,24.7,40.7
100.0,100.0,100.0,100.0,100.0,100.0,97.4,70.4,34.1,18.9,15.2,15.5,17.4,21.0,25.4,30.0,35.7,44.2,54.2,62.5,67.1,68.6,68.4,67.5,67.6,68.5,65.3,56.5,49.6,49.2,51.1,55.9,64.4,53.7,26.1,13.9,14.4,17.2,24.6,27.8,29.8,34.8,40.3,47.6,54.3,61.3,67.3,73.0,77.3,79.5,81.4,80.1,76.7,78.0,58.9,11.3,1.4,13.6,14.6,15.8,13.7,14.5,18.6,21.8,27.2,32.8,40.1,55.6,78.5,98.1,98.5,98.8,80.8,55.6,41.6,32.0,25.5,24.3,34.5,60.1,80.7,77.5,71.7,71.8,65.7,43.7,27.2,30.2
100.0,100.0,100.0,100.0,100.0,100.0,100.0,100.0,97.8,89.3,72.9,62.5,58.7,57.2,54.6,50.5,45.7,41.9,41.3,44.8,51.7,60.5,69.0,75.5,79.1,77.7,73.2,68.8,68.2,68.0,66.0,66.2,74.6,75.7,52.3,26.6,19.2,19.2,20.6,26.8,35.0,38.8,40.3,48.2,54.3,61.1,69.9,78.9,86.7,90.6,85.6,81.2,70.0,20.6,0.0,10.5,15.6,17.0,18.5,18.4,17.1,18.0,21.0,27.0,36.4,52.8,75.7,90.3,94.0,89.2,70.7,56.0,54.1,46.0,32.0,27.7,38.8,69.9,95.7,75.9,37.9,23.9,24.3,22.9,39.3,69.8,55.1,32.8
99.0,99.3,100.0,100.0,100.0,100.0,100.0,100.0,100.0,100.0,99.7,99.2,98.7,98.0,96.8,94.6,91.5,88.5,85.5,82.7,80.7,80.6,83.7,88.6,93.7,96.5,97.0,97.8,96.4,90.2,82.5,82.6,84.2,88.8,77.9,47.2,35.3,31.0,24.5,26.5,28.6,32.3,36.5,43.1,59.0,80.9,97.4,96.4,94.7,89.5,81.8,55.5,4.9,2.6,14.3,13.9,17.4,21.0,22.9,21.6,21.6,22.7,24.2,28.1,37.4,56.9,73.4,78.4,79.6,67.5,57.9,63.0,63.2,46.9,34.4,46.6,78.0,99.5,87.4,45.8,28.4,43.9,51.2,48.2,57.2,74.6,60.5,44.3
99.5,98.9,99.0,99.3,99.3,99.2,99.2,100.0,100.0,100.0,100.0,99.9,99.8,99.6,99.1,99.1,99.0,98.4,98.4,98.2,97.9,98.0,98.6,98.9,98.8,99.0,99.1,99.5,99.7,99.3,95.5,95.0,96.6,88.3,89.5,69.6,57.3,48.6,41.9,41.9,46.6,52.6,56.6,62.0,72.5,88.4,98.1,95.0,90.7,83.2,53.4,5.5,5.9,14.7,12.8,15.7,21.4,25.2,25.5,24.1,24.9,26.0,25.7,23.9,29.2,46.8,63.1,71.5,72.4,68.7,76.1,84.7,82.7,81.1,51.5,45.8,82.8,100.0,95.1,66.9,35.5,36.5,54.4,69.4,72.0,60.4,43.9,71.6
