wind-weather/data/weather/current/current-temp-isobaric-70hPa-gfs-1.0.json
{"header": {"discipline":0,"disciplineName":"Meteorologicalproducts","gribEdition":2,"gribLength":26081,"center":7,"centerName":"USNationalWeatherService-NCEP(WMC)","subcenter":0,"refTime":"2015-09-28T00:00:00.000Z","significanceOfRT":0,"significanceOfRTName":"Analysis","productStatus":0,"productStatusName":"Operationalproducts","productType":0,"productTypeName":"Analysisproducts","productDefinitionTemplate":0,"productDefinitionTemplateName":"Analysis/forecastathorizontallevel/layeratapointintime","parameterCategory":0,"parameterCategoryName":"Temperature","parameterNumber":0,"parameterNumberName":"Temperature","parameterUnit":"K","genProcessType":0,"genProcessTypeName":"Analysis","forecastTime":0,"surface1Type":100,"surface1TypeName":"Isobaricsurface","surface1Value":7000.0,"surface2Type":255,"surface2TypeName":"Missing","surface2Value":0.0,"gridDefinitionTemplate":0,"gridDefinitionTemplateName":"Latitude_Longitude","numberPoints":65160,"shape":6,"shapeName":"Earthsphericalwithradiusof6,371,229.0m","gridUnits":"degrees","resolution":48,"winds":"true","scanMode":0,"nx":360,"ny":181,"basicAngle":0,"subDivisions":0,"lo1":0.0,"la1":90.0,"lo2":359.0,"la2":-90.0,"dx":1.0,"dy":1.0}, "data":
[rows 0 to 33 of 181, columns 0 to 76 of 360]
220.2,220.2,220.2,220.2,220.2,220.2,220.2,220.2,220.2,220.2,220.2,220.2,220.2,220.2,220.2,220.2,220.2,220.2,220.2,220.2,220.2,220.2,220.2,220.2,220.2,220.2,220.2,220.2,220.2,220.2,220.2,220.2,220.2,220.2,220.2,220.2,220.2,220.2,220.2,220.2,220.2,220.2,220.2,220.2,220.2,220.2,220.2,220.2,220.2,220.2,220.2,220.2,220.2,220.2,220.2,220.2,220.2,220.2,220.2,220.2,220.2,220.2,220.2,220.2,220.2,220.2,220.2,220.2,220.2,220.2,220.2,220.2,220.2,220.2,220.2,220.2,220.2
219.8,219.8,219.8,219.8,219.8,219.8,219.8,219.8,219.8,219.8,219.8,219.8,219.8,219.8,219.8,219.8,219.8,219.8,219.9,219.9,219.9,219.9,219.9,219.9,219.9,219.9,219.9,219.9,219.9,219.9,219.9,219.9,220.0,220.0,220.0,220.0,220.0,220.0,220.0,220.0,220.0,220.0,220.0,220.0,220.1,220.1,220.1,220.1,220.1,220.1,220.1,220.1,220.1,220.1,220.1,220.2,220.2,220.2,220.2,220.2,220.2,220.2,220.2,220.2,220.2,220.2,220.2,220.2,220.3,220.3,220.3,220.3,220.3,220.3,220.3,220.3,220.3
219.4,219.4,219.4,219.4,219.4,219.4,219.4,219.4,219.4,219.4,219.4,219.4,219.5,219.5,219.5,219.5,219.5,219.5,219.5,219.5,219.5,219.5,219.6,219.6,219.6,219.6,219.6,219.6,219.6,219.7,219.7,219.7,219.7,219.7,219.7,219.8,219.8,219.8,219.8,219.8,219.8,219.9,219.9,219.9,219.9,219.9,220.0,220.0,220.0,220.0,220.0,220.1,220.1,220.1,220.1,220.1,220.1,220.2,220.2,220.2,220.2,220.2,220.2,220.3,220.3,220.3,220.3,220.3,220.3,220.3,220.4,220.4,220.4,220.4,220.4,220.4,220.4
219.2,219.2,219.2,219.2,219.2,219.2,219.2,219.2,219.2,219.2,219.2,219.2,219.2,219.3,219.3,219.3,219.3,219.3,219.3,219.3,219.3,219.3,219.3,219.3,219.4,219.4,219.4,219.4,219.4,219.4,219.5,219.5,219.5,219.5,219.5,219.6,219.6,219.6,219.6,219.7,219.7,219.7,219.7,219.8,219.8,219.8,219.8,219.9,219.9,219.9,220.0,220.0,220.0,220.0,220.1,220.1,220.1,220.1,220.2,220.2,220.2,220.2,220.3,220.3,220.3,220.3,220.3,220.4,220.4,220.4,220.4,220.5,220.5,220.5,220.5,220.5,220.6
219.2,219.2,219.2,219.2,219.2,219.2,219.2,219.2,219.3,219.3,219.3,219.3,219.3,219.3,219.3,219.3,219.3,219.3,219.3,219.3,219.3,219.3,219.3,219.4,219.4,219.4,219.4,219.4,219.4,219.4,219.4,219.4,219.4,219.5,219.5,219.5,219.5,219.5,219.6,219.6,219.6,219.6,219.7,219.7,219.7,219.8,219.8,219.8,219.8,219.9,219.9,219.9,219.9,220.0,220.0,220.0,220.0,220.1,220.1,220.1,220.1,220.2,220.2,220.2,220.3,220.3,220.3,220.4,220.4,220.5,220.5,220.6,220.6,220.6,220.7,220.7,220.8
219.3,219.3,219.3,219.4,219.4,219.4,219.4,219.4,219.4,219.4,219.4,219.4,219.4,219.4,219.4,219.5,219.5,219.5,219.5,219.5,219.5,219.5,219.5,219.5,219.5,219.5,219.5,219.5,219.5,219.5,219.5,219.6,219.6,219.6,219.6,219.6,219.6,219.6,219.6,219.7,219.7,219.7,219.7,219.8,219.8,219.8,219.8,219.8,219.9,219.9,219.9,219.9,219.9,220.0,220.0,220.0,220.0,220.0,220.1,220.1,220.1,220.1,220.2,220.2,220.2,220.3,220.3,220.4,220.4,220.5,220.5,220.6,220.6,220.7,220.7,220.8,220.8
219.5,219.5,219.5,219.5,219.5,219.5,219.5,219.5,219.5,219.5,219.5,219.5,219.5,219.5,219.6,219.6,219.6,219.6,219.6,219.6,219.6,219.7,219.7,219.7,219.7,219.7,219.7,219.7,219.7,219.7,219.7,219.8,219.8,219.8,219.8,219.8,219.8,219.8,219.9,219.9,219.9,219.9,220.0,220.0,220.0,220.0,220.0,220.1,220.1,220.1,220.1,220.1,220.1,220.1,220.1,220.1,220.1,220.1,220.1,220.2,220.2,220.2,220.2,220.2,220.3,220.3,220.3,220.4,220.4,220.4,220.5,220.5,220.6,220.6,220.7,220.7,220.8
219.6,219.6,219.6,219.6,219.6,219.6,219.6,219.5,219.5,219.5,219.6,219.6,219.6,219.6,219.6,219.6,219.6,219.6,219.6,219.7,219.7,219.7,219.7,219.7,219.7,219.8,219.8,219.8,219.8,219.8,219.8,219.8,219.8,219.9,219.9,219.9,219.9,219.9,219.9,220.0,220.0,220.0,220.1,220.1,220.1,220.2,220.2,220.2,220.2,220.3,220.3,220.3,220.3,220.3,220.3,220.4,220.4,220.4,220.4,220.4,220.4,220.4,220.4,220.4,220.4,220.4,220.4,220.4,220.4,220.5,220.5,220.5,220.6,220.6,220.7,220.7,220.8
219.8,219.8,219.8,219.7,219.7,219.7,219.6,219.6,219.6,219.6,219.6,219.6,219.6,219.6,219.6,219.6,219.6,219.7,219.7,219.7,219.7,219.7,219.7,219.7,219.8,219.8,219.8,219.8,219.8,219.9,219.9,219.9,219.9,219.9,219.9,219.9,219.9,219.9,220.0,220.0,220.0,220.0,220.0,220.1,220.1,220.1,220.1,220.2,220.2,220.2,220.3,220.3,220.3,220.4,220.4,220.4,220.5,220.5,220.5,220.6,220.6,220.6,220.6,220.6,220.6,220.6,220.6,220.7,220.7,220.7,220.7,220.7,220.8,220.8,220.8,220.9,220.9
219.8,219.8,219.8,219.8,219.8,219.8,219.7,219.7,219.7,219.7,219.6,219.6,219.6,219.6,219.6,219.6,219.6,219.6,219.6,219.6,219.6,219.7,219.7,219.7,219.7,219.8,219.8,219.8,219.8,219.9,219.9,219.9,219.9,219.9,219.9,219.9,220.0,220.0,220.0,220.0,220.0,220.0,220.0,220.1,220.1,220.1,220.1,220.2,220.2,220.2,220.3,220.3,220.3,220.4,220.4,220.5,220.5,220.5,220.6,220.6,220.7,220.7,220.7,220.8,220.8,220.8,220.8,220.9,220.9,220.9,220.9,221.0,221.0,221.0,221.0,221.0,221.1
219.8,219.8,219.8,219.7,219.7,219.7,219.7,219.6,219.6,219.6,219.6,219.6,219.5,219.5,219.5,219.6,219.6,219.6,219.6,219.6,219.7,219.7,219.7,219.7,219.8,219.8,219.8,219.9,219.9,219.9,219.9,219.9,219.9,220.0,220.0,220.0,220.0,220.0,220.0,220.0,220.0,220.1,220.1,220.1,220.1,220.2,220.2,220.2,220.3,220.3,220.3,220.4,220.4,220.4,220.5,220.5,220.5,220.6,220.6,220.7,220.7,220.7,220.8,220.8,220.9,220.9,220.9,221.0,221.0,221.1,221.1,221.1,221.1,221.1,221.1,221.1,221.0
219.9,219.8,219.7,219.6,219.6,219.5,219.5,219.5,219.5,219.4,219.4,219.5,219.5,219.5,219.5,219.5,219.6,219.6,219.6,219.7,219.7,219.7,219.7,219.7,219.7,219.8,219.8,219.8,219.8,219.9,219.9,219.9,219.9,219.9,219.9,219.9,219.9,219.9,219.9,220.0,220.0,220.0,220.0,220.1,220.1,220.1,220.1,220.2,220.2,220.3,220.3,220.3,220.4,220.4,220.5,220.5,220.5,220.6,220.6,220.7,220.7,220.7,220.8,220.8,220.8,220.9,220.9,220.9,221.0,221.0,221.0,221.0,221.0,220.9,220.9,220.9,220.9
219.8,219.8,219.7,219.7,219.6,219.5,219.5,219.4,219.4,219.4,219.4,219.4,219.4,219.5,219.5,219.5,219.6,219.6,219.6,219.6,219.6,219.6,219.6,219.6,219.7,219.7,219.7,219.7,219.7,219.7,219.7,219.7,219.7,219.7,219.8,219.8,219.8,219.8,219.8,219.8,219.8,219.8,219.8,219.8,219.8,219.9,219.9,219.9,220.0,220.0,220.1,220.1,220.2,220.2,220.3,220.4,220.4,220.5,220.5,220.5,220.6,220.6,220.7,220.7,220.7,220.8,220.8,220.8,220.8,220.9,220.9,220.9,220.9,220.9,220.9,220.9,220.9
219.8,219.8,219.7,219.7,219.6,219.5,219.5,219.4,219.4,219.3,219.3,219.4,219.4,219.4,219.5,219.5,219.5,219.5,219.5,219.5,219.5,219.5,219.5,219.5,219.5,219.5,219.6,219.6,219.6,219.6,219.6,219.6,219.6,219.6,219.5,219.5,219.5,219.5,219.5,219.5,219.5,219.5,219.5,219.6,219.6,219.6,219.6,219.6,219.7,219.7,219.7,219.8,219.8,219.8,219.9,220.0,220.1,220.1,220.2,220.3,220.4,220.4,220.5,220.6,220.6,220.7,220.7,220.7,220.8,220.8,220.8,220.9,220.9,221.0,221.0,221.0,221.0
219.8,219.8,219.7,219.7,219.6,219.6,219.5,219.5,219.4,219.4,219.3,219.3,219.3,219.4,219.4,219.4,219.4,219.4,219.4,219.4,219.4,219.4,219.4,219.4,219.4,219.4,219.4,219.4,219.4,219.4,219.3,219.3,219.3,219.3,219.3,219.3,219.3,219.3,219.3,219.3,219.3,219.3,219.3,219.3,219.3,219.3,219.3,219.3,219.3,219.4,219.4,219.4,219.5,219.5,219.6,219.7,219.7,219.8,219.9,220.0,220.1,220.1,220.2,220.3,220.4,220.5,220.5,220.6,220.7,220.7,220.7,220.8,220.8,220.9,220.9,220.9,220.9
219.8,219.8,219.7,219.7,219.6,219.6,219.5,219.5,219.4,219.4,219.3,219.3,219.3,219.3,219.3,219.3,219.3,219.3,219.4,219.4,219.4,219.3,219.3,219.3,219.3,219.2,219.2,219.2,219.2,219.2,219.2,219.2,219.2,219.2,219.2,219.2,219.2,219.2,219.2,219.2,219.2,219.2,219.1,219.1,219.1,219.1,219.1,219.1,219.2,219.2,219.2,219.3,219.3,219.4,219.4,219.4,219.4,219.5,219.5,219.6,219.7,219.7,219.8,219.9,219.9,220.0,220.1,220.2,220.3,220.3,220.4,220.5,220.5,220.5,220.6,220.6,220.6
219.8,219.7,219.7,219.6,219.5,219.5,219.4,219.4,219.4,219.3,219.3,219.2,219.2,219.2,219.2,219.2,219.2,219.3,219.3,219.3,219.3,219.2,219.2,219.2,219.2,219.1,219.1,219.1,219.1,219.1,219.0,219.0,219.0,219.0,219.0,219.0,219.0,219.1,219.1,219.0,219.0,219.0,219.0,219.0,219.0,219.0,219.1,219.1,219.1,219.1,219.1,219.1,219.1,219.1,219.1,219.1,219.1,219.2,219.2,219.2,219.2,219.3,219.3,219.4,219.4,219.5,219.6,219.7,219.7,219.8,219.9,219.9,219.9,220.0,220.0,220.1,220.1
219.7,219.6,219.5,219.5,219.4,219.3,219.3,219.3,219.2,219.2,219.2,219.2,219.1,219.1,219.1,219.1,219.2,219.2,219.2,219.2,219.1,219.1,219.1,219.0,219.0,219.0,219.0,218.9,218.9,218.9,218.9,218.9,218.9,218.9,218.9,218.9,218.9,218.9,218.8,218.8,218.8,218.7,218.7,218.7,218.7,218.8,218.8,218.7,218.8,218.8,218.8,218.8,218.8,218.7,218.8,218.8,218.8,218.8,218.9,218.9,218.9,219.0,219.0,219.0,219.1,219.2,219.2,219.3,219.3,219.4,219.4,219.5,219.5,219.6,219.6,219.7,219.8
219.5,219.4,219.3,219.2,219.2,219.1,219.1,219.1,219.0,219.0,219.1,219.1,219.1,219.1,219.1,219.1,219.1,219.1,219.0,219.0,218.9,218.9,218.9,218.9,218.8,218.8,218.8,218.7,218.7,218.6,218.6,218.6,218.6,218.6,218.5,218.5,218.5,218.5,218.4,218.4,218.4,218.3,218.3,218.3,218.3,218.3,218.3,218.4,218.4,218.4,218.5,218.5,218.5,218.5,218.6,218.6,218.6,218.6,218.7,218.7,218.7,218.8,218.8,218.8,218.9,218.9,219.0,219.0,219.0,219.1,219.1,219.2,219.2,219.3,219.4,219.4,219.5
219.3,219.2,219.1,219.0,218.9,218.8,218.8,218.8,218.8,218.9,218.9,218.9,219.0,219.0,219.0,219.0,218.9,218.9,218.8,218.8,218.7,218.7,218.7,218.6,218.6,218.5,218.4,218.4,218.3,218.3,218.3,218.2,218.2,218.1,218.1,218.1,218.0,218.0,218.0,217.9,217.9,217.9,217.9,217.9,217.9,217.9,218.0,218.0,218.0,218.1,218.1,218.2,218.2,218.2,218.3,218.3,218.4,218.4,218.5,218.5,218.6,218.6,218.6,218.7,218.7,218.7,218.8,218.8,218.8,218.8,218.9,219.0,219.0,219.1,219.2,219.3,219.3
219.1,219.0,218.9,218.7,218.6,218.5,218.5,218.5,218.5,218.6,218.7,218.8,218.8,218.8,218.8,218.8,218.7,218.7,218.6,218.6,218.5,218.5,218.4,218.3,218.2,218.2,218.1,218.0,218.0,217.9,217.8,217.8,217.7,217.7,217.7,217.6,217.6,217.6,217.5,217.5,217.5,217.5,217.5,217.5,217.5,217.6,217.6,217.6,217.7,217.7,217.8,217.8,217.8,217.9,217.9,218.0,218.0,218.1,218.1,218.2,218.2,218.3,218.3,218.4,218.4,218.4,218.4,218.5,218.6,218.7,218.8,218.8,218.9,218.9,218.9,218.9,218.9
219.0,218.9,218.7,218.6,218.4,218.3,218.2,218.2,218.3,218.3,218.4,218.5,218.6,218.6,218.6,218.5,218.5,218.4,218.4,218.3,218.3,218.2,218.1,218.0,217.9,217.8,217.7,217.6,217.6,217.5,217.4,217.4,217.3,217.3,217.2,217.2,217.2,217.1,217.1,217.1,217.0,217.0,217.1,217.1,217.1,217.2,217.2,217.3,217.3,217.4,217.4,217.4,217.4,217.4,217.4,217.5,217.6,217.6,217.7,217.8,217.8,217.9,217.9,217.9,217.9,217.9,218.0,218.2,218.3,218.3,218.3,218.3,218.3,218.3,218.4,218.4,218.4
218.7,218.6,218.5,218.4,218.2,218.1,218.0,218.0,218.0,218.0,218.1,218.2,218.3,218.3,218.3,218.3,218.2,218.2,218.1,218.1,218.0,217.9,217.8,217.7,217.6,217.5,217.4,217.3,217.2,217.1,217.0,217.0,216.9,216.8,216.8,216.7,216.7,216.7,216.7,216.7,216.7,216.7,216.7,216.7,216.8,216.8,216.9,216.9,217.0,217.0,217.0,217.0,217.0,217.0,217.0,217.0,217.0,217.1,217.1,217.2,217.3,217.4,217.4,217.3,217.3,217.5,217.7,217.8,217.6,217.5,217.6,217.7,217.8,217.8,217.9,217.9,217.9
218.3,218.2,218.2,218.1,217.9,217.8,217.7,217.7,217.7,217.8,217.9,217.9,218.0,218.0,218.0,218.0,218.0,217.9,217.9,217.8,217.8,217.7,217.6,217.5,217.4,217.3,217.1,217.0,216.9,216.8,216.8,216.7,216.6,216.6,216.5,216.5,216.5,216.5,216.5,216.5,216.5,216.5,216.5,216.5,216.5,216.6,216.6,216.6,216.6,216.6,216.7,216.7,216.7,216.6,216.6,216.7,216.6,216.6,216.6,216.7,216.8,216.9,216.8,216.8,216.9,217.0,217.0,216.9,216.9,217.0,217.0,217.1,217.1,217.2,217.2,217.2,217.2
217.8,217.7,217.7,217.6,217.6,217.5,217.5,217.5,217.5,217.6,217.6,217.7,217.7,217.8,217.8,217.8,217.8,217.7,217.7,217.6,217.6,217.5,217.4,217.3,217.2,217.1,217.0,216.9,216.8,216.8,216.7,216.6,216.5,216.5,216.4,216.4,216.4,216.4,216.4,216.4,216.4,216.3,216.3,216.3,216.3,216.3,216.3,216.3,216.3,216.2,216.2,216.2,216.1,216.1,216.1,216.1,216.1,216.1,216.1,216.2,216.2,216.2,216.4,216.4,216.4,216.2,216.2,216.3,216.4,216.5,216.5,216.6,216.6,216.7,216.6,216.6,216.6
217.4,217.3,217.2,217.2,217.2,217.2,217.2,217.2,217.3,217.3,217.4,217.5,217.5,217.6,217.6,217.6,217.6,217.5,217.5,217.4,217.4,217.3,217.3,217.2,217.1,217.1,217.0,216.9,216.9,216.8,216.7,216.6,216.5,216.5,216.5,216.4,216.4,216.4,216.3,216.3,216.3,216.2,216.2,216.2,216.1,216.0,216.0,215.9,215.9,215.9,215.8,215.7,215.6,215.5,215.5,215.5,215.6,215.6,215.6,215.5,215.5,215.7,215.8,215.7,215.6,215.7,215.8,215.9,215.9,216.0,216.0,216.0,216.0,216.0,216.0,216.0,216.0
217.1,216.9,216.9,216.9,216.9,216.9,216.9,217.0,217.1,217.3,217.3,217.4,217.4,217.5,217.5,217.5,217.4,217.4,217.4,217.4,217.3,217.3,217.3,217.2,217.2,217.1,217.0,217.0,216.9,216.8,216.7,216.6,216.6,216.6,216.5,216.5,216.4,216.4,216.3,216.2,216.1,216.0,216.0,215.9,215.8,215.7,215.6,215.5,215.4,215.4,215.3,215.2,215.1,215.0,215.0,215.0,215.1,215.1,215.0,214.9,215.1,215.2,215.1,215.1,215.2,215.2,215.3,215.3,215.3,215.3,215.3,215.3,215.3,215.3,215.4,215.4,215.5
216.8,216.7,216.6,216.6,216.7,216.7,216.7,216.9,217.1,217.2,217.2,217.3,217.3,217.3,217.3,217.3,217.3,217.3,217.3,217.3,217.3,217.3,217.3,217.3,217.3,217.2,217.1,217.0,216.9,216.8,216.8,216.7,216.7,216.6,216.5,216.5,216.3,216.2,216.1,216.0,215.9,215.8,215.7,215.5,215.4,215.3,215.2,215.1,215.0,215.0,214.9,214.8,214.8,214.7,214.6,214.6,214.7,214.7,214.6,214.5,214.6,214.6,214.6,214.6,214.7,214.7,214.8,214.8,214.7,214.8,214.8,214.8,214.8,214.9,214.9,215.0,215.1
216.5,216.4,216.3,216.4,216.5,216.5,216.6,216.8,216.9,217.0,217.1,217.2,217.2,217.2,217.3,217.2,217.2,217.3,217.3,217.3,217.4,217.4,217.4,217.4,217.4,217.3,217.2,217.1,217.0,217.0,216.9,216.8,216.8,216.7,216.6,216.4,216.3,216.2,216.0,215.9,215.7,215.5,215.4,215.2,215.1,214.9,214.8,214.7,214.6,214.5,214.4,214.4,214.3,214.3,214.3,214.2,214.2,214.2,214.1,214.1,214.2,214.1,214.1,214.2,214.2,214.2,214.2,214.2,214.3,214.3,214.3,214.4,214.5,214.5,214.6,214.7,214.9
216.2,216.1,216.0,216.1,216.2,216.4,216.6,216.7,216.8,216.9,217.0,217.1,217.1,217.2,217.2,217.2,217.2,217.2,217.3,217.3,217.4,217.4,217.5,217.4,217.4,217.4,217.3,217.3,217.2,217.2,217.1,217.0,216.9,216.7,216.5,216.4,216.2,216.0,215.8,215.6,215.5,215.3,215.1,214.9,214.7,214.5,214.4,214.2,214.1,214.0,214.0,214.0,213.9,213.9,213.9,213.8,213.8,213.8,213.7,213.8,213.7,213.5,213.7,213.7,213.7,213.8,213.8,213.8,213.9,214.0,214.0,214.1,214.2,214.3,214.4,214.6,214.8
215.8,215.7,215.7,215.8,216.0,216.2,216.4,216.5,216.6,216.7,216.9,216.9,217.0,217.1,217.1,217.1,217.1,217.2,217.3,217.3,217.4,217.5,217.5,217.5,217.5,217.5,217.5,217.4,217.3,217.2,217.1,217.0,216.8,216.6,216.4,216.1,215.9,215.8,215.6,215.3,215.1,214.9,214.7,214.5,214.3,214.1,213.9,213.8,213.7,213.7,213.6,213.6,213.5,213.5,213.5,213.5,213.4,213.4,213.3,213.2,213.2,213.3,213.3,213.2,213.3,213.4,213.4,213.5,213.7,213.8,213.9,214.0,214.1,214.2,214.4,214.6,214.9
215.5,215.4,215.4,215.5,215.8,216.0,216.2,216.4,216.5,216.5,216.6,216.7,216.8,216.9,217.0,217.1,217.1,217.2,217.3,217.3,217.4,217.5,217.6,217.6,217.6,217.5,217.5,217.4,217.3,217.1,217.0,216.8,216.6,216.3,216.1,215.8,215.6,215.4,215.2,215.0,214.8,214.5,214.3,214.1,213.9,213.7,213.6,213.5,213.4,213.3,213.2,213.1,213.1,213.1,213.1,213.1,213.1,213.0,212.9,212.9,213.0,212.9,212.8,212.8,212.9,213.0,213.2,213.4,213.5,213.6,213.7,213.8,213.9,214.2,214.5,214.8,215.1
215.1,215.1,215.1,215.3,215.5,215.8,216.0,216.1,216.2,216.4,216.5,216.6,216.8,216.9,216.9,217.0,217.1,217.2,217.3,217.4,217.5,217.5,217.6,217.6,217.6,217.5,217.4,217.3,217.1,217.0,216.8,216.5,216.3,216.0,215.8,215.5,215.3,215.1,214.9,214.7,214.5,214.3,214.0,213.8,213.7,213.5,213.4,213.2,213.1,212.9,212.9,212.8,212.8,212.8,212.8,212.9,212.8,212.8,212.8,212.7,212.6,212.6,212.6,212.6,212.7,212.8,213.0,213.2,213.4,213.5,213.6,213.8,214.0,214.3,214.6,215.0,215.4
214.8,214.8,214.9,215.1,215.3,215.6,215.8,215.9,216.1,216.3,216.4,216.6,216.7,216.8,216.9,217.0,217.1,217.2,217.3,217.4,217.5,217.5,217.5,217.5,217.5,217.4,217.3,217.2,217.0,216.7,216.5,216.3,216.1,215.8,215.6,215.4,215.1,214.9,214.7,214.4,214.2,214.0,213.8,213.6,213.5,213.3,213.2,213.0,212.9,212.8,212.7,212.7,212.6,212.6,212.6,212.6,212.6,212.6,212.6,212.5,212.5,212.4,212.4,212.5,212.6,212.8,213.0,213.2,213.4,213.5,213.6,213.8,214.1,214.4,214.8,215.2,215.5
