wind-weather/data/weather/current/current-temp-isobaric-250hPa-gfs-1.0.json
{"header": {"discipline":0,"disciplineName":"Meteorologicalproducts","gribEdition":2,"gribLength":32965,"center":7,"centerName":"USNationalWeatherService-NCEP(WMC)","subcenter":0,"refTime":"2015-09-28T00:00:00.000Z","significanceOfRT":0,"significanceOfRTName":"Analysis","productStatus":0,"productStatusName":"Operationalproducts","productType":0,"productTypeName":"Analysisproducts","productDefinitionTemplate":0,"productDefinitionTemplateName":"Analysis/forecastathorizontallevel/layeratapointintime","parameterCategory":0,"parameterCategoryName":"Temperature","parameterNumber":0,"parameterNumberName":"Temperature","parameterUnit":"K","genProcessType":0,"genProcessTypeName":"Analysis","forecastTime":0,"surface1Type":100,"surface1TypeName":"Isobaricsurface","surface1Value":25000.0,"surface2Type":255,"surface2TypeName":"Missing","surface2Value":0.0,"gridDefinitionTemplate":0,"gridDefinitionTemplateName":"Latitude_Longitude","numberPoints":65160,"shape":6,"shapeName":"Earthsphericalwithradiusof6,371,229.0m","gridUnits":"degrees","resolution":48,"winds":"true","scanMode":0,"nx":360,"ny":181,"basicAngle":0,"subDivisions":0,"lo1":0.0,"la1":90.0,"lo2":359.0,"la2":-90.0,"dx":1.0,"dy":1.0}, "data":
[rows 136 to 169 of 181, columns 77 to 153 of 360]
225.0,224.7,224.7,224.8,225.0,225.3,225.4,225.4,225.3,225.4,225.5,225.4,225.1,224.4,223.2,222.2,221.1,219.7,218.9,217.1,215.8,215.1,215.0,215.8,217.5,219.6,221.8,223.6,225.2,226.3,227.4,227.7,227.2,226.3,224.5,222.4,220.2,218.3,216.6,214.8,213.9,213.5,213.6,213.7,213.4,212.7,212.4,212.4,212.5,212.6,212.6,212.6,212.7,212.7,212.8,212.9,213.0,213.0,213.1,213.8,215.2,216.5,217.6,218.1,218.4,218.2,217.5,216.3,216.0,215.4,215.2,214.6,213.9,214.1,213.9,213.9,214.0
224.9,224.7,224.6,224.7,225.1,225.1,225.1,224.9,224.7,224.8,224.8,224.5,223.9,223.0,221.9,220.8,219.2,218.3,216.8,215.2,214.2,213.8,214.7,216.3,218.4,220.6,222.5,224.2,225.8,227.0,227.6,227.7,227.3,226.0,224.1,221.8,219.8,217.8,216.1,214.4,213.4,213.1,213.2,213.3,213.0,212.3,211.9,211.9,212.1,212.2,212.3,212.4,212.4,212.5,212.6,212.7,212.7,212.7,212.5,212.4,213.0,214.2,215.3,216.1,216.6,216.9,216.9,216.3,216.3,215.4,214.7,214.3,213.6,213.7,214.1,213.4,213.4
224.7,224.4,224.3,224.6,224.5,224.5,224.4,224.1,224.2,224.1,223.6,223.0,222.2,221.2,220.1,218.8,217.6,215.9,214.3,213.0,212.3,213.2,214.9,216.8,218.6,220.5,222.3,224.0,225.6,226.8,227.1,226.9,226.4,225.3,223.1,220.9,218.8,217.0,215.3,213.8,212.9,212.6,212.7,212.9,212.7,212.2,211.7,211.5,211.6,211.8,212.0,212.0,212.1,212.2,212.4,212.4,212.5,212.3,212.0,211.7,211.5,211.8,212.6,213.6,214.6,215.2,215.5,215.6,215.4,215.6,214.9,214.2,213.7,213.3,213.2,213.6,213.5
224.2,224.0,223.9,223.7,223.7,223.6,223.4,223.4,223.4,222.8,221.9,221.1,220.3,219.3,218.4,216.9,215.0,213.6,212.1,211.5,212.3,213.7,215.3,216.7,218.0,219.6,221.4,223.2,224.7,225.7,225.9,225.7,225.0,223.8,222.1,220.4,218.5,216.1,214.5,213.5,212.5,212.1,212.2,212.4,212.4,212.0,211.6,211.4,211.4,211.5,211.6,211.7,211.8,211.9,212.1,212.2,212.2,212.1,211.8,211.5,211.1,210.8,210.6,210.9,211.6,212.4,213.6,214.6,214.6,214.4,214.6,214.1,213.4,213.1,212.9,212.7,212.8
223.7,223.4,223.0,222.8,222.6,222.6,222.5,222.4,221.9,221.0,220.1,219.3,218.3,217.4,215.9,214.4,212.9,211.5,211.4,211.8,212.8,214.1,215.0,215.8,216.7,218.0,219.7,221.5,223.1,224.2,224.3,223.9,223.3,222.2,220.8,219.0,217.5,216.0,214.7,213.2,212.0,211.5,211.6,211.8,212.0,211.9,211.7,211.4,211.2,211.2,211.3,211.4,211.5,211.6,211.7,212.0,212.0,211.9,211.7,211.3,211.0,210.6,210.1,209.7,209.6,210.0,211.0,212.2,213.2,213.7,213.5,213.3,213.3,212.9,212.4,212.3,212.3
222.8,222.4,222.0,221.6,221.6,221.5,221.4,221.0,220.0,219.2,218.3,217.1,216.0,214.8,213.7,212.3,211.3,211.4,211.7,212.0,212.8,213.4,214.0,214.8,215.6,216.5,217.6,218.9,220.4,221.6,222.2,221.9,221.2,220.2,219.2,217.9,215.8,214.4,213.0,211.8,211.2,211.0,210.9,211.2,211.5,211.7,211.7,211.5,211.3,211.2,211.2,211.3,211.4,211.5,211.6,211.7,211.8,211.7,211.5,211.2,210.8,210.4,210.0,209.7,209.4,209.2,209.3,209.6,210.3,211.2,211.8,212.2,212.3,212.3,212.3,212.2,212.1
221.3,220.9,220.7,220.5,220.4,220.1,219.9,219.0,218.1,217.2,215.9,214.8,213.8,212.9,211.9,211.2,211.3,211.6,211.8,211.9,212.1,212.5,212.9,213.6,214.4,215.3,216.0,216.6,217.3,218.3,219.2,219.7,219.4,218.6,217.6,216.6,215.7,214.2,212.8,211.8,211.0,210.6,210.5,210.7,211.1,211.4,211.6,211.6,211.4,211.3,211.3,211.4,211.5,211.6,211.7,211.7,211.5,211.3,211.3,211.1,210.7,210.2,209.8,209.5,209.2,209.0,209.0,208.9,208.9,208.9,209.2,209.8,210.5,211.0,211.3,211.5,211.7
219.8,219.7,219.5,219.3,218.8,218.7,218.0,216.9,216.1,215.1,214.0,213.0,212.2,211.5,211.1,211.2,211.5,211.8,211.8,211.6,211.5,211.7,211.9,212.3,212.8,213.3,214.1,215.0,215.9,216.4,216.7,217.2,217.6,217.5,216.9,216.2,215.1,214.0,213.5,212.7,211.6,210.9,210.6,210.7,210.9,211.1,211.3,211.4,211.4,211.3,211.3,211.4,211.6,211.7,211.7,211.5,211.2,211.0,210.8,210.6,210.4,210.0,209.5,209.1,208.7,208.5,208.3,208.3,208.4,208.5,208.4,208.3,208.4,208.7,209.3,209.9,210.4
218.6,218.3,218.2,217.6,217.6,217.1,216.1,215.1,214.3,213.2,212.8,211.8,211.3,211.0,211.2,211.4,211.7,211.7,211.6,211.5,211.2,211.1,211.2,211.5,211.9,212.2,212.6,213.1,213.9,214.8,215.7,216.3,216.3,216.4,216.5,216.1,215.5,214.8,213.7,212.6,212.0,211.7,211.2,210.9,210.7,210.6,210.8,211.1,211.3,211.4,211.5,211.5,211.7,211.6,211.4,211.2,210.9,210.6,210.3,210.1,209.9,209.7,209.3,208.8,208.3,207.9,207.6,207.5,207.4,207.6,207.8,208.0,207.9,207.9,207.9,208.1,208.4
217.1,217.0,216.6,216.5,216.4,215.6,214.6,213.5,212.4,211.7,211.7,211.2,211.0,210.9,211.1,211.4,211.5,211.4,211.3,211.3,211.2,211.0,211.0,211.0,211.2,211.6,212.0,212.4,212.9,213.4,214.0,214.7,215.4,216.0,216.2,216.1,216.0,215.6,214.8,213.8,212.9,212.1,211.5,211.0,210.6,210.5,210.6,210.8,210.9,211.0,211.0,211.1,211.2,211.2,211.1,210.9,210.5,210.2,209.8,209.6,209.4,209.2,208.8,208.4,208.0,207.6,207.3,207.0,206.8,206.6,206.6,206.8,207.0,207.2,207.4,207.5,207.7
215.9,215.8,215.4,215.6,215.2,214.5,213.6,212.6,211.3,210.8,210.8,210.7,210.6,210.6,210.8,211.1,211.1,211.1,211.1,211.1,211.1,211.0,210.9,210.8,210.9,211.2,211.6,212.0,212.5,213.0,213.5,214.1,214.6,215.1,215.6,216.2,216.3,216.1,215.8,215.2,214.2,213.1,212.2,211.5,211.0,210.6,210.3,210.2,210.1,210.2,210.3,210.4,210.6,210.7,210.7,210.4,210.0,209.6,209.4,209.1,208.9,208.6,208.3,207.9,207.7,207.4,207.2,206.9,206.6,206.3,206.1,206.0,206.0,206.1,206.2,206.3,206.5
214.8,214.7,214.5,214.5,214.0,213.2,212.3,211.6,210.9,210.3,210.1,210.1,210.1,210.2,210.5,210.7,210.7,210.8,210.8,210.8,210.8,210.8,210.8,210.8,210.8,211.0,211.2,211.5,212.0,212.6,213.1,213.7,214.3,215.0,215.7,216.0,216.3,216.7,216.5,216.1,215.5,214.6,213.5,212.3,211.5,210.9,210.5,210.0,209.7,209.7,209.6,209.6,209.6,209.7,209.7,209.7,209.5,209.3,208.9,208.7,208.4,208.2,207.9,207.6,207.4,207.2,207.0,206.8,206.5,206.2,205.9,205.7,205.5,205.3,205.3,205.4,205.4
213.9,213.7,213.6,213.4,212.8,212.0,211.2,210.6,210.3,209.8,209.5,209.6,209.7,209.9,210.1,210.3,210.4,210.4,210.4,210.4,210.6,210.6,210.6,210.6,210.7,210.7,210.8,211.0,211.4,211.9,212.6,213.1,213.8,214.5,215.3,216.1,216.6,216.7,216.8,216.8,216.4,215.7,215.0,213.9,212.7,211.6,210.7,210.2,209.8,209.4,209.0,208.9,208.8,208.8,208.9,208.9,208.9,208.8,208.7,208.5,208.3,208.1,207.9,207.6,207.4,207.1,206.9,206.6,206.4,206.1,205.8,205.6,205.3,205.0,204.8,204.7,204.6
213.1,212.9,212.7,212.4,211.8,211.1,210.5,209.8,209.5,209.3,209.2,209.2,209.3,209.5,209.7,209.9,209.9,209.9,209.9,210.1,210.2,210.2,210.3,210.4,210.3,210.3,210.3,210.5,210.9,211.3,211.9,212.5,213.1,213.8,214.7,215.8,216.8,217.1,217.0,216.8,216.5,216.2,215.7,215.0,214.1,213.1,211.9,210.8,209.9,209.3,208.9,208.6,208.2,208.0,207.9,207.9,207.9,207.9,208.0,208.0,208.0,207.8,207.6,207.4,207.1,206.9,206.7,206.4,206.2,206.0,205.8,205.5,205.2,204.9,204.6,204.3,204.1
212.2,212.0,211.8,211.3,210.8,210.2,209.7,209.4,209.0,208.8,208.8,208.8,208.9,209.1,209.3,209.5,209.5,209.5,209.6,209.7,209.7,209.9,210.0,209.9,209.8,209.7,209.8,210.0,210.3,210.8,211.2,211.8,212.5,213.3,214.3,215.2,216.1,216.7,216.8,216.6,216.2,215.8,215.5,215.2,214.6,213.8,212.9,212.0,210.9,209.9,209.1,208.4,207.9,207.7,207.5,207.3,207.1,207.0,207.0,207.0,207.1,207.1,207.0,206.9,206.7,206.6,206.4,206.2,206.0,205.9,205.6,205.3,205.0,204.7,204.4,204.1,203.9
211.3,211.1,210.9,210.4,209.8,209.4,209.0,208.8,208.5,208.3,208.3,208.4,208.6,208.8,208.9,209.1,209.2,209.2,209.3,209.3,209.4,209.6,209.5,209.3,209.1,209.1,209.2,209.4,209.7,210.1,210.6,211.1,211.8,212.6,213.5,214.5,215.2,215.7,215.6,215.4,215.1,214.8,214.5,214.2,214.0,213.5,212.9,212.1,211.4,210.5,209.6,209.0,208.4,207.7,207.1,206.8,206.6,206.5,206.5,206.5,206.4,206.4,206.3,206.3,206.2,206.1,206.1,206.0,205.7,205.4,205.1,204.9,204.6,204.3,204.0,203.9,203.9
210.5,210.3,209.9,209.5,209.2,208.8,208.4,208.2,208.1,208.0,208.0,208.1,208.2,208.4,208.5,208.6,208.7,208.8,208.8,208.9,209.1,209.1,208.8,208.5,208.4,208.4,208.6,208.8,209.1,209.6,210.1,210.6,211.2,211.9,212.6,213.4,214.0,214.2,214.1,213.9,213.7,213.4,213.1,212.9,212.7,212.5,212.2,211.8,211.2,210.5,209.8,209.1,208.5,208.1,207.7,207.2,206.8,206.4,206.2,206.0,205.9,205.9,205.9,206.0,205.9,205.7,205.5,205.3,205.1,204.9,204.6,204.3,204.1,204.0,204.1,204.2,204.4
209.8,209.3,209.1,208.8,208.3,208.1,207.9,207.7,207.6,207.7,207.8,207.8,207.9,208.0,208.0,208.1,208.1,208.2,208.3,208.4,208.4,208.3,208.1,207.8,207.8,208.0,208.2,208.4,208.6,209.0,209.4,210.0,210.5,211.1,211.7,212.0,212.3,212.4,212.4,212.2,212.1,211.8,211.7,211.6,211.4,211.1,210.8,210.5,210.2,209.7,209.2,208.8,208.3,207.9,207.5,207.3,207.0,206.8,206.6,206.4,206.1,205.9,205.7,205.4,205.2,205.0,204.9,204.7,204.5,204.3,204.3,204.2,204.3,204.5,204.7,204.9,205.2
208.6,208.4,208.2,208.0,207.8,207.5,207.3,207.3,207.2,207.1,207.1,207.2,207.3,207.3,207.4,207.4,207.4,207.5,207.6,207.8,207.8,207.7,207.4,207.3,207.5,207.7,207.9,208.0,208.2,208.5,208.8,209.0,209.5,210.0,210.6,210.9,210.8,210.6,210.6,210.5,210.3,210.0,209.8,209.8,209.7,209.5,209.2,208.8,208.6,208.3,208.0,207.7,207.3,207.0,206.7,206.4,206.1,205.8,205.6,205.4,205.2,205.1,204.9,204.7,204.6,204.4,204.3,204.3,204.3,204.3,204.4,204.4,204.6,205.0,205.3,205.6,205.8
208.1,207.9,207.6,207.2,206.9,206.8,206.7,206.6,206.6,206.5,206.5,206.6,206.6,206.6,206.6,206.7,206.8,207.0,207.2,207.3,207.2,207.0,206.9,207.1,207.3,207.5,207.7,207.8,207.9,208.0,208.1,208.2,208.4,208.7,209.1,209.4,209.6,209.5,209.0,208.6,208.4,208.3,208.1,207.9,207.7,207.6,207.5,207.3,207.0,206.7,206.4,206.2,205.9,205.7,205.5,205.3,205.1,204.9,204.7,204.5,204.3,204.2,204.2,204.2,204.2,204.3,204.3,204.4,204.5,204.5,204.8,205.2,205.5,205.7,205.8,206.0,206.3
207.3,206.8,206.4,206.2,206.1,206.0,205.9,205.9,205.9,206.0,206.0,206.1,206.1,206.2,206.2,206.4,206.5,206.6,206.6,206.5,206.4,206.5,206.6,206.9,207.1,207.3,207.3,207.3,207.4,207.5,207.6,207.7,207.8,208.0,208.2,208.5,208.4,208.3,207.8,207.4,206.9,206.5,206.2,206.0,205.8,205.7,205.5,205.3,205.3,205.2,205.1,204.9,204.8,204.6,204.5,204.4,204.3,204.2,204.2,204.1,204.2,204.2,204.2,204.4,204.5,204.6,204.8,205.0,205.0,205.1,205.4,205.6,205.9,206.0,206.1,206.4,206.6
205.9,205.7,205.6,205.4,205.3,205.3,205.4,205.5,205.6,205.7,205.7,205.8,205.9,206.0,206.0,206.0,206.0,205.9,205.8,205.9,205.9,206.1,206.3,206.5,206.6,206.7,206.9,207.1,207.2,207.3,207.2,207.2,207.3,207.5,207.7,207.7,207.8,207.4,207.0,206.7,206.4,206.0,205.4,204.9,204.4,204.3,203.9,203.7,203.8,203.4,203.8,203.8,203.9,204.0,203.8,203.8,203.7,203.9,203.9,204.0,204.0,204.1,204.3,204.5,204.6,204.7,204.9,204.9,204.9,205.2,205.9,206.4,206.4,206.5,206.6,206.6,206.7
205.7,205.6,205.5,205.4,205.2,205.1,205.1,205.1,205.1,205.2,205.3,205.3,205.4,205.3,205.3,205.3,205.2,205.2,205.3,205.4,205.5,205.7,205.8,206.0,206.2,206.3,206.4,206.5,206.7,206.7,206.8,206.9,207.1,207.3,207.5,207.5,207.3,207.0,206.7,206.5,206.1,205.6,205.1,204.8,204.4,204.0,203.6,203.4,203.3,203.3,203.3,203.2,203.2,203.2,203.3,203.3,203.3,203.3,203.4,203.5,203.6,203.8,204.0,204.3,204.7,205.1,205.4,205.3,205.0,204.6,205.3,205.9,206.1,206.4,206.7,206.8,206.9
204.7,204.7,204.5,204.4,204.5,204.5,204.6,204.6,204.7,204.7,204.8,204.8,204.8,204.8,204.8,204.8,204.9,204.9,205.0,205.1,205.2,205.4,205.5,205.6,205.8,205.9,206.0,206.0,206.1,206.2,206.2,206.3,206.4,206.6,206.7,206.7,206.6,206.5,206.4,206.1,205.8,205.4,205.0,204.7,204.4,204.1,203.9,203.8,203.7,203.6,203.6,203.5,203.5,203.4,203.4,203.3,203.4,203.4,203.5,203.4,203.4,203.3,203.2,203.1,203.2,203.2,203.4,203.8,204.4,205.1,205.2,205.3,205.6,206.0,206.4,206.5,206.6
204.4,204.4,204.3,204.3,204.2,204.2,204.3,204.3,204.4,204.4,204.4,204.4,204.5,204.5,204.5,204.5,204.6,204.6,204.7,204.8,204.9,205.0,205.1,205.2,205.3,205.4,205.4,205.5,205.5,205.5,205.5,205.6,205.6,205.7,205.8,205.7,205.7,205.7,205.6,205.4,205.1,204.9,204.6,204.3,204.1,203.9,203.7,203.5,203.4,203.3,203.2,203.1,203.0,202.9,202.9,202.8,202.8,202.8,202.7,202.4,202.3,202.2,202.2,202.0,202.1,202.4,202.9,203.5,203.9,204.1,204.4,205.0,205.3,205.5,205.7,206.0,206.1
204.0,203.8,203.8,203.8,203.8,203.8,203.8,203.8,203.8,203.9,203.9,204.0,204.0,204.0,204.1,204.2,204.2,204.3,204.4,204.5,204.5,204.6,204.7,204.7,204.8,204.8,204.8,204.8,204.7,204.7,204.7,204.8,204.8,204.8,204.8,204.8,204.7,204.5,204.3,204.1,203.9,203.7,203.5,203.3,203.1,202.9,202.7,202.6,202.4,202.3,202.2,202.0,201.8,201.6,201.7,201.8,201.9,201.8,201.6,201.3,201.2,201.2,201.4,201.9,202.4,202.6,202.7,202.8,203.0,203.5,203.9,204.1,204.4,204.7,205.0,205.2,205.3
203.8,203.8,203.8,203.8,203.7,203.7,203.7,203.7,203.7,203.7,203.7,203.7,203.8,203.8,203.8,203.9,203.9,204.0,204.0,204.1,204.1,204.1,204.1,204.1,204.1,204.1,204.1,204.0,204.0,204.0,203.9,203.9,203.9,203.8,203.7,203.5,203.4,203.1,202.9,202.6,202.4,202.2,201.9,201.7,201.5,201.4,201.3,201.2,201.1,201.0,201.0,201.0,201.1,201.0,201.1,201.3,201.2,200.8,200.6,200.6,200.8,201.0,201.4,201.6,201.6,201.7,201.9,202.2,202.5,202.8,203.1,203.4,203.8,204.1,204.4,204.6,204.8
203.5,203.5,203.5,203.4,203.4,203.4,203.4,203.4,203.4,203.4,203.4,203.4,203.4,203.4,203.4,203.4,203.4,203.5,203.5,203.5,203.5,203.5,203.4,203.4,203.4,203.4,203.4,203.3,203.3,203.2,203.1,202.9,202.8,202.7,202.5,202.3,202.0,201.7,201.4,201.0,200.8,200.5,200.4,200.3,200.3,200.4,200.5,200.5,200.5,200.5,200.4,200.5,200.6,200.6,200.5,200.4,200.3,200.2,200.1,200.2,200.5,200.8,201.0,200.9,201.0,201.1,201.4,201.6,201.9,202.2,202.5,202.7,202.9,203.1,203.4,203.7,203.9
203.5,203.3,203.2,203.1,203.0,203.0,202.9,202.9,202.9,202.8,202.8,202.8,202.9,202.9,202.9,202.9,202.9,202.9,202.9,202.9,202.9,202.9,202.8,202.8,202.8,202.8,202.7,202.6,202.4,202.2,202.0,201.9,201.7,201.6,201.4,201.1,200.8,200.4,200.2,200.0,199.9,199.8,199.7,199.6,199.7,199.9,200.0,200.1,200.1,200.1,200.2,200.2,200.2,200.1,199.9,199.8,199.8,199.9,200.1,200.3,200.3,200.3,200.2,200.3,200.4,200.6,200.9,201.2,201.5,201.7,201.9,202.0,202.2,202.3,202.4,202.4,202.5
203.6,203.5,203.4,203.3,203.1,203.0,202.9,202.8,202.7,202.7,202.6,202.6,202.5,202.5,202.5,202.5,202.4,202.4,202.4,202.4,202.4,202.3,202.3,202.2,202.1,201.9,201.7,201.5,201.4,201.3,201.1,201.0,200.8,200.6,200.3,200.1,199.9,199.8,199.7,199.6,199.5,199.4,199.3,199.4,199.5,199.6,199.7,199.7,199.8,199.8,199.8,199.7,199.7,199.6,199.6,199.6,199.8,200.0,200.1,200.1,199.9,199.7,199.7,199.8,199.9,200.2,200.5,200.7,200.9,201.1,201.1,201.2,201.2,201.3,201.3,201.3,201.3
203.3,203.2,203.2,203.1,203.0,202.9,202.8,202.7,202.6,202.5,202.4,202.4,202.3,202.2,202.2,202.1,202.0,202.0,201.9,201.8,201.7,201.6,201.5,201.3,201.2,201.1,201.0,200.9,200.8,200.6,200.4,200.2,200.0,199.8,199.6,199.5,199.4,199.3,199.2,199.1,199.1,199.2,199.3,199.4,199.4,199.4,199.4,199.4,199.4,199.3,199.3,199.2,199.3,199.4,199.5,199.7,200.0,200.1,200.0,199.9,199.7,199.6,199.5,199.6,199.7,199.9,200.1,200.2,200.4,200.5,200.5,200.6,200.5,200.6,200.6,200.6,200.6
202.8,202.7,202.5,202.4,202.3,202.2,202.1,202.0,201.9,201.8,201.7,201.7,201.6,201.6,201.6,201.5,201.4,201.3,201.3,201.2,201.1,201.1,201.0,200.9,200.8,200.7,200.5,200.2,200.0,199.7,199.6,199.4,199.4,199.3,199.2,199.1,198.9,198.9,198.9,198.9,199.0,199.2,199.3,199.4,199.4,199.4,199.3,199.3,199.3,199.3,199.3,199.4,199.6,199.8,199.9,200.0,200.0,200.1,200.1,200.0,199.8,199.7,199.7,199.6,199.7,199.8,199.9,200.0,200.1,200.2,200.2,200.3,200.3,200.3,200.4,200.4,200.4
201.9,201.8,201.8,201.6,201.5,201.4,201.3,201.3,201.2,201.2,201.1,201.1,201.1,201.0,200.9,200.9,200.9,200.8,200.7,200.6,200.5,200.3,200.1,199.9,199.8,199.7,199.6,199.5,199.5,199.4,199.3,199.2,199.0,198.9,198.9,198.8,198.7,198.7,198.8,199.0,199.2,199.3,199.4,199.4,199.4,199.3,199.3,199.3,199.3,199.4,199.5,199.7,199.9,200.1,200.2,200.3,200.3,200.3,200.3,200.3,200.3,200.3,200.3,200.3,200.3,200.3,200.3,200.3,200.4,200.4,200.4,200.4,200.4,200.4,200.4,200.4,200.4
200.8,200.8,200.9,200.9,200.8,200.8,200.8,200.7,200.7,200.6,200.5,200.4,200.4,200.3,200.2,200.2,200.1,200.0,200.0,199.9,199.8,199.7,199.7,199.5,199.4,199.2,199.1,198.9,198.9,198.9,198.9,199.0,198.9,198.9,198.8,198.8,198.9,199.0,199.1,199.1,199.1,199.1,199.1,199.1,199.2,199.3,199.5,199.7,199.9,200.0,200.0,200.0,200.0,200.1,200.2,200.3,200.5,200.7,200.9,201.1,201.2,201.3,201.4,201.4,201.4,201.4,201.4,201.4,201.3,201.3,201.3,201.2,201.2,201.2,201.1,201.1,201.0
