wind-weather/data/weather/current/current-relative_humidity-isobaric-700hPa-gfs-1.0.json
{"header": {"discipline":0,"disciplineName":"Meteorologicalproducts","gribEdition":2,"gribLength":73774,"center":7,"centerName":"USNationalWeatherService-NCEP(WMC)","subcenter":0,"refTime":"2015-09-28T00:00:00.000Z","significanceOfRT":0,"significanceOfRTName":"Analysis","productStatus":0,"productStatusName":"Operationalproducts","productType":0,"productTypeName":"Analysisproducts","productDefinitionTemplate":0,"productDefinitionTemplateName":"Analysis/forecastathorizontallevel/layeratapointintime","parameterCategory":1,"parameterCategoryName":"Moisture","parameterNumber":1,"parameterNumberName":"Relative_humidity","parameterUnit":"percent","genProcessType":0,"genProcessTypeName":"Analysis","forecastTime":0,"surface1Type":100,"surface1TypeName":"Isobaricsurface","surface1Value":70000.0,"surface2Type":255,"surface2TypeName":"Missing","surface2Value":0.0,"gridDefinitionTemplate":0,"gridDefinitionTemplateName":"Latitude_Longitude","numberPoints":65160,"shape":6,"shapeName":"Earthsphericalwithradiusof6,371,229.0m","gridUnits":"degrees","resolution":48,"winds":"true","scanMode":0,"nx":360,"ny":181,"basicAngle":0,"subDivisions":0,"lo1":0.0,"la1":90.0,"lo2":359.0,"la2":-90.0,"dx":1.0,"dy":1.0}, "data":
[rows 114 to 151 of 181, columns 85 to 169 of 360]
6.5,6.3,6.7,6.0,4.8,3.1,4.0,5.7,9.6,3.2,45.9,17.8,23.1,32.2,14.8,2.2,3.1,4.6,5.7,6.3,9.1,12.4,18.4,20.8,19.5,17.4,18.7,43.8,45.5,38.5,33.0,29.0,29.3,26.1,26.7,25.1,18.9,16.4,15.3,11.1,10.8,13.4,18.3,12.7,14.2,15.8,22.2,18.7,13.6,9.3,10.6,10.2,7.8,18.3,36.0,43.5,44.4,47.1,47.8,47.3,51.1,49.7,53.5,45.1,42.1,45.7,36.6,29.0,21.3,40.9,45.0,61.4,73.8,67.6,42.3,40.0,40.0,27.4,17.3,16.6,0.4,9.6,11.2,9.1,7.0
4.9,5.0,5.1,6.6,7.8,5.8,3.7,5.2,7.1,9.2,12.6,10.1,8.4,9.7,8.5,8.9,4.1,0.7,2.6,4.7,6.3,10.6,15.2,22.4,25.5,24.6,17.6,24.8,39.1,38.4,33.0,28.9,27.8,27.7,27.8,29.4,25.2,26.1,27.4,16.1,12.7,8.8,7.6,10.6,16.2,14.7,18.7,16.6,13.5,9.3,12.8,15.7,13.6,10.4,17.1,30.7,36.5,41.5,41.4,39.0,42.3,46.1,46.5,46.0,42.6,42.8,38.6,33.5,17.2,35.5,50.9,53.9,61.7,66.7,58.8,32.0,33.8,18.7,53.7,25.7,49.1,17.1,13.3,14.3,10.3
5.6,5.7,5.4,5.5,6.2,7.9,7.8,5.6,6.5,8.6,10.7,11.0,11.8,12.1,13.0,11.4,10.5,8.8,6.1,6.6,6.2,8.6,13.5,19.0,23.6,26.6,20.2,15.7,24.1,30.2,34.3,28.5,29.0,27.7,27.2,28.4,29.9,27.7,34.2,30.0,26.8,21.6,10.3,6.3,11.0,17.0,20.2,13.3,6.8,7.7,15.3,14.4,17.8,15.8,16.4,15.2,17.4,22.0,28.0,37.4,44.7,52.2,47.0,39.6,38.9,43.5,44.5,31.2,20.6,33.4,58.2,59.3,39.0,63.0,71.6,53.5,26.1,11.8,51.9,59.7,65.8,27.2,22.8,15.2,14.4
4.3,5.1,6.0,6.7,6.9,7.0,7.3,8.8,9.8,9.8,10.1,10.9,12.2,12.9,12.5,12.2,11.3,11.1,10.3,9.8,8.0,6.4,9.7,15.0,22.3,26.4,23.3,12.3,21.2,22.4,34.0,32.3,29.4,27.7,28.5,30.4,28.9,28.8,32.2,38.1,37.5,36.8,34.0,28.6,20.9,8.8,10.5,10.4,10.4,7.9,24.7,21.7,13.4,12.9,12.9,13.8,17.1,25.0,39.5,47.4,46.1,46.7,44.7,31.5,31.5,23.4,14.2,24.9,13.1,27.9,59.0,72.5,44.3,21.8,54.8,72.4,45.2,26.1,25.3,82.4,55.5,41.1,36.7,21.6,21.0
5.0,4.8,4.8,5.5,6.7,7.4,8.4,8.8,8.9,9.5,10.5,10.9,10.4,10.1,10.0,9.7,10.9,13.2,10.2,10.8,10.7,8.4,7.4,8.3,12.8,19.7,22.1,15.0,30.8,34.0,44.1,33.1,29.8,29.6,31.1,30.9,28.5,29.9,30.9,38.1,41.9,43.0,42.5,37.4,42.0,36.3,24.5,15.1,9.1,8.8,18.3,20.6,15.8,10.1,10.7,12.7,12.8,14.0,14.7,17.2,21.6,24.4,20.3,14.7,10.0,7.3,21.5,1.4,13.6,19.7,30.9,52.5,62.7,46.5,16.5,33.2,69.2,36.0,32.5,65.5,60.3,41.9,18.1,22.3,56.4
15.2,10.9,7.7,6.5,6.1,6.2,6.7,9.1,11.5,10.2,8.4,8.1,7.9,7.6,7.1,6.0,6.0,9.3,13.4,9.9,11.6,11.5,10.1,8.3,7.7,11.7,17.3,14.7,26.4,56.9,57.5,39.0,32.9,31.7,28.8,28.0,25.7,26.8,34.1,36.8,41.0,45.7,46.1,40.6,39.8,49.5,50.3,43.4,32.4,16.2,10.6,18.5,20.3,33.4,30.1,26.6,18.5,15.2,10.8,6.6,5.0,3.1,2.9,5.9,7.8,6.3,7.2,4.8,19.1,13.3,24.4,18.7,16.4,21.2,30.4,10.3,47.3,63.9,32.1,73.1,69.7,56.6,25.8,35.5,66.5
35.9,31.5,23.9,16.2,11.1,8.0,6.8,7.7,11.1,15.5,14.7,13.8,13.0,10.6,8.9,7.0,5.2,4.1,8.4,13.6,11.2,12.2,12.4,11.7,11.6,10.6,9.8,15.5,16.0,38.7,52.9,53.8,46.0,41.7,43.7,41.8,30.3,33.0,42.4,37.6,44.6,46.6,43.9,44.4,45.7,39.7,51.8,53.4,46.6,42.5,26.6,20.7,22.2,30.0,45.1,40.6,25.2,16.3,14.5,13.4,13.7,12.5,8.8,5.3,3.7,3.5,2.4,31.8,17.3,13.4,10.6,41.9,39.8,36.3,36.5,46.6,15.7,61.8,27.0,61.5,71.8,72.5,20.6,34.2,46.2
47.3,47.6,45.9,38.7,28.4,18.8,11.8,8.3,10.2,15.6,21.1,23.5,24.5,20.7,17.0,14.7,11.8,6.4,4.3,9.0,14.2,12.8,12.2,13.8,13.9,13.6,11.4,11.2,20.6,28.2,42.7,45.9,49.7,52.3,49.4,50.7,57.0,57.7,60.6,52.9,51.7,57.9,58.4,60.6,57.8,44.5,40.2,48.0,49.9,42.6,45.5,33.0,25.8,28.3,34.3,47.1,44.4,27.5,20.9,21.5,10.5,7.0,6.1,5.6,4.2,2.6,5.7,15.2,13.3,10.2,49.6,32.9,37.9,44.6,40.1,33.6,49.9,38.8,21.4,41.4,63.3,57.2,6.1,39.1,51.0
52.4,53.9,53.1,50.5,46.5,40.0,30.0,17.8,9.8,12.7,19.3,25.3,24.1,26.4,27.8,25.6,22.1,13.0,7.4,6.7,9.9,14.5,14.8,13.3,12.4,12.3,12.6,11.6,13.9,27.3,48.7,58.8,54.6,48.7,51.7,55.5,51.5,47.2,46.5,46.3,52.0,57.7,57.5,49.6,54.0,52.4,40.7,36.9,39.0,42.5,38.3,41.4,34.1,35.3,34.2,33.4,39.7,35.4,34.7,31.0,15.1,8.7,5.7,6.7,3.2,9.1,7.3,10.5,2.3,50.7,24.7,42.3,71.7,77.1,77.6,50.3,48.0,34.6,33.2,31.7,52.6,55.1,17.4,53.9,75.0
63.1,64.2,63.8,60.5,58.4,55.2,50.6,39.2,20.9,10.4,13.9,20.7,21.7,34.3,40.9,36.2,42.7,29.8,23.2,11.1,4.6,13.5,20.9,16.2,14.8,14.7,11.1,11.6,11.6,18.8,34.6,51.2,52.9,50.1,40.5,40.8,37.8,36.5,42.9,42.2,42.6,44.6,50.5,51.3,53.8,59.4,55.4,48.1,46.7,43.8,36.8,32.9,36.0,42.7,41.5,37.6,29.0,22.2,31.2,37.2,26.6,17.2,13.4,8.8,5.4,7.1,5.8,6.7,1.5,31.6,19.4,68.8,73.1,74.2,65.3,70.9,56.3,45.8,31.5,34.0,48.2,47.1,37.2,58.2,80.5
45.3,54.6,68.7,80.7,83.2,74.7,67.1,60.3,45.0,22.7,11.3,13.4,20.5,22.3,12.2,50.0,61.9,51.2,46.7,34.6,24.1,9.6,59.2,68.2,49.8,31.0,16.2,13.7,15.9,20.8,32.8,46.3,50.8,48.9,39.5,32.4,30.6,29.2,30.5,33.9,36.6,32.6,26.9,25.8,34.4,46.5,52.5,53.0,50.4,46.6,44.7,38.7,29.2,28.5,43.5,47.2,44.1,28.3,21.5,33.1,35.0,23.4,16.9,13.8,10.3,21.8,8.1,5.8,7.4,11.0,47.4,69.8,81.7,51.1,65.8,78.2,75.1,64.1,38.3,60.0,47.0,37.2,40.7,71.6,82.9
22.7,37.4,56.9,81.9,99.7,99.4,96.3,92.5,85.5,49.8,28.5,14.6,12.0,18.3,26.4,25.2,36.4,65.7,75.4,63.7,42.7,38.6,37.8,94.3,79.5,64.8,36.7,27.3,23.6,25.9,27.5,30.6,34.0,32.0,29.7,28.2,28.1,29.9,35.0,35.4,31.3,20.1,7.1,6.2,8.9,11.8,13.2,12.9,16.0,22.5,34.1,53.4,70.3,57.3,31.8,42.3,54.2,64.0,38.0,21.5,26.9,30.5,20.9,17.3,18.9,12.7,8.6,9.5,7.0,28.6,52.1,73.9,71.5,76.7,71.3,71.6,70.2,67.7,36.2,49.7,54.7,33.2,67.5,84.3,83.9
16.5,30.0,87.8,99.0,99.4,98.9,98.6,98.8,99.6,100.0,97.4,44.8,18.6,12.5,11.7,16.7,26.9,23.4,80.0,92.2,83.3,67.7,60.5,55.5,94.3,86.0,65.9,51.5,50.5,47.7,49.2,43.7,40.9,35.9,27.2,23.9,23.5,23.1,25.6,23.9,9.2,0.0,0.1,0.4,0.5,0.7,1.1,1.1,0.6,0.6,1.1,4.6,22.1,53.7,61.7,34.0,37.3,52.7,68.5,43.6,22.0,27.1,25.4,18.7,21.4,10.0,8.1,12.3,10.6,45.9,58.7,82.8,82.6,75.9,72.2,77.6,83.1,59.5,32.6,22.4,33.1,67.3,89.7,90.5,75.5
5.6,4.3,9.9,36.4,86.9,98.3,99.2,98.7,99.1,98.5,83.2,84.9,100.0,100.0,56.9,7.3,8.8,17.6,19.3,47.0,83.2,86.2,77.8,65.6,66.1,80.6,86.3,61.9,58.9,53.7,41.7,37.0,35.1,32.4,28.5,20.3,11.3,9.0,7.3,1.2,0.0,0.8,0.4,0.8,0.7,0.5,0.5,0.5,0.6,0.8,1.0,1.1,1.7,9.8,35.6,69.3,66.1,57.1,66.6,69.2,36.3,27.8,26.3,49.5,16.9,8.3,8.5,13.2,14.9,58.4,62.8,52.6,63.4,64.5,58.0,51.2,46.0,40.5,32.7,45.8,55.3,85.0,80.7,86.1,95.3
1.1,0.4,0.9,1.4,14.9,56.2,97.0,97.1,99.5,99.3,99.4,99.1,99.3,88.4,63.1,28.8,10.6,7.6,8.8,13.8,13.7,54.0,88.0,78.5,66.9,76.6,69.1,88.6,69.2,60.3,44.2,36.5,25.7,18.5,10.9,7.9,6.8,2.3,0.1,0.5,1.4,1.5,1.2,0.3,0.2,0.7,1.0,0.8,0.4,0.4,0.3,0.4,0.8,0.0,1.7,14.5,42.9,83.8,83.9,80.4,53.7,16.0,15.7,20.5,17.8,9.3,8.0,12.4,15.6,41.8,57.5,52.8,37.8,36.3,40.1,51.7,58.2,62.4,72.5,71.6,74.3,70.9,61.7,47.9,33.2
2.0,1.9,1.5,0.8,0.8,10.8,51.0,98.0,100.0,99.6,98.4,98.9,99.3,99.2,96.9,77.7,41.8,13.8,5.6,3.2,4.7,6.6,7.2,72.9,88.9,76.6,83.9,77.1,75.5,61.0,58.3,40.0,35.2,30.4,9.6,6.5,1.5,1.0,1.6,2.6,2.5,1.5,0.7,1.2,1.5,1.3,0.9,0.6,0.5,0.6,0.8,1.1,0.5,1.0,0.0,0.7,7.8,36.0,73.5,74.2,66.0,23.4,8.6,17.2,17.0,10.5,5.3,9.0,16.2,21.0,33.8,27.7,33.4,36.8,56.5,59.8,50.6,53.5,56.0,52.1,41.1,27.4,17.9,17.5,16.3
1.8,1.4,1.3,1.3,0.9,0.6,2.3,54.2,98.8,99.4,98.8,98.9,98.9,99.4,99.3,99.7,95.1,82.5,67.0,49.0,31.3,12.8,5.7,0.0,49.6,95.8,88.4,89.3,89.3,67.0,72.6,43.5,35.0,18.8,34.4,3.8,0.9,2.0,3.9,4.2,2.2,1.1,2.0,2.5,2.2,1.4,1.1,1.2,1.3,1.6,1.6,1.9,4.7,16.6,45.5,22.3,3.6,18.3,61.9,67.7,66.2,36.5,10.8,19.1,20.6,17.0,1.0,7.7,15.1,19.6,16.5,24.8,31.6,40.1,42.4,36.7,30.1,17.3,9.4,9.7,9.8,8.8,14.3,17.3,14.3
1.3,1.3,1.2,1.0,0.8,0.1,0.0,0.4,89.2,99.5,99.4,99.4,99.2,99.9,99.2,100.0,90.1,71.4,50.4,33.8,25.5,25.4,28.5,16.0,0.5,51.9,97.9,97.0,97.5,81.6,78.9,49.8,35.7,19.2,21.1,0.0,1.4,4.1,5.0,2.9,1.7,2.7,3.1,3.0,1.9,1.2,0.8,1.3,1.8,1.8,1.6,6.3,21.9,93.2,83.7,64.3,31.6,17.5,100.0,66.5,53.8,89.7,6.6,18.5,22.5,19.9,6.2,4.7,6.7,14.0,21.0,26.3,31.6,32.3,28.4,13.3,1.6,3.7,7.6,8.2,11.6,21.9,22.4,23.4,14.9
2.7,3.2,3.6,3.0,2.0,0.0,0.9,19.4,90.7,99.0,99.9,100.0,99.8,99.8,96.1,61.4,30.0,12.7,5.5,3.2,4.0,7.7,7.9,10.5,17.4,10.4,82.6,100.0,98.5,95.7,82.6,55.2,34.3,9.1,0.3,1.0,3.6,6.0,4.4,2.2,3.6,4.5,4.1,2.8,2.0,1.1,1.2,1.8,1.9,1.5,3.5,12.4,60.6,93.6,100.0,70.7,63.3,50.1,100.0,86.3,61.3,83.7,93.6,15.7,19.9,22.9,16.1,10.3,5.8,7.2,9.4,8.9,8.6,7.6,5.5,3.0,2.4,6.8,8.8,14.5,26.9,32.0,34.1,32.1,20.3
4.3,6.0,6.9,8.4,8.9,3.8,0.1,5.7,89.1,98.8,99.5,100.0,100.0,98.9,59.8,21.6,5.9,4.0,5.9,8.9,12.8,17.8,20.6,28.3,15.9,14.9,42.4,97.4,99.3,98.1,92.1,57.9,29.3,3.9,0.7,2.7,5.2,5.9,3.6,3.6,5.7,6.2,4.3,3.2,2.6,2.3,2.9,2.8,2.2,1.5,4.2,14.9,58.3,97.8,100.0,60.2,64.6,99.5,99.8,92.0,75.0,97.0,100.0,100.0,32.8,30.1,19.5,14.8,15.4,10.9,2.7,5.1,6.5,8.5,10.9,10.9,11.1,12.3,8.8,15.3,28.0,27.4,26.6,38.0,40.3
6.8,8.8,11.4,12.9,16.5,17.1,7.8,9.2,99.5,98.6,100.0,99.9,100.0,75.0,30.3,6.6,4.6,6.7,8.9,3.7,37.4,77.2,85.7,58.6,44.2,25.7,26.5,94.4,99.4,98.5,97.3,61.7,21.0,2.1,1.6,4.4,6.7,5.7,3.3,5.6,7.5,6.5,3.8,3.3,3.4,4.0,4.8,4.1,3.1,2.2,3.2,4.2,31.5,78.5,96.0,95.3,98.4,100.0,91.6,90.6,99.9,100.0,100.0,100.0,77.6,20.2,25.5,21.4,11.5,14.9,6.8,1.7,5.5,7.0,7.2,10.1,12.5,13.4,13.1,11.1,11.0,11.6,12.9,20.0,31.6
9.5,9.7,11.2,15.0,15.5,18.8,18.3,54.8,100.0,99.1,99.5,99.8,86.9,39.9,9.9,4.4,5.7,2.4,9.5,71.1,82.6,92.8,84.5,82.6,58.0,46.3,33.6,80.1,98.3,98.4,95.8,61.8,18.5,0.8,2.4,6.0,8.6,6.7,3.8,6.7,8.3,6.2,3.8,4.2,5.1,6.2,6.6,5.8,5.0,3.7,2.1,4.0,4.0,20.5,71.2,89.4,97.3,97.2,98.4,99.0,98.5,97.9,94.4,98.4,100.0,100.0,76.8,46.4,26.7,22.9,21.3,15.2,7.2,2.8,4.8,6.9,7.4,7.6,8.1,8.3,8.3,8.3,8.9,12.2,19.8
10.8,10.9,13.2,13.9,33.2,89.3,58.4,79.8,100.0,99.5,99.5,98.2,51.9,14.1,3.5,4.9,6.2,2.0,9.3,66.2,86.1,88.7,96.0,100.0,74.7,45.6,49.2,64.0,97.5,97.4,97.3,62.1,23.4,0.3,3.2,6.8,9.4,8.7,5.6,7.4,8.5,6.9,4.5,5.7,7.2,8.5,8.9,8.0,7.0,6.1,4.7,3.2,3.1,4.7,12.7,66.6,85.9,90.8,78.9,86.3,91.9,86.0,84.7,83.2,98.1,100.0,100.0,97.5,78.2,66.6,52.7,33.5,22.9,18.3,14.8,9.4,5.1,2.3,0.4,0.2,2.0,4.6,2.4,7.8,6.7
9.1,11.8,18.7,32.2,88.2,77.3,45.6,96.9,100.0,99.6,100.0,64.6,18.3,1.7,4.0,7.3,0.4,16.5,23.4,58.0,82.5,58.7,90.6,100.0,75.8,53.1,62.0,69.0,97.4,96.7,97.0,64.9,29.4,5.6,1.9,6.7,9.1,9.8,8.7,7.9,8.8,8.8,6.7,7.7,9.9,11.8,12.5,11.2,9.4,8.3,7.1,6.0,5.3,3.1,4.5,4.9,39.8,79.2,83.3,90.6,85.7,88.1,92.3,93.9,99.7,100.0,100.0,100.0,100.0,100.0,100.0,84.5,70.4,55.3,43.8,37.4,28.5,19.4,16.5,16.9,16.2,11.6,6.2,3.3,5.6
12.7,15.3,33.9,58.2,58.8,98.4,96.0,99.5,99.5,99.9,82.5,19.7,0.0,3.1,6.2,6.7,11.7,89.8,94.0,54.4,36.3,37.8,63.8,100.0,96.8,49.3,77.6,78.0,98.1,96.4,96.7,80.8,41.4,17.8,0.4,5.2,7.4,9.0,10.0,9.5,9.2,10.3,9.9,10.6,12.8,14.3,15.4,14.6,12.7,10.5,8.5,7.5,7.5,7.8,5.9,2.6,7.6,4.9,17.4,51.2,76.6,88.1,88.7,88.9,97.4,100.0,100.0,100.0,100.0,100.0,100.0,99.0,96.2,95.7,92.6,82.6,68.8,57.5,48.8,49.2,46.8,40.4,37.2,34.0,33.6
15.7,36.5,72.1,88.2,94.9,100.0,99.7,99.8,99.2,87.7,17.8,0.0,3.0,3.7,4.3,4.5,5.9,83.3,94.7,40.3,13.8,16.8,31.3,53.1,89.6,74.2,48.6,87.3,100.0,96.4,95.9,96.6,80.1,43.1,12.2,0.0,5.3,7.8,8.7,10.1,10.0,10.4,11.7,12.8,14.0,14.7,15.7,17.2,17.2,15.2,12.4,10.4,9.8,10.0,10.0,8.4,5.4,1.9,5.0,3.7,0.0,5.8,28.4,58.0,73.9,83.1,90.2,94.4,97.6,100.0,100.0,100.0,99.7,100.0,100.0,99.2,98.4,98.3,98.9,99.7,99.4,98.7,96.9,89.1,82.3
35.5,78.5,88.9,90.2,100.0,100.0,100.0,98.8,65.5,9.4,0.1,3.2,3.0,4.0,5.7,8.1,7.5,2.1,2.7,3.4,3.3,0.2,0.0,7.1,38.3,69.2,67.7,62.2,88.6,99.1,96.8,96.9,96.9,78.9,46.0,10.4,0.2,4.0,9.7,9.8,10.3,11.2,12.9,14.6,15.2,14.8,14.5,16.2,19.3,21.1,19.9,16.5,13.6,12.3,12.3,12.6,11.6,8.9,5.8,2.9,2.2,2.6,1.0,0.8,0.6,3.4,10.0,15.3,21.2,30.5,42.6,55.5,67.0,74.2,79.2,84.7,91.7,96.5,99.6,100.0,100.0,100.0,100.0,100.0,100.0
80.8,98.2,87.8,99.2,100.0,100.0,88.3,32.3,2.6,1.8,3.1,2.2,2.7,3.5,4.5,6.3,9.7,15.0,16.5,13.5,12.4,11.3,10.8,12.1,21.0,47.7,67.0,78.6,88.5,100.0,98.7,99.0,98.5,96.2,70.2,36.2,12.8,0.6,2.8,10.6,10.7,10.8,12.6,15.3,16.7,16.1,15.6,15.7,17.2,20.1,22.9,23.3,21.0,17.9,15.4,14.5,14.8,14.9,14.1,13.9,13.6,11.7,8.7,5.6,3.3,1.5,0.2,0.0,0.2,1.4,2.1,2.4,2.1,1.9,1.8,2.0,2.6,3.3,4.2,5.4,6.6,8.6,11.0,14.3,18.0
94.2,100.0,99.7,100.0,100.0,51.9,10.0,2.3,2.6,2.8,2.5,3.1,2.9,2.5,2.4,2.8,5.1,10.2,15.1,18.5,19.9,18.8,19.9,32.8,63.3,83.7,100.0,100.0,100.0,100.0,99.4,98.4,99.6,98.3,88.0,43.8,17.2,10.2,2.8,3.5,10.2,11.7,10.9,12.3,14.7,16.5,16.9,16.8,18.0,19.4,20.7,23.6,26.9,27.1,23.3,18.7,16.1,15.7,16.1,15.7,15.5,15.6,14.0,11.9,12.4,15.1,17.7,19.1,19.1,18.7,18.0,16.9,15.1,12.6,10.6,9.1,8.0,7.2,6.2,5.0,3.9,2.9,2.2,1.6,1.7
100.0,100.0,100.0,98.8,27.2,6.3,3.3,3.4,3.8,4.9,5.3,3.6,2.4,1.4,0.9,0.8,0.8,2.0,5.6,14.2,23.0,23.4,18.2,17.4,22.4,58.5,100.0,100.0,100.0,100.0,100.0,99.5,98.1,99.7,98.5,79.0,31.9,4.0,3.0,6.0,5.9,10.1,12.1,12.2,11.9,12.8,14.6,16.0,17.4,19.3,21.1,22.7,25.4,28.6,30.3,28.1,23.6,20.3,18.5,18.7,18.4,17.6,17.3,17.8,19.6,22.0,23.7,25.6,28.3,30.6,31.7,31.7,29.9,26.7,23.8,20.8,18.8,17.0,14.5,11.8,8.8,6.3,4.6,3.5,2.4
100.0,100.0,98.0,23.0,7.8,7.0,6.3,5.7,8.5,9.8,8.3,5.7,3.4,2.0,1.2,1.2,1.6,2.2,4.1,7.3,11.0,17.1,24.6,23.7,14.2,15.1,20.4,56.8,100.0,100.0,100.0,100.0,100.0,100.0,99.6,99.3,96.7,65.5,22.4,1.5,0.3,5.4,9.6,11.4,12.3,13.4,14.1,14.8,16.1,17.6,19.4,21.1,23.2,25.9,29.3,33.1,35.0,34.4,31.7,29.1,29.0,31.1,33.7,35.2,36.2,38.1,40.9,44.0,47.2,49.1,48.6,46.1,43.2,39.9,36.7,34.0,30.5,27.5,23.5,19.4,14.3,10.2,6.6,4.1,2.6
100.0,97.6,52.1,6.9,14.6,12.7,7.9,12.2,18.0,18.8,13.7,8.0,4.3,2.3,1.5,1.1,1.8,3.0,6.7,15.8,25.7,30.1,29.6,32.1,36.6,35.6,22.3,18.5,19.9,38.0,95.0,100.0,100.0,100.0,100.0,100.0,100.0,100.0,97.9,90.4,63.0,25.4,4.7,0.0,2.3,6.9,11.1,13.8,16.1,18.1,19.4,20.9,22.5,24.3,29.0,35.2,39.6,42.0,44.1,46.5,49.0,50.7,51.7,53.1,54.7,56.2,55.8,54.7,53.6,52.2,50.6,49.7,49.7,48.6,45.5,40.7,34.0,27.6,20.4,13.8,8.5,4.3,3.9,0.5,0.4
98.2,87.8,10.4,21.9,25.1,15.8,16.9,24.3,28.9,24.8,14.8,7.5,4.0,2.8,2.1,1.4,1.7,3.2,7.0,15.6,28.6,41.4,50.3,48.3,40.6,38.1,42.3,44.9,37.2,31.0,27.5,23.3,65.6,100.0,100.0,100.0,100.0,100.0,100.0,100.0,99.8,100.0,99.8,98.3,95.1,86.0,73.4,60.1,49.2,39.4,34.2,32.6,31.0,31.7,33.7,38.8,47.3,53.2,54.3,53.8,55.4,57.7,57.7,56.5,57.8,60.4,60.8,60.0,57.9,55.8,54.2,53.5,52.7,50.8,47.8,41.5,32.7,24.4,17.2,9.9,4.3,1.5,1.0,0.0,8.1
94.7,35.7,24.0,35.0,32.3,21.2,25.1,30.7,30.9,21.3,11.8,5.6,4.0,3.7,2.5,1.5,1.6,2.9,5.1,9.7,17.4,26.4,32.4,36.3,40.5,45.4,50.8,56.3,60.4,58.6,49.5,42.5,37.4,30.2,57.1,94.5,100.0,100.0,100.0,100.0,99.9,100.0,100.0,99.8,100.0,100.0,100.0,100.0,100.0,100.0,100.0,100.0,94.1,81.5,70.8,66.6,69.6,76.1,80.5,79.6,73.3,65.9,60.8,56.9,56.4,59.8,63.3,62.8,61.1,60.0,57.5,55.0,53.6,51.6,43.6,33.4,22.7,13.7,4.2,3.7,1.0,47.5,66.7,62.7,72.6
66.8,27.3,38.9,48.5,38.2,33.0,36.1,33.1,24.5,15.8,7.8,5.7,5.4,4.4,2.9,1.9,1.6,2.2,4.2,11.2,22.9,34.7,43.2,48.4,52.1,52.9,52.5,55.9,62.9,68.0,68.4,63.8,56.7,49.7,47.3,57.5,79.8,97.0,97.9,99.8,100.0,99.6,99.5,99.8,99.9,100.0,100.0,100.0,100.0,99.6,99.5,99.4,99.2,99.0,99.6,98.5,96.0,96.0,97.0,97.8,96.5,92.3,84.5,76.8,72.0,72.8,72.7,68.9,64.8,64.1,63.8,60.6,55.0,47.2,36.6,25.6,22.0,15.4,8.9,63.8,66.0,75.0,73.4,82.1,91.3
46.8,42.4,49.7,50.7,49.1,45.0,37.3,31.4,22.5,11.5,7.9,7.6,6.7,5.0,3.0,1.7,1.4,1.7,4.0,14.9,36.1,56.5,59.4,45.9,31.7,26.8,29.7,42.0,64.0,85.1,91.6,88.2,82.6,77.8,74.8,71.0,75.5,93.6,100.0,99.8,97.6,100.0,99.8,99.5,99.2,99.3,99.7,99.7,99.6,99.5,99.4,99.5,99.2,98.8,98.5,98.2,98.3,98.5,98.9,99.3,99.3,99.0,98.3,97.3,96.5,93.0,83.9,74.6,71.6,72.4,71.5,64.6,61.8,58.9,42.0,27.6,25.0,14.4,20.3,77.7,89.4,95.9,95.6,97.3,97.6
54.9,55.9,52.8,44.8,40.8,39.4,39.4,33.0,18.6,10.6,9.6,9.0,7.1,4.4,2.3,1.5,1.4,1.8,4.0,16.3,39.7,57.0,56.3,43.4,34.7,38.1,58.7,87.1,100.0,100.0,99.3,98.2,98.6,98.0,92.5,88.7,86.9,84.9,89.8,100.0,100.0,100.0,100.0,100.0,100.0,99.5,99.0,98.9,98.8,98.8,98.6,98.6,98.9,98.8,98.7,98.7,99.0,98.8,99.0,99.1,99.2,99.0,98.7,98.5,98.1,96.2,92.4,85.3,73.8,65.9,70.7,83.6,87.4,65.8,49.1,47.4,35.6,61.5,90.8,98.5,98.8,98.9,99.7,99.5,99.5
72.0,68.1,57.7,34.9,34.2,45.1,45.0,31.9,17.3,12.0,11.5,9.3,5.8,3.1,2.1,2.1,2.1,1.1,4.5,22.8,44.8,61.9,60.1,49.5,55.0,72.8,96.3,100.0,100.0,98.7,98.4,98.2,97.8,96.1,91.4,93.1,90.0,91.6,91.7,83.5,89.0,100.0,100.0,100.0,99.0,98.6,98.3,98.4,98.6,98.9,98.9,98.5,98.0,97.7,97.7,98.0,98.4,98.2,98.2,98.2,97.9,97.1,95.9,95.3,95.1,95.3,94.4,94.3,95.0,95.5,93.7,87.8,76.5,53.0,49.4,41.7,33.5,92.2,97.7,100.0,98.3,99.2,99.4,98.6,99.5
