wind-weather/data/weather/current/current-temp-isobaric-70hPa-gfs-1.0.json
{"header": {"discipline":0,"disciplineName":"Meteorologicalproducts","gribEdition":2,"gribLength":26081,"center":7,"centerName":"USNationalWeatherService-NCEP(WMC)","subcenter":0,"refTime":"2015-09-28T00:00:00.000Z","significanceOfRT":0,"significanceOfRTName":"Analysis","productStatus":0,"productStatusName":"Operationalproducts","productType":0,"productTypeName":"Analysisproducts","productDefinitionTemplate":0,"productDefinitionTemplateName":"Analysis/forecastathorizontallevel/layeratapointintime","parameterCategory":0,"parameterCategoryName":"Temperature","parameterNumber":0,"parameterNumberName":"Temperature","parameterUnit":"K","genProcessType":0,"genProcessTypeName":"Analysis","forecastTime":0,"surface1Type":100,"surface1TypeName":"Isobaricsurface","surface1Value":7000.0,"surface2Type":255,"surface2TypeName":"Missing","surface2Value":0.0,"gridDefinitionTemplate":0,"gridDefinitionTemplateName":"Latitude_Longitude","numberPoints":65160,"shape":6,"shapeName":"Earthsphericalwithradiusof6,371,229.0m","gridUnits":"degrees","resolution":48,"winds":"true","scanMode":0,"nx":360,"ny":181,"basicAngle":0,"subDivisions":0,"lo1":0.0,"la1":90.0,"lo2":359.0,"la2":-90.0,"dx":1.0,"dy":1.0}, "data":
[rows 68 to 101 of 181, columns 231 to 307 of 360]
203.2,203.2,203.1,202.9,202.8,202.8,202.8,202.7,202.5,202.3,202.2,202.3,202.5,202.7,203.0,203.2,203.2,203.2,203.1,203.1,203.2,203.3,203.5,203.6,203.8,204.0,204.2,204.4,204.4,204.3,204.2,204.2,203.9,203.5,203.2,203.1,203.0,202.6,202.3,202.3,202.5,202.8,202.8,202.8,202.9,202.6,202.6,202.6,202.7,202.8,202.7,202.7,203.1,203.1,203.3,203.9,204.4,204.7,205.0,205.0,205.0,204.8,204.5,204.3,204.3,204.2,204.3,204.3,204.3,204.2,204.3,204.2,204.2,204.2,204.3,204.5,204.5
202.8,202.8,202.8,202.7,202.5,202.5,202.5,202.4,202.2,202.0,201.9,202.0,202.2,202.4,202.7,202.8,202.9,202.9,202.9,203.0,203.1,203.3,203.4,203.4,203.6,203.9,204.2,204.2,204.0,203.9,203.9,203.6,203.2,202.9,202.9,202.9,202.7,202.2,202.0,202.2,202.5,202.8,202.7,202.7,202.7,202.5,202.4,202.2,202.3,202.4,202.3,202.5,203.2,203.5,203.5,203.9,204.3,204.6,205.1,205.2,204.9,204.5,204.2,204.0,203.9,203.8,203.9,203.9,203.9,203.8,203.8,203.8,203.8,203.8,203.9,204.0,204.1
202.4,202.5,202.4,202.3,202.3,202.2,202.2,202.1,202.0,201.8,201.7,201.7,201.9,202.1,202.3,202.5,202.6,202.8,202.8,202.9,203.0,203.1,203.3,203.4,203.5,203.6,203.7,203.7,203.8,203.7,203.4,202.9,202.7,202.8,202.9,202.7,202.1,201.9,201.9,202.0,202.3,202.6,202.7,202.8,202.7,202.4,202.1,201.7,202.0,202.0,201.9,202.3,202.9,203.1,203.4,203.7,204.2,204.6,204.5,204.6,204.7,204.4,204.0,203.7,203.6,203.5,203.6,203.6,203.5,203.5,203.4,203.4,203.4,203.3,203.3,203.3,203.4
202.0,202.2,202.2,202.1,202.1,202.1,202.0,201.9,201.8,201.6,201.6,201.5,201.6,201.7,201.9,202.1,202.4,202.6,202.6,202.8,202.9,203.0,203.2,203.3,203.3,203.3,203.4,203.5,203.6,203.3,202.8,202.5,202.5,202.7,202.6,202.2,201.7,201.6,201.7,201.8,202.1,202.3,202.5,202.5,202.4,202.4,202.2,201.6,201.6,201.6,201.7,202.0,202.5,202.8,203.2,203.5,204.0,204.3,204.3,204.2,204.2,204.1,203.8,203.5,203.4,203.3,203.3,203.3,203.3,203.2,203.1,203.1,203.0,202.9,202.8,202.7,202.7
201.8,202.0,202.0,202.0,202.0,202.0,201.9,201.9,201.8,201.7,201.6,201.4,201.4,201.5,201.6,201.8,202.2,202.4,202.5,202.7,202.9,203.1,203.2,203.2,203.3,203.5,203.7,203.8,203.5,203.0,202.6,202.4,202.4,202.4,202.2,201.7,201.4,201.4,201.6,201.6,201.8,202.1,202.3,202.2,202.1,202.4,202.3,201.9,201.5,201.4,201.6,202.1,202.3,202.5,202.8,203.2,203.4,203.6,203.7,203.8,203.8,203.7,203.5,203.3,203.1,203.1,203.1,203.1,203.0,202.9,202.8,202.8,202.7,202.6,202.5,202.4,202.3
201.6,201.8,201.8,201.8,201.9,201.9,201.9,202.0,201.9,201.8,201.5,201.3,201.1,201.1,201.2,201.4,201.7,201.9,202.1,202.3,202.8,203.1,203.4,203.5,203.6,203.7,203.7,203.4,203.2,203.1,202.9,202.6,202.3,202.0,201.8,201.5,201.3,201.2,201.4,201.5,201.6,202.0,202.1,202.0,201.8,202.1,202.5,202.1,201.5,201.4,201.6,202.1,202.3,202.3,202.4,202.6,202.9,203.2,203.3,203.4,203.4,203.3,203.1,203.0,202.9,202.8,202.8,202.8,202.7,202.6,202.6,202.6,202.5,202.3,202.3,202.1,202.1
201.5,201.6,201.7,201.8,201.8,201.9,202.0,202.0,202.0,201.8,201.4,201.1,201.0,200.9,200.8,201.1,201.1,201.2,201.4,201.8,202.5,203.1,203.5,203.6,203.3,202.9,203.0,202.9,203.2,203.4,203.0,202.5,202.3,201.9,201.5,201.4,201.1,201.1,201.4,201.4,201.6,201.8,202.0,201.8,201.7,201.6,202.0,201.9,201.5,201.5,201.7,202.1,202.3,202.3,202.2,202.3,202.5,202.7,202.9,203.0,203.0,202.9,202.9,202.8,202.7,202.6,202.5,202.5,202.5,202.5,202.5,202.4,202.2,202.1,202.0,201.9,201.8
201.4,201.5,201.7,201.8,201.8,201.8,201.9,201.9,201.9,201.6,201.3,200.9,200.7,200.7,200.6,200.8,200.9,200.8,200.8,201.4,202.3,202.9,203.0,203.0,202.7,202.6,203.1,202.6,202.7,203.1,202.8,202.5,202.3,201.9,201.5,201.2,201.0,201.1,201.3,201.4,201.4,201.6,201.7,201.9,201.8,201.6,201.9,201.9,201.5,201.4,201.8,202.1,202.2,202.1,202.0,202.1,202.2,202.4,202.5,202.7,202.7,202.7,202.7,202.7,202.6,202.5,202.4,202.3,202.3,202.3,202.3,202.3,202.1,201.8,201.7,201.7,201.8
201.3,201.5,201.7,201.9,201.8,201.7,201.6,201.6,201.6,201.6,201.3,200.8,200.6,200.6,200.5,200.6,200.6,200.5,200.9,201.4,202.1,202.5,202.6,202.5,202.2,202.7,203.0,202.6,202.7,203.0,202.6,202.5,202.2,201.9,201.5,201.0,200.7,200.8,201.2,201.3,201.2,201.1,201.2,201.6,201.7,201.6,201.8,201.7,201.4,201.3,201.5,201.7,201.7,201.6,201.6,201.7,201.9,202.1,202.2,202.3,202.4,202.5,202.6,202.7,202.7,202.5,202.3,202.2,202.1,202.1,202.1,202.1,202.0,201.8,201.6,201.6,201.7
201.3,201.6,201.9,201.9,201.8,201.6,201.4,201.3,201.3,201.4,201.2,200.8,200.6,200.5,200.4,200.4,200.5,200.6,200.9,201.1,201.7,202.2,202.3,202.3,202.1,202.3,202.4,202.3,202.8,202.8,202.6,202.4,202.1,202.0,201.6,201.0,200.7,200.9,201.3,201.4,201.2,201.1,201.2,201.6,201.8,201.5,201.5,201.5,201.2,201.1,201.0,200.9,201.0,201.0,201.1,201.2,201.5,201.8,201.9,202.0,202.1,202.2,202.4,202.5,202.5,202.3,202.2,202.1,202.2,202.1,202.1,202.0,201.9,201.8,201.9,201.9,202.0
201.4,201.6,202.0,202.1,201.8,201.4,201.2,201.0,201.1,201.1,201.2,201.0,200.6,200.3,200.1,200.1,200.3,200.8,200.9,201.1,201.5,201.7,201.8,201.9,202.1,202.2,202.1,202.2,202.5,202.6,202.4,202.3,202.2,202.1,201.6,201.0,200.8,201.1,201.4,201.4,201.3,201.3,201.5,201.7,201.3,201.4,201.2,201.2,201.2,201.0,200.8,200.7,200.8,200.9,200.9,201.2,201.6,201.7,201.7,201.8,201.9,202.0,202.0,202.1,202.1,202.1,202.1,202.2,202.3,202.3,202.1,202.0,202.0,202.1,202.3,202.3,202.4
201.5,201.6,202.0,201.9,201.5,201.3,200.8,200.7,200.8,201.0,201.0,200.7,200.6,200.3,200.0,200.0,200.2,200.6,200.8,201.0,201.1,201.3,201.4,201.6,201.8,202.1,202.0,202.1,202.3,202.3,202.2,202.2,202.3,202.0,201.8,201.2,201.0,201.5,201.9,201.9,201.8,201.9,202.1,202.1,201.5,201.4,201.4,201.5,201.5,201.4,201.1,200.8,200.8,201.0,201.1,201.3,201.6,201.6,201.7,201.7,201.8,201.8,201.8,201.8,201.9,202.0,202.2,202.3,202.4,202.4,202.4,202.4,202.4,202.6,202.8,202.9,203.0
201.2,201.4,201.7,201.5,201.1,200.9,200.7,200.5,200.6,200.7,200.7,200.6,200.6,200.5,200.4,200.3,200.4,200.7,200.8,200.8,200.9,201.2,201.2,201.3,201.3,201.7,201.8,201.8,202.0,202.0,202.0,202.0,202.1,202.0,201.8,201.5,201.8,202.1,202.3,202.6,202.4,202.3,202.4,202.0,201.9,201.6,201.5,201.7,201.8,201.6,201.3,201.0,201.0,201.1,201.5,201.4,201.5,201.7,202.0,201.9,201.9,201.8,201.7,201.8,202.0,202.2,202.4,202.4,202.5,202.5,202.6,202.8,202.9,203.2,203.4,203.4,203.5
201.4,201.3,201.3,201.1,200.8,200.7,200.6,200.6,200.8,200.4,200.8,200.8,200.6,200.8,200.9,200.6,200.6,200.7,200.8,200.9,201.0,201.2,201.3,201.3,201.4,201.6,201.7,201.7,201.7,201.8,201.8,201.9,202.0,202.1,201.9,201.7,201.9,202.2,202.6,202.6,202.3,202.3,202.5,202.4,202.3,201.8,201.6,201.5,201.4,201.2,201.1,200.9,201.1,201.5,201.6,201.6,201.6,202.0,202.0,202.0,202.0,201.9,201.9,202.0,202.2,202.4,202.5,202.5,202.6,202.7,202.9,203.1,203.4,203.7,203.9,203.9,203.9
201.5,201.5,201.4,201.1,200.9,200.9,200.9,200.9,200.8,200.8,201.0,201.0,201.1,201.3,201.4,201.3,201.2,201.2,201.2,201.3,201.4,201.6,201.7,201.7,201.7,201.7,201.6,201.6,201.7,201.8,201.7,201.9,201.9,201.9,201.6,201.6,201.6,202.0,202.1,202.2,202.4,202.2,202.4,202.3,202.2,202.1,201.9,201.2,201.0,201.1,200.9,201.1,201.4,201.4,201.5,201.6,201.8,202.0,201.9,202.2,202.2,202.2,202.3,202.3,202.4,202.5,202.5,202.6,202.8,203.0,203.1,203.4,203.7,204.0,204.3,204.3,204.3
201.9,201.9,201.8,201.6,201.4,201.4,201.5,201.2,201.2,201.5,201.2,201.3,201.6,201.5,201.6,201.7,201.6,201.6,201.6,201.7,201.9,202.1,202.2,202.3,202.2,201.9,201.7,201.6,201.6,201.6,201.6,201.4,201.5,201.5,201.4,201.3,201.3,201.5,201.6,201.9,202.5,202.1,202.1,202.1,202.2,202.0,201.7,201.5,201.5,201.5,201.5,201.6,201.8,201.9,201.9,202.1,202.0,202.2,202.2,202.3,202.1,202.2,202.1,202.3,202.5,202.5,202.6,202.9,203.2,203.3,203.4,203.6,203.9,204.3,204.5,204.6,204.5
202.2,202.3,202.3,202.1,201.9,202.0,201.6,201.5,201.7,201.8,201.6,201.8,201.8,201.6,201.7,201.7,201.7,201.8,201.9,202.1,202.4,202.4,202.6,202.7,202.6,202.2,201.8,201.4,201.4,201.3,201.1,201.2,201.3,201.2,201.2,200.9,200.9,200.9,201.2,201.7,202.2,202.4,202.2,202.2,202.1,201.7,201.4,201.9,202.2,202.1,202.2,202.3,202.0,202.1,202.5,202.5,202.2,202.6,202.5,202.4,202.3,202.6,202.4,202.7,202.7,202.7,202.9,203.3,203.5,203.7,203.7,203.8,204.1,204.5,204.6,204.7,204.7
202.6,202.7,202.8,202.5,202.5,202.3,202.2,202.2,202.4,202.4,202.3,202.3,202.0,201.8,201.7,201.7,201.7,201.8,202.0,202.3,202.5,202.7,202.9,202.9,202.7,202.2,201.6,201.1,201.0,200.9,201.1,201.2,201.3,201.3,201.1,200.9,201.0,200.9,201.2,201.9,202.4,202.3,202.1,202.2,202.1,201.8,202.0,202.5,202.4,202.3,202.6,202.9,202.8,202.8,202.8,202.6,202.6,202.5,202.4,202.5,202.6,202.6,202.6,202.8,203.0,203.1,203.3,203.5,203.8,203.9,203.9,203.9,204.2,204.5,204.8,205.0,205.0
202.9,203.1,203.0,202.9,202.8,202.9,203.0,203.2,203.3,203.3,203.2,202.9,202.3,202.1,201.9,201.7,201.7,201.9,202.1,202.4,202.7,203.0,203.2,203.1,202.6,201.9,201.2,200.9,200.7,200.9,201.1,201.3,201.5,201.5,201.4,201.3,201.3,201.4,201.6,202.1,202.5,202.4,202.2,202.2,202.1,202.3,202.6,202.4,202.4,202.4,202.9,203.3,203.2,203.2,202.9,202.6,202.4,202.1,202.2,202.3,202.5,202.6,202.8,203.0,203.2,203.4,203.5,203.6,203.9,204.0,204.0,204.0,204.2,204.6,205.0,205.1,205.3
203.1,203.4,203.4,203.5,203.7,203.8,204.0,204.2,204.3,204.3,203.9,203.3,202.6,202.2,202.0,201.8,201.8,202.1,202.4,202.7,203.0,203.3,203.4,203.1,202.5,201.7,201.2,200.9,201.0,201.1,201.3,201.5,201.6,201.8,201.9,201.9,202.0,202.2,202.3,202.4,202.7,202.7,202.5,202.4,202.4,202.5,202.4,202.3,202.4,202.6,203.1,203.3,203.3,203.2,202.8,202.5,202.2,202.0,202.0,202.1,202.3,202.7,203.0,203.2,203.3,203.5,203.6,203.8,203.9,204.0,204.0,204.0,204.3,204.7,205.0,205.1,205.4
203.4,203.8,204.1,204.4,204.6,204.7,204.9,205.0,205.2,204.9,204.2,203.3,202.7,202.3,202.2,202.2,202.4,202.6,202.8,203.1,203.3,203.5,203.5,203.1,202.5,202.0,201.6,201.4,201.4,201.4,201.5,201.6,201.9,202.3,202.6,202.6,202.6,202.7,202.7,202.8,202.9,202.8,202.7,202.6,202.7,202.8,202.7,202.6,202.7,202.9,203.2,203.2,203.0,202.8,202.6,202.3,202.1,201.9,201.9,201.9,202.2,202.6,203.0,203.3,203.4,203.6,203.8,204.0,204.1,204.1,204.1,204.1,204.3,204.4,204.6,204.9,205.1
203.7,204.3,204.8,205.1,205.3,205.5,205.6,205.7,205.3,204.5,203.7,203.0,202.7,202.7,202.7,202.9,203.0,203.1,203.2,203.4,203.6,203.7,203.6,203.2,202.8,202.4,202.1,201.9,201.8,201.7,201.7,201.9,202.3,202.7,203.0,203.0,202.9,202.9,202.9,203.0,203.0,202.9,202.7,202.8,203.0,203.2,203.1,203.0,202.9,202.9,202.9,202.9,202.7,202.5,202.3,202.1,202.0,201.8,201.7,201.8,202.1,202.5,202.9,203.2,203.4,203.7,204.0,204.2,204.3,204.3,204.2,204.1,204.1,204.1,204.2,204.6,204.8
204.1,204.7,205.2,205.6,205.8,206.0,206.0,205.6,204.8,204.1,203.6,203.4,203.5,203.5,203.6,203.7,203.8,203.7,203.7,203.7,203.8,203.8,203.8,203.5,203.2,202.8,202.5,202.3,202.1,202.0,202.0,202.2,202.4,202.7,203.0,203.1,203.0,202.9,203.0,203.1,203.0,203.0,202.9,203.0,203.3,203.5,203.5,203.4,203.1,202.8,202.7,202.5,202.4,202.3,202.1,201.9,201.8,201.7,201.6,201.6,202.0,202.4,202.7,203.1,203.4,203.8,204.2,204.4,204.4,204.3,204.1,203.9,203.8,203.7,203.9,204.2,204.6
204.6,205.1,205.6,206.0,206.2,206.2,206.0,205.5,205.0,204.6,204.4,204.4,204.4,204.5,204.6,204.7,204.6,204.4,204.2,204.0,204.0,204.0,203.9,203.7,203.4,203.0,202.7,202.5,202.3,202.2,202.2,202.3,202.4,202.5,202.7,202.8,202.8,202.8,202.9,203.0,203.1,203.2,203.3,203.4,203.6,203.7,203.6,203.5,203.1,202.7,202.3,202.2,202.2,202.0,201.9,201.8,201.7,201.5,201.4,201.5,201.8,202.1,202.5,202.9,203.4,203.9,204.2,204.4,204.4,204.3,204.0,203.7,203.5,203.4,203.4,203.5,204.0
204.8,205.3,205.7,206.0,206.2,206.2,206.0,205.7,205.4,205.1,205.1,205.2,205.3,205.4,205.5,205.5,205.2,204.8,204.5,204.3,204.2,204.1,204.0,203.8,203.5,203.1,202.9,202.8,202.6,202.4,202.3,202.3,202.3,202.3,202.4,202.5,202.4,202.5,202.7,202.9,203.1,203.3,203.4,203.5,203.6,203.6,203.4,203.3,203.1,202.9,202.5,202.4,202.1,202.0,201.9,201.8,201.7,201.5,201.4,201.3,201.5,201.8,202.2,202.7,203.2,203.7,204.1,204.3,204.3,204.1,203.8,203.5,203.2,203.0,203.0,203.2,203.8
204.7,205.1,205.5,205.8,205.9,206.0,205.9,205.7,205.6,205.5,205.6,205.7,205.8,205.9,205.9,205.7,205.4,205.0,204.6,204.4,204.3,204.2,204.1,203.9,203.6,203.3,203.1,203.0,202.8,202.6,202.4,202.3,202.3,202.3,202.3,202.3,202.2,202.1,202.3,202.5,202.7,202.9,203.0,203.1,203.2,203.2,203.1,203.0,203.0,202.9,202.7,202.4,202.1,202.0,202.0,201.9,201.7,201.4,201.2,201.2,201.2,201.4,201.8,202.4,202.9,203.3,203.6,203.8,203.9,203.7,203.5,203.2,202.9,203.0,203.0,203.3,203.8
204.4,204.8,205.1,205.3,205.5,205.7,205.7,205.7,205.7,205.7,205.8,205.9,205.9,205.9,205.8,205.6,205.2,205.0,204.8,204.6,204.4,204.2,204.1,203.9,203.7,203.5,203.3,203.1,202.9,202.6,202.4,202.3,202.2,202.2,202.2,202.2,202.0,201.9,201.9,202.0,202.1,202.2,202.3,202.4,202.5,202.6,202.6,202.7,202.7,202.7,202.6,202.4,202.1,202.0,201.9,201.8,201.5,201.2,201.0,200.9,200.8,200.9,201.3,201.9,202.4,202.8,203.1,203.3,203.3,203.3,203.2,203.0,202.8,202.9,202.8,203.0,203.3
204.1,204.4,204.7,204.9,205.2,205.4,205.5,205.6,205.7,205.7,205.8,205.7,205.7,205.6,205.5,205.3,205.2,205.0,204.9,204.7,204.4,204.2,204.0,203.8,203.7,203.5,203.4,203.1,202.8,202.6,202.3,202.1,202.1,202.1,202.1,202.1,201.9,201.7,201.5,201.5,201.5,201.5,201.6,201.7,201.8,201.9,202.0,202.2,202.4,202.4,202.4,202.2,202.0,201.9,201.7,201.5,201.2,200.9,200.7,200.6,200.6,200.7,200.9,201.3,201.8,202.2,202.5,202.8,203.0,203.0,202.9,202.9,202.6,202.6,202.5,202.7,203.1
203.9,204.0,204.3,204.6,204.9,205.2,205.3,205.5,205.6,205.6,205.5,205.4,205.3,205.2,205.1,205.1,205.0,204.9,204.8,204.6,204.4,204.1,203.8,203.7,203.6,203.5,203.4,203.2,202.9,202.5,202.2,202.1,201.9,201.9,202.0,201.9,201.8,201.5,201.3,201.1,201.0,201.0,201.1,201.1,201.2,201.3,201.5,201.7,201.9,202.0,201.9,201.8,201.7,201.5,201.4,201.1,200.7,200.4,200.2,200.3,200.3,200.4,200.5,200.8,201.2,201.6,202.0,202.3,202.6,202.7,202.6,202.6,202.6,202.3,202.2,202.6,202.7
203.5,203.6,203.8,204.1,204.4,204.7,204.9,205.1,205.2,205.2,205.1,205.0,204.8,204.7,204.6,204.6,204.6,204.6,204.5,204.4,204.2,204.0,203.8,203.6,203.5,203.4,203.3,203.2,203.0,202.6,202.3,202.1,202.0,201.9,201.9,201.9,201.7,201.5,201.2,201.0,200.8,200.7,200.7,200.8,200.8,200.9,201.0,201.2,201.4,201.5,201.4,201.3,201.2,201.0,200.7,200.4,200.1,199.9,199.9,199.9,200.1,200.1,200.2,200.5,200.8,201.2,201.7,202.0,202.2,202.3,202.4,202.4,202.3,202.1,202.0,202.2,202.4
203.1,203.2,203.4,203.6,203.9,204.2,204.4,204.6,204.7,204.7,204.5,204.4,204.2,204.0,203.9,203.9,203.9,204.0,204.0,204.0,203.9,203.8,203.6,203.5,203.3,203.2,203.2,203.1,203.0,202.8,202.5,202.2,202.1,202.1,202.0,202.0,201.8,201.6,201.3,201.1,200.9,200.7,200.6,200.6,200.6,200.6,200.7,200.8,201.0,201.0,201.0,200.9,200.8,200.6,200.3,200.0,199.9,199.7,199.7,199.8,199.9,200.0,200.1,200.3,200.6,201.0,201.4,201.8,202.0,202.2,202.3,202.2,202.2,202.2,202.1,202.1,202.1
202.9,203.0,203.1,203.3,203.5,203.7,203.9,204.1,204.1,204.1,203.9,203.7,203.5,203.4,203.3,203.3,203.3,203.4,203.5,203.6,203.5,203.5,203.3,203.2,203.1,203.0,203.0,203.0,203.0,202.9,202.7,202.5,202.3,202.2,202.2,202.1,202.0,201.8,201.5,201.2,201.0,200.8,200.7,200.6,200.5,200.5,200.6,200.7,200.8,200.8,200.7,200.7,200.6,200.5,200.3,200.1,199.9,199.7,199.7,199.7,199.9,200.1,200.2,200.3,200.5,200.9,201.3,201.7,202.0,202.2,202.2,202.3,202.2,202.1,202.1,202.1,202.1
202.8,202.8,202.9,203.1,203.2,203.3,203.4,203.5,203.5,203.4,203.3,203.1,202.9,202.8,202.6,202.5,202.5,202.6,202.8,203.0,203.1,203.1,203.0,202.8,202.7,202.7,202.8,202.8,202.9,202.9,202.9,202.7,202.5,202.3,202.3,202.3,202.1,201.9,201.7,201.4,201.2,201.0,200.9,200.8,200.7,200.7,200.7,200.7,200.8,200.8,200.7,200.6,200.6,200.6,200.5,200.3,200.0,199.9,199.9,199.9,200.1,200.3,200.4,200.5,200.7,201.1,201.3,201.7,202.0,202.2,202.2,202.2,202.2,202.2,202.1,202.0,202.0
202.5,202.6,202.7,202.8,202.9,202.9,202.9,202.9,202.9,202.8,202.7,202.6,202.3,202.1,201.8,201.7,201.7,201.8,201.9,202.2,202.5,202.7,202.6,202.5,202.3,202.3,202.4,202.5,202.6,202.8,202.9,202.8,202.6,202.4,202.3,202.3,202.2,202.0,201.8,201.5,201.3,201.2,201.1,201.0,201.0,201.0,200.9,200.9,200.9,200.9,200.8,200.7,200.6,200.7,200.7,200.6,200.3,200.2,200.2,200.3,200.5,200.6,200.6,200.8,201.0,201.3,201.6,201.9,202.1,202.2,202.2,202.2,202.2,202.2,202.1,202.0,201.9
