wind-weather/data/weather/current/current-mean_sea_level_pressure-gfs-1.0.json
{"header": {"discipline":0,"disciplineName":"Meteorologicalproducts","gribEdition":2,"gribLength":81278,"center":7,"centerName":"USNationalWeatherService-NCEP(WMC)","subcenter":0,"refTime":"2015-09-28T00:00:00.000Z","significanceOfRT":0,"significanceOfRTName":"Analysis","productStatus":0,"productStatusName":"Operationalproducts","productType":0,"productTypeName":"Analysisproducts","productDefinitionTemplate":0,"productDefinitionTemplateName":"Analysis/forecastathorizontallevel/layeratapointintime","parameterCategory":3,"parameterCategoryName":"Mass","parameterNumber":192,"parameterNumberName":"MSLP_Eta_Reduction","parameterUnit":"Pa","genProcessType":0,"genProcessTypeName":"Analysis","forecastTime":0,"surface1Type":101,"surface1TypeName":"Meansealevel","surface1Value":0.0,"surface2Type":255,"surface2TypeName":"Missing","surface2Value":0.0,"gridDefinitionTemplate":0,"gridDefinitionTemplateName":"Latitude_Longitude","numberPoints":65160,"shape":6,"shapeName":"Earthsphericalwithradiusof6,371,229.0m","gridUnits":"degrees","resolution":48,"winds":"true","scanMode":0,"nx":360,"ny":181,"basicAngle":0,"subDivisions":0,"lo1":0.0,"la1":90.0,"lo2":359.0,"la2":-90.0,"dx":1.0,"dy":1.0}, "data":
[rows 112 to 139 of 181, columns 189 to 251 of 360]
101614.2,101595.8,101576.2,101560.2,101569.4,101569.4,101560.0,101550.8,101538.8,101519.2,101489.2,101466.2,101437.4,101403.6,101359.8,101325.8,101287.4,101250.8,101219.6,101187.8,101152.4,101109.8,101071.2,101033.0,100998.8,100979.0,100981.0,100963.4,100976.0,100987.6,101000.2,101017.8,101036.6,101064.2,101092.6,101123.6,101157.6,101183.6,101201.8,101206.0,101243.6,101306.8,101354.6,101405.0,101446.4,101487.8,101539.4,101582.4,101623.4,101661.4,101694.8,101733.2,101772.4,101802.2,101831.0,101860.4,101889.6,101910.2,101933.8,101963.6,101990.8,102008.2,102026.2
101698.4,101680.6,101661.0,101648.8,101636.4,101618.2,101601.4,101587.6,101563.2,101531.2,101506.8,101478.8,101440.0,101400.8,101351.0,101311.0,101267.8,101227.0,101191.2,101154.0,101110.0,101064.0,101022.4,100988.6,100961.6,100934.2,100913.2,100900.2,100890.4,100901.4,100921.4,100942.4,100963.0,100992.8,101024.0,101063.2,101102.8,101144.4,101173.4,101208.0,101224.0,101242.4,101305.2,101365.2,101412.4,101461.4,101512.4,101565.8,101609.0,101652.2,101696.8,101735.6,101776.6,101818.4,101854.2,101887.8,101925.8,101953.8,101979.0,102005.8,102037.6,102068.2,102091.4
101767.0,101744.2,101719.8,101697.4,101672.0,101642.4,101616.6,101600.2,101574.8,101537.0,101503.2,101465.4,101422.2,101371.4,101321.6,101276.0,101229.6,101185.8,101152.0,101107.2,101058.2,101009.2,100966.2,100928.0,100895.4,100872.4,100860.2,100838.8,100838.4,100829.8,100839.0,100862.8,100893.4,100918.6,100954.2,100997.6,101043.6,101098.4,101139.2,101175.6,101217.6,101271.6,101290.8,101299.6,101357.6,101409.6,101460.8,101519.2,101579.2,101630.6,101673.0,101724.0,101765.2,101811.6,101855.4,101900.8,101937.8,101980.4,102013.8,102042.6,102073.4,102106.0,102147.2
101815.0,101793.6,101763.2,101727.0,101687.8,101650.6,101621.2,101600.8,101574.4,101540.4,101493.4,101440.2,101385.8,101331.4,101280.4,101232.6,101192.4,101155.4,101110.4,101058.6,101002.0,100948.8,100896.0,100853.8,100819.6,100792.8,100773.0,100766.2,100772.2,100770.0,100767.4,100794.6,100827.0,100859.8,100890.8,100927.0,100977.2,101036.6,101104.2,101151.2,101190.4,101231.6,101275.4,101318.8,101331.2,101361.6,101404.4,101463.4,101523.6,101588.8,101651.2,101699.0,101742.2,101788.4,101839.8,101890.2,101937.6,101985.0,102031.6,102070.2,102105.0,102134.4,102179.8
101856.2,101827.8,101790.2,101745.2,101701.8,101662.2,101620.8,101598.2,101571.2,101535.0,101481.2,101422.6,101368.0,101318.2,101280.2,101247.2,101208.6,101167.2,101112.0,101051.4,100982.6,100905.0,100826.6,100763.8,100717.4,100686.8,100664.6,100661.8,100667.6,100683.6,100686.8,100703.2,100711.0,100757.6,100821.2,100862.4,100906.0,100955.0,101023.8,101091.4,101154.8,101202.6,101245.2,101277.8,101314.6,101354.0,101391.6,101429.0,101458.0,101517.4,101598.8,101661.4,101720.6,101773.4,101821.8,101873.8,101921.8,101974.8,102030.8,102084.6,102128.0,102159.2,102202.4
101881.8,101851.2,101806.8,101760.2,101711.6,101668.6,101627.6,101594.8,101565.0,101525.2,101475.2,101426.2,101381.4,101359.8,101327.2,101288.6,101240.8,101185.2,101118.6,101036.8,100948.4,100858.2,100769.0,100684.8,100611.8,100556.6,100537.2,100542.6,100547.8,100570.8,100588.6,100607.2,100634.4,100665.6,100711.8,100765.8,100820.2,100872.2,100931.0,101002.4,101086.4,101153.2,101211.2,101259.4,101298.2,101331.8,101367.6,101397.6,101441.2,101471.2,101530.0,101587.6,101668.8,101739.8,101791.0,101842.4,101896.0,101952.4,102013.4,102071.6,102126.4,102174.0,102211.4
101907.8,101866.2,101814.4,101754.8,101700.6,101646.4,101608.2,101579.4,101568.4,101553.2,101508.8,101465.4,101428.6,101403.2,101378.4,101326.2,101268.0,101206.4,101124.8,101029.4,100920.8,100809.4,100708.8,100610.2,100505.0,100428.8,100396.6,100406.0,100429.0,100458.2,100481.8,100520.6,100553.0,100586.0,100623.0,100654.8,100694.8,100762.0,100827.6,100913.6,101004.4,101089.2,101164.2,101223.2,101268.8,101306.4,101341.0,101375.4,101413.6,101458.0,101497.8,101536.4,101588.0,101638.0,101708.6,101783.2,101855.2,101918.6,101980.2,102043.2,102106.6,102157.8,102207.6
101912.6,101864.2,101812.4,101755.8,101694.8,101655.8,101633.2,101639.8,101633.4,101617.2,101580.8,101526.4,101485.8,101468.8,101421.2,101369.2,101300.2,101222.0,101116.0,100995.6,100882.6,100772.6,100675.0,100590.0,100479.2,100380.4,100330.2,100312.0,100319.4,100344.4,100377.2,100412.8,100448.8,100491.8,100526.0,100550.8,100591.8,100640.6,100711.8,100806.8,100926.2,101030.4,101122.0,101194.0,101243.4,101284.8,101322.0,101351.0,101378.6,101414.0,101455.6,101501.6,101544.6,101591.4,101631.0,101671.8,101762.2,101863.2,101926.8,102001.0,102076.2,102127.2,102178.0
101937.6,101912.6,101880.2,101848.6,101806.8,101778.6,101757.6,101747.4,101729.2,101696.6,101654.8,101607.0,101558.6,101516.2,101479.6,101430.6,101350.8,101260.4,101145.0,101019.2,100866.0,100776.4,100688.2,100585.8,100494.8,100431.8,100367.2,100304.4,100250.2,100216.6,100227.2,100273.6,100337.2,100379.2,100410.8,100444.8,100475.6,100519.0,100581.6,100693.8,100828.0,100982.4,101091.2,101174.8,101251.0,101307.0,101336.4,101358.8,101377.4,101397.6,101422.2,101450.6,101484.4,101526.4,101567.4,101603.2,101631.6,101693.6,101808.4,101948.2,102032.0,102083.0,102139.2
102041.8,102013.4,101991.6,101959.4,101922.2,101891.8,101863.6,101838.6,101810.2,101775.2,101731.2,101674.6,101628.8,101588.8,101547.2,101482.8,101402.8,101288.6,101202.0,101100.6,100974.4,100885.0,100761.6,100658.2,100567.2,100466.0,100370.6,100264.8,100174.8,100113.2,100090.8,100112.2,100176.8,100237.8,100297.0,100331.4,100350.0,100391.0,100462.8,100603.4,100761.6,100950.4,101135.4,101193.2,101276.2,101338.0,101369.4,101387.6,101400.0,101409.4,101413.4,101414.4,101425.8,101457.4,101495.0,101535.0,101553.2,101577.0,101645.0,101735.4,101833.4,101977.8,102039.0
102139.8,102128.0,102093.2,102055.4,102013.0,101975.2,101947.6,101917.4,101881.4,101845.2,101798.6,101752.8,101708.4,101647.6,101596.0,101524.4,101446.8,101366.0,101275.6,101184.2,101092.8,100979.8,100874.8,100780.6,100670.6,100534.6,100392.4,100218.2,100071.6,99882.8,99892.6,100001.6,100076.8,100165.8,100224.2,100276.4,100302.4,100348.8,100451.2,100649.2,100927.2,101058.6,101196.0,101253.6,101327.2,101378.8,101407.2,101419.2,101433.4,101441.0,101433.8,101414.2,101395.6,101394.0,101409.6,101438.4,101471.6,101507.2,101533.8,101593.4,101647.8,101770.4,101927.4
102240.6,102216.0,102187.4,102149.4,102109.8,102079.8,102044.4,102015.8,101976.0,101923.6,101872.6,101824.2,101772.2,101706.8,101649.2,101577.8,101518.4,101442.4,101362.0,101276.0,101199.6,101117.4,101016.2,100911.0,100777.6,100627.8,100476.0,100268.0,100059.6,99792.4,99766.0,99926.0,100054.8,100162.6,100251.0,100322.2,100365.8,100454.0,100586.8,100758.6,100956.8,101130.8,101237.4,101326.8,101387.6,101433.4,101462.0,101475.0,101478.2,101474.2,101462.2,101443.8,101421.8,101397.6,101374.8,101366.0,101369.2,101404.8,101440.8,101473.6,101509.0,101598.0,101713.8
102335.0,102307.4,102275.8,102237.6,102203.4,102171.2,102138.8,102104.8,102062.0,102004.0,101941.0,101883.8,101833.6,101779.8,101702.6,101635.6,101571.8,101510.4,101440.4,101364.6,101288.6,101223.0,101152.4,101047.4,100914.4,100785.8,100634.2,100444.0,100257.0,100103.6,100043.0,100052.8,100166.0,100266.6,100349.0,100408.4,100488.8,100534.0,100733.6,100886.6,101019.4,101152.8,101270.6,101359.4,101424.0,101470.4,101496.0,101513.6,101513.4,101502.8,101489.8,101472.0,101459.8,101438.4,101417.6,101390.2,101353.8,101326.8,101314.4,101348.6,101380.0,101408.6,101506.6
102414.8,102391.0,102355.0,102321.4,102287.8,102252.2,102210.6,102168.0,102127.2,102076.4,102012.6,101945.2,101887.6,101823.2,101767.0,101710.0,101648.8,101586.8,101526.0,101464.6,101386.0,101326.6,101256.2,101167.4,101052.4,100923.2,100814.8,100693.2,100558.0,100470.4,100417.6,100397.2,100378.4,100435.0,100472.0,100537.6,100625.8,100738.0,100897.2,101027.8,101140.0,101247.0,101351.8,101420.2,101464.6,101497.4,101512.8,101518.6,101517.0,101506.0,101490.4,101476.8,101461.6,101446.4,101428.6,101409.6,101377.4,101335.0,101283.4,101263.0,101272.8,101313.2,101356.0
102478.8,102443.6,102411.4,102378.2,102348.2,102318.0,102278.6,102225.4,102168.0,102119.2,102071.8,102013.4,101952.6,101900.0,101835.8,101787.0,101727.8,101665.6,101609.2,101544.4,101475.6,101420.0,101340.2,101263.2,101173.8,101077.0,101002.0,100922.0,100843.8,100773.2,100720.6,100697.4,100691.4,100704.4,100733.0,100778.8,100867.6,100968.4,101058.4,101150.4,101236.8,101320.2,101399.6,101458.4,101497.6,101518.8,101522.0,101516.8,101509.6,101499.0,101481.8,101464.2,101449.2,101432.4,101408.0,101388.0,101363.8,101338.6,101310.0,101272.4,101234.2,101224.2,101244.8
102528.0,102497.0,102458.8,102434.0,102405.0,102372.4,102326.2,102267.6,102205.4,102142.4,102098.2,102053.0,101997.6,101944.0,101895.4,101840.0,101779.0,101717.8,101662.0,101603.4,101540.0,101483.2,101422.2,101356.2,101292.0,101219.2,101171.0,101136.8,101088.8,101041.2,101001.0,100966.2,100945.4,100944.4,100960.0,101001.6,101060.2,101120.6,101187.4,101255.0,101319.8,101390.2,101451.2,101494.4,101519.8,101529.6,101524.4,101510.2,101497.6,101478.6,101459.2,101441.6,101426.4,101407.2,101384.4,101358.8,101331.2,101303.0,101274.6,101253.0,101232.8,101194.6,101145.8
102570.2,102543.8,102503.2,102466.2,102436.8,102404.6,102349.4,102281.4,102207.0,102132.8,102095.4,102051.2,102005.8,101954.8,101908.4,101859.2,101803.2,101739.0,101691.6,101638.2,101585.0,101537.2,101485.2,101439.4,101401.0,101352.2,101308.0,101280.6,101251.0,101224.8,101206.0,101190.4,101174.4,101163.0,101162.6,101176.6,101208.6,101248.4,101289.8,101339.8,101389.6,101438.4,101476.8,101500.2,101511.0,101509.6,101499.0,101481.6,101464.8,101444.8,101422.4,101409.2,101397.2,101379.4,101356.8,101327.6,101296.0,101263.6,101226.4,101191.6,101162.2,101136.0,101106.6
102594.6,102555.0,102524.6,102481.8,102439.4,102394.4,102339.6,102277.6,102211.4,102158.6,102110.4,102061.2,102001.2,101937.4,101901.4,101859.0,101806.2,101736.8,101691.8,101648.0,101622.4,101588.8,101548.0,101514.0,101480.4,101459.0,101428.2,101400.6,101376.2,101354.6,101336.0,101322.2,101320.8,101319.8,101320.0,101325.6,101336.2,101346.2,101360.8,101383.8,101410.6,101433.6,101448.8,101462.0,101468.8,101464.6,101447.2,101425.6,101399.6,101379.0,101360.2,101348.2,101335.0,101319.4,101298.8,101270.6,101240.4,101214.4,101187.0,101150.2,101101.0,101054.4,101022.6
102585.8,102544.4,102508.6,102467.8,102421.0,102381.4,102337.4,102274.8,102212.0,102159.4,102108.8,102059.6,102004.2,101951.4,101905.6,101857.0,101806.2,101759.6,101719.2,101682.8,101650.4,101619.8,101590.6,101555.2,101522.0,101494.4,101476.8,101460.4,101443.6,101427.6,101413.6,101402.4,101395.0,101392.2,101391.0,101392.0,101390.2,101390.4,101394.0,101398.0,101401.4,101404.6,101409.0,101407.8,101397.8,101381.6,101364.6,101343.8,101317.6,101293.6,101280.2,101265.6,101249.8,101231.0,101211.8,101186.4,101156.4,101132.4,101112.2,101080.4,101039.2,100991.8,100948.0
102564.4,102539.4,102500.2,102458.6,102420.0,102378.4,102319.2,102257.2,102195.8,102137.2,102079.8,102031.2,101980.6,101937.0,101888.8,101844.4,101794.6,101755.2,101722.6,101695.4,101672.0,101648.4,101620.0,101583.6,101545.4,101508.2,101475.8,101455.4,101439.6,101422.8,101407.2,101392.4,101382.0,101379.2,101379.2,101374.4,101366.6,101358.4,101350.6,101346.2,101340.4,101331.2,101321.0,101307.8,101292.0,101272.2,101251.6,101229.2,101203.0,101177.4,101160.4,101138.2,101116.2,101101.8,101083.4,101065.2,101039.0,101013.4,100997.6,100979.2,100948.0,100906.2,100864.4
102543.8,102514.4,102476.4,102438.6,102390.6,102343.4,102283.2,102223.4,102164.2,102103.2,102039.4,101980.2,101927.4,101881.6,101839.0,101805.0,101768.0,101732.6,101701.6,101673.2,101654.2,101633.2,101609.2,101580.8,101546.8,101511.4,101474.0,101434.8,101402.0,101382.0,101370.0,101359.8,101348.6,101333.2,101314.2,101295.8,101281.0,101269.6,101260.4,101247.2,101232.2,101218.0,101204.0,101182.8,101162.8,101139.0,101116.6,101089.8,101064.2,101043.4,101022.4,100999.2,100973.2,100955.4,100942.8,100921.8,100900.2,100880.8,100865.4,100853.8,100836.2,100808.6,100776.0
102489.8,102465.4,102438.6,102396.4,102339.4,102279.4,102223.8,102168.2,102112.0,102053.0,101987.8,101921.6,101859.0,101810.8,101770.6,101738.0,101709.0,101681.2,101655.8,101628.8,101604.8,101580.8,101559.2,101535.0,101507.0,101476.2,101446.0,101414.0,101385.2,101362.2,101343.2,101328.2,101312.6,101292.6,101269.0,101241.8,101216.2,101195.2,101179.8,101164.8,101149.0,101131.8,101113.8,101089.4,101059.4,101027.4,100992.2,100951.0,100916.6,100890.4,100869.4,100842.0,100809.6,100793.0,100789.6,100780.2,100762.6,100743.8,100731.8,100715.8,100695.0,100675.0,100659.2
102414.8,102398.4,102361.6,102317.4,102265.0,102206.6,102144.6,102082.8,102029.4,101971.4,101915.8,101841.8,101774.2,101720.2,101676.0,101642.4,101618.2,101597.2,101575.2,101549.6,101525.4,101501.4,101477.8,101456.6,101432.0,101407.8,101385.4,101362.8,101339.6,101317.6,101295.6,101270.6,101243.6,101217.0,101189.0,101159.8,101131.8,101111.4,101098.6,101083.0,101062.6,101037.8,101010.0,100983.0,100953.0,100915.6,100871.6,100825.0,100776.8,100728.6,100694.4,100670.6,100643.2,100623.8,100623.0,100620.0,100610.8,100595.0,100574.4,100554.2,100535.6,100521.4,100503.8
102312.6,102287.6,102249.0,102206.0,102159.4,102105.6,102049.2,101988.6,101928.0,101879.0,101815.2,101740.6,101675.6,101615.2,101568.0,101532.6,101506.0,101485.6,101463.6,101444.0,101425.6,101403.2,101379.0,101352.8,101324.2,101299.0,101279.0,101260.2,101241.4,101223.2,101199.6,101173.8,101145.4,101116.6,101089.2,101062.2,101036.6,101014.0,100990.6,100967.4,100942.6,100914.0,100882.8,100850.0,100815.4,100775.6,100732.8,100687.0,100639.4,100593.0,100546.4,100508.0,100479.0,100456.0,100440.6,100429.8,100419.6,100411.0,100393.2,100374.4,100359.8,100347.8,100333.6
102154.2,102128.4,102096.8,102060.6,102013.0,101967.8,101921.4,101868.4,101809.4,101755.4,101697.6,101627.8,101553.4,101490.8,101442.8,101406.2,101376.6,101351.2,101329.6,101312.4,101293.0,101271.4,101249.8,101222.6,101193.8,101164.2,101138.0,101115.8,101092.0,101068.8,101046.4,101025.2,101002.0,100975.8,100948.4,100920.2,100891.0,100862.4,100835.0,100808.8,100781.6,100753.0,100721.8,100687.2,100651.2,100611.6,100571.8,100525.8,100483.6,100439.6,100397.8,100359.2,100323.2,100292.4,100259.4,100224.6,100200.2,100183.6,100171.6,100156.0,100151.6,100143.0,100136.2
101968.8,101939.2,101908.6,101878.0,101844.0,101803.8,101765.2,101719.6,101667.0,101615.8,101558.4,101496.4,101424.8,101356.4,101304.6,101266.0,101234.2,101208.0,101183.8,101162.4,101139.4,101115.0,101089.0,101062.4,101036.2,101008.2,100980.0,100950.0,100919.4,100888.0,100861.0,100836.4,100815.0,100790.2,100764.0,100738.0,100708.4,100675.2,100646.0,100617.4,100589.4,100560.4,100528.8,100495.4,100458.6,100419.2,100378.6,100337.2,100295.2,100255.8,100218.0,100183.0,100149.6,100116.8,100080.4,100038.4,99996.2,99961.6,99942.0,99933.0,99929.0,99925.2,99917.2
101756.0,101729.4,101702.0,101674.4,101645.8,101615.2,101580.4,101540.8,101498.6,101454.8,101400.2,101343.2,101282.8,101209.0,101147.6,101100.4,101062.8,101034.6,101008.4,100986.4,100961.2,100932.6,100901.6,100873.4,100847.0,100821.0,100793.2,100761.4,100726.0,100686.4,100648.2,100614.2,100584.6,100557.4,100533.0,100511.2,100483.8,100457.6,100429.0,100399.0,100367.6,100337.4,100305.0,100270.0,100232.8,100193.0,100157.6,100115.2,100072.8,100035.0,99999.6,99966.4,99938.4,99909.4,99879.6,99843.0,99802.2,99763.8,99729.4,99712.2,99719.2,99714.0,99701.8
101505.0,101484.0,101465.0,101446.2,101421.8,101396.0,101365.0,101330.4,101293.6,101254.4,101212.8,101166.2,101105.4,101038.8,100973.6,100915.0,100868.4,100833.6,100806.2,100778.6,100752.4,100720.8,100686.8,100657.4,100633.4,100608.6,100580.2,100547.4,100512.6,100474.2,100434.2,100394.4,100360.6,100333.0,100309.4,100291.6,100276.6,100255.8,100228.4,100197.8,100166.4,100134.0,100100.0,100065.8,100028.8,99987.0,99938.8,99886.0,99828.6,99777.6,99732.8,99701.6,99683.6,99660.8,99640.4,99619.8,99588.8,99548.2,99508.8,99479.8,99467.4,99462.0,99455.6
