wind-weather/data/weather/current/current-relative_humidity-isobaric-850hPa-gfs-1.0.json
{"header": {"discipline":0,"disciplineName":"Meteorologicalproducts","gribEdition":2,"gribLength":75136,"center":7,"centerName":"USNationalWeatherService-NCEP(WMC)","subcenter":0,"refTime":"2015-09-28T00:00:00.000Z","significanceOfRT":0,"significanceOfRTName":"Analysis","productStatus":0,"productStatusName":"Operationalproducts","productType":0,"productTypeName":"Analysisproducts","productDefinitionTemplate":0,"productDefinitionTemplateName":"Analysis/forecastathorizontallevel/layeratapointintime","parameterCategory":1,"parameterCategoryName":"Moisture","parameterNumber":1,"parameterNumberName":"Relative_humidity","parameterUnit":"percent","genProcessType":0,"genProcessTypeName":"Analysis","forecastTime":0,"surface1Type":100,"surface1TypeName":"Isobaricsurface","surface1Value":85000.0,"surface2Type":255,"surface2TypeName":"Missing","surface2Value":0.0,"gridDefinitionTemplate":0,"gridDefinitionTemplateName":"Latitude_Longitude","numberPoints":65160,"shape":6,"shapeName":"Earthsphericalwithradiusof6,371,229.0m","gridUnits":"degrees","resolution":48,"winds":"true","scanMode":0,"nx":360,"ny":181,"basicAngle":0,"subDivisions":0,"lo1":0.0,"la1":90.0,"lo2":359.0,"la2":-90.0,"dx":1.0,"dy":1.0}, "data":
[rows 0 to 37 of 181, columns 0 to 83 of 360]
77.7,77.7,77.7,77.7,77.7,77.7,77.7,77.7,77.7,77.7,77.7,77.7,77.7,77.7,77.7,77.7,77.7,77.7,77.7,77.7,77.7,77.7,77.7,77.7,77.7,77.7,77.7,77.7,77.7,77.7,77.7,77.7,77.7,77.7,77.7,77.7,77.7,77.7,77.7,77.7,77.7,77.7,77.7,77.7,77.7,77.7,77.7,77.7,77.7,77.7,77.7,77.7,77.7,77.7,77.7,77.7,77.7,77.7,77.7,77.7,77.7,77.7,77.7,77.7,77.7,77.7,77.7,77.7,77.7,77.7,77.7,77.7,77.7,77.7,77.7,77.7,77.7,77.7,77.7,77.7,77.7,77.7,77.7,77.7
44.5,44.7,44.9,45.1,45.3,45.5,45.7,45.9,46.1,46.3,46.5,46.6,46.8,47.0,47.2,47.3,47.5,47.6,47.8,47.9,48.1,48.2,48.4,48.5,48.7,48.8,49.0,49.2,49.4,49.7,49.9,50.2,50.5,50.9,51.2,51.7,52.1,52.6,53.2,53.8,54.4,55.2,56.0,56.8,57.8,58.8,59.8,60.9,62.1,63.3,64.5,65.9,67.2,68.7,70.2,71.7,73.3,74.9,76.5,78.2,79.8,81.4,83.0,84.6,86.2,87.8,89.5,91.1,92.8,94.4,96.0,97.5,98.8,100.0,100.0,100.0,100.0,100.0,100.0,100.0,100.0,100.0,100.0,100.0
35.6,36.1,36.7,37.3,37.9,38.6,39.3,40.0,40.8,41.6,42.5,43.4,44.4,45.4,46.4,47.5,48.5,49.7,50.8,51.9,53.0,54.2,55.3,56.4,57.4,58.5,59.4,60.3,61.2,61.9,62.6,63.2,63.6,64.0,64.2,64.3,64.2,64.1,63.9,63.6,63.2,62.7,62.3,61.8,61.4,61.1,60.9,60.9,61.0,61.2,61.7,62.5,63.6,64.9,66.5,68.4,70.5,72.9,75.5,78.3,81.2,84.2,87.2,90.1,93.0,95.7,98.2,100.0,100.0,100.0,100.0,100.0,100.0,100.0,100.0,100.0,100.0,100.0,100.0,100.0,99.7,99.4,99.2,99.1
28.7,28.8,28.9,29.0,29.2,29.5,29.9,30.5,31.1,31.9,32.8,33.8,34.9,36.2,37.5,38.9,40.5,42.1,43.9,45.7,47.6,49.7,51.8,54.0,56.2,58.5,60.8,63.1,65.4,67.8,70.1,72.3,74.4,76.3,78.0,79.3,80.4,81.0,81.1,80.9,80.2,79.1,77.7,76.0,74.1,72.2,70.3,68.5,66.9,65.6,64.6,64.1,64.1,64.5,65.5,66.9,68.8,71.1,73.8,76.9,80.3,83.8,87.4,90.8,94.2,97.4,100.0,100.0,100.0,100.0,100.0,100.0,99.3,98.6,97.9,97.3,97.0,96.8,96.7,96.7,96.8,97.0,97.2,97.4
22.3,22.3,22.4,22.5,22.5,22.5,22.5,22.6,22.9,23.4,24.1,25.3,26.7,28.6,30.8,33.3,36.1,39.1,42.6,46.2,49.8,53.4,57.2,61.1,64.9,68.2,71.0,73.4,75.5,77.1,78.4,79.8,81.2,82.6,84.0,85.3,86.2,86.7,86.6,86.0,84.6,82.8,80.3,77.5,74.5,71.2,68.1,65.2,62.6,60.6,59.1,58.3,58.1,58.7,59.9,61.8,64.4,67.5,71.0,74.7,78.6,82.2,85.4,88.0,89.9,90.7,90.5,89.5,87.9,86.0,84.1,82.6,81.6,81.3,81.6,82.5,84.0,85.8,87.8,89.6,91.2,92.4,93.1,93.3
24.2,25.0,25.9,26.9,28.1,29.3,30.6,31.9,33.3,34.8,36.5,38.4,40.7,43.4,46.6,50.3,53.7,57.1,60.8,64.4,68.1,72.4,77.2,83.1,89.6,93.8,94.6,94.3,94.5,95.0,94.8,93.0,90.3,88.4,87.4,86.4,85.5,84.3,82.3,79.8,77.0,73.7,70.3,66.9,63.5,60.4,57.7,55.6,54.3,53.7,54.0,55.1,56.8,59.2,62.0,65.3,68.8,72.5,76.4,80.2,83.9,87.2,89.8,91.3,91.5,90.0,86.8,82.2,76.6,70.4,64.1,58.5,53.9,50.7,49.3,49.8,52.0,55.6,60.2,65.2,70.0,74.2,77.4,79.6
59.6,65.0,69.9,74.2,77.6,80.0,81.4,82.3,83.1,84.1,85.8,87.5,89.6,92.7,95.9,97.5,97.0,96.5,97.1,98.0,99.1,99.4,99.1,99.0,99.2,99.2,99.0,98.9,98.5,97.8,97.1,96.2,95.2,94.4,94.1,90.5,84.3,79.6,75.4,71.3,67.3,63.2,59.4,56.2,54.0,52.7,52.6,53.3,54.8,57.0,59.9,63.8,68.3,73.3,78.6,83.6,88.2,91.9,94.7,96.6,97.5,97.5,96.8,95.3,93.1,90.3,86.8,82.7,77.8,72.2,66.0,59.0,51.6,44.2,37.1,30.8,25.8,22.6,21.4,22.3,25.2,29.8,35.7,42.1
87.6,88.7,89.6,90.5,91.5,92.7,94.0,95.0,96.0,96.8,98.4,99.6,98.9,98.9,98.8,98.9,98.8,98.6,98.4,98.4,98.3,98.5,98.6,98.7,98.8,99.1,99.2,99.4,99.5,99.3,99.1,98.8,98.7,98.0,97.1,93.0,83.2,74.4,67.6,62.5,58.4,54.6,51.1,48.4,47.3,48.6,52.4,58.6,66.3,74.2,81.5,87.4,91.8,94.6,96.3,97.0,97.0,96.1,94.2,91.2,87.2,82.4,76.9,71.2,65.3,59.4,53.7,48.4,43.6,39.5,36.2,33.7,31.9,30.7,30.0,29.6,29.2,28.3,26.8,24.4,21.5,18.7,16.7,16.4
93.1,93.4,94.1,95.5,96.4,96.5,96.8,97.1,97.3,97.9,98.2,98.2,98.2,97.9,97.7,98.0,99.0,99.3,99.7,99.9,99.5,99.1,98.8,98.6,98.6,98.4,98.4,98.3,98.4,98.6,98.6,98.7,98.3,97.2,95.6,92.6,85.7,77.4,71.1,67.9,67.3,67.2,65.4,60.7,54.5,49.9,49.8,55.6,66.0,78.4,89.5,97.2,100.0,100.0,98.0,93.9,88.3,80.3,73.5,66.0,53.8,45.6,38.5,32.8,28.9,26.7,25.1,24.4,24.0,24.1,24.4,24.7,25.1,25.6,26.3,27.1,28.0,29.0,30.3,31.6,32.6,32.9,32.5,31.7
94.2,94.5,95.1,95.7,96.2,96.7,97.1,96.9,96.4,93.6,90.1,88.4,88.5,90.2,93.3,97.1,99.5,100.0,100.0,100.0,100.0,100.0,100.0,100.0,100.0,99.6,99.1,99.0,98.9,98.9,98.9,99.1,99.1,98.7,96.8,95.0,95.3,96.4,95.7,94.7,93.4,91.1,88.2,85.9,82.5,71.8,61.0,55.6,59.2,69.8,84.4,97.2,100.0,98.9,86.0,71.1,56.0,43.0,35.2,29.0,27.0,29.6,29.2,33.7,39.3,37.5,36.2,38.2,38.7,38.9,39.1,39.3,39.4,39.6,40.1,40.7,41.3,41.7,41.8,43.3,45.4,42.9,43.3,43.4
97.4,95.5,94.5,95.8,97.7,98.5,98.5,98.6,98.2,96.2,90.1,81.1,74.0,72.5,73.8,75.7,78.3,80.9,84.0,85.9,86.1,84.1,84.5,86.5,88.9,91.5,94.2,94.9,96.0,95.6,94.8,94.5,94.6,95.0,95.9,97.0,97.7,98.2,98.4,98.4,98.1,96.9,94.3,90.9,88.2,84.5,73.7,61.9,57.0,64.4,81.5,100.0,96.6,84.0,61.9,40.4,27.4,24.9,29.0,33.7,36.0,36.3,36.1,36.2,37.2,38.8,40.5,41.7,42.7,43.8,45.1,46.3,47.3,48.0,48.6,49.2,49.8,50.6,51.7,52.8,54.0,55.1,55.7,55.9
99.8,99.3,99.0,98.6,97.2,94.7,94.1,97.1,99.7,99.9,99.9,99.8,100.0,100.0,100.0,99.4,97.0,97.4,83.2,62.1,72.9,81.9,85.3,85.8,84.6,82.9,81.5,80.7,80.5,80.6,81.1,82.3,84.4,87.1,90.5,95.0,98.0,98.2,98.6,99.0,98.5,97.1,94.4,91.3,88.4,80.9,67.2,55.0,55.8,74.1,96.9,100.0,96.2,70.4,42.0,24.4,20.8,25.5,30.2,31.2,30.5,31.0,32.7,35.0,37.1,38.9,40.8,43.3,46.3,49.5,52.6,55.4,58.3,62.1,66.5,70.5,73.2,74.1,73.6,74.6,78.1,86.7,93.2,93.4
98.1,99.3,99.8,99.8,99.6,99.8,99.4,99.6,99.8,99.8,99.9,99.9,99.9,99.9,99.9,100.0,93.8,89.4,85.1,87.6,93.1,92.4,92.5,89.7,92.4,96.1,94.7,91.3,91.1,94.9,95.9,97.0,97.7,98.1,98.2,98.6,98.6,98.7,98.5,98.5,98.0,96.8,93.8,88.6,78.8,63.9,49.1,46.5,63.3,91.6,98.8,96.8,87.0,75.5,61.6,50.3,43.3,40.0,36.9,34.0,32.0,32.1,33.9,36.6,38.5,39.2,40.8,43.7,46.1,49.3,53.8,59.4,65.9,73.1,80.3,90.6,100.0,100.0,100.0,100.0,100.0,100.0,100.0,100.0
98.8,97.8,98.4,99.7,99.6,98.9,98.8,99.3,99.8,98.7,96.3,94.7,95.6,98.9,99.4,100.0,100.0,97.3,94.5,93.5,92.3,92.0,92.9,94.8,98.1,100.0,100.0,100.0,100.0,100.0,100.0,100.0,100.0,98.9,100.0,100.0,100.0,100.0,100.0,98.8,96.3,92.7,85.4,71.8,54.5,42.9,46.5,65.2,88.0,95.1,95.0,93.1,91.3,91.0,91.6,91.7,90.7,91.3,91.5,92.1,91.8,89.2,73.4,68.7,86.2,97.5,68.0,78.2,100.0,70.0,77.3,69.1,67.6,78.4,98.5,100.0,100.0,100.0,100.0,100.0,100.0,100.0,100.0,99.9
99.7,99.4,98.4,99.4,98.7,98.5,97.4,95.7,94.8,95.6,96.4,97.1,97.8,97.3,95.9,94.5,89.7,90.4,94.0,96.5,96.3,94.8,93.5,94.3,95.9,96.7,96.7,96.8,99.7,99.3,99.2,96.8,92.9,97.9,99.8,100.0,100.0,99.2,94.9,88.9,80.8,67.9,51.1,38.6,38.2,50.2,68.6,82.4,86.7,87.5,90.3,90.6,91.2,92.9,95.4,97.5,100.0,100.0,100.0,100.0,88.4,80.3,95.4,81.1,78.6,65.6,55.5,68.2,84.2,100.0,100.0,100.0,100.0,100.0,100.0,100.0,100.0,100.0,100.0,100.0,100.0,100.0,99.2,98.5
99.7,99.7,98.4,95.7,97.6,98.4,98.6,95.3,86.1,84.7,86.5,86.6,83.4,82.1,79.4,76.9,78.8,84.9,91.3,95.1,93.3,85.9,78.7,77.7,82.2,88.0,92.1,94.1,94.5,94.8,94.6,94.2,95.2,96.7,96.9,95.7,92.7,87.1,78.2,64.9,48.6,35.3,30.0,34.7,48.4,62.0,68.5,70.5,72.1,73.4,71.1,65.0,58.9,53.2,49.3,49.9,48.8,66.4,86.8,82.0,98.2,100.0,100.0,100.0,99.0,99.9,100.0,100.0,100.0,100.0,100.0,100.0,100.0,100.0,100.0,100.0,100.0,100.0,100.0,100.0,100.0,100.0,100.0,99.6
99.7,99.7,98.9,96.4,93.5,96.5,98.3,95.2,81.0,71.6,69.1,69.1,66.9,63.7,65.1,72.6,83.8,91.9,90.8,83.3,74.8,68.4,67.1,69.9,73.2,76.3,80.2,85.1,89.3,92.0,93.4,93.3,91.9,89.4,85.9,82.0,77.4,69.3,56.0,41.5,31.1,27.4,32.5,45.2,55.3,59.7,62.4,61.1,49.2,36.7,44.6,71.2,94.4,100.0,100.0,90.6,97.6,100.0,96.4,89.7,82.5,86.2,93.6,100.0,100.0,100.0,100.0,100.0,100.0,100.0,100.0,100.0,100.0,100.0,100.0,100.0,100.0,100.0,100.0,100.0,100.0,100.0,99.4,98.8
99.7,99.7,99.4,98.2,90.4,89.4,92.8,91.1,79.8,65.2,60.2,62.0,59.8,57.6,67.4,77.7,85.6,89.8,76.8,63.0,59.8,63.6,67.6,72.9,79.4,85.0,88.2,89.7,90.5,90.9,90.6,88.9,85.4,81.3,77.5,73.1,66.0,54.9,41.9,29.2,20.8,33.9,72.6,85.2,93.2,93.7,78.6,61.0,42.9,45.5,71.7,90.9,95.3,97.0,82.7,92.8,95.5,94.6,96.1,99.3,100.0,98.7,95.7,99.3,100.0,100.0,100.0,100.0,100.0,100.0,100.0,100.0,100.0,99.2,98.1,97.4,96.7,96.5,96.4,97.1,99.7,90.4,86.0,87.3
90.4,99.0,99.7,99.4,96.2,89.0,85.3,84.0,75.1,59.6,54.2,62.5,70.6,71.0,75.3,81.4,88.8,89.3,73.3,58.2,58.3,68.6,78.1,85.7,90.9,93.5,92.5,89.0,85.9,84.7,83.4,81.1,77.7,73.0,66.9,60.7,55.0,47.1,37.1,27.3,19.2,38.2,73.9,89.0,100.0,100.0,100.0,75.5,57.6,59.0,80.9,97.5,96.7,82.7,83.5,94.5,95.4,95.1,95.7,96.3,94.6,87.9,80.1,75.5,73.8,71.9,70.2,69.7,69.3,70.0,74.2,75.4,78.0,77.5,76.9,76.2,73.2,72.1,69.5,70.8,72.1,73.2,72.5,70.7
83.2,97.5,99.1,99.7,99.4,92.4,79.9,77.8,73.1,57.8,48.2,51.9,60.4,68.4,74.2,79.8,85.5,87.1,80.1,63.3,58.3,78.2,91.8,92.2,87.3,93.4,96.4,93.2,96.2,82.2,78.4,76.3,74.3,71.7,67.0,60.0,54.3,50.7,47.4,45.2,52.7,74.8,88.6,96.4,99.4,96.2,86.5,82.8,82.9,87.6,98.5,100.0,98.3,90.5,85.5,95.3,99.0,99.3,98.7,97.9,97.3,93.5,89.5,88.3,87.1,86.4,84.6,81.8,80.1,79.4,81.2,85.2,87.7,87.1,85.8,90.1,95.4,97.0,98.1,98.3,98.3,98.4,98.0,97.5
76.6,97.4,98.9,99.5,99.7,96.4,82.3,74.5,72.8,58.7,46.2,49.7,55.0,58.8,66.0,75.8,85.4,91.4,89.2,92.8,78.8,77.6,92.3,94.1,98.6,95.4,99.2,99.9,98.4,98.0,98.2,100.0,98.7,98.2,97.2,94.4,97.0,98.5,96.2,94.1,95.6,96.1,94.9,85.1,79.2,82.3,87.9,92.1,94.3,95.4,93.2,91.5,94.2,94.7,94.6,96.3,96.6,94.8,97.0,97.8,99.9,99.7,99.5,99.3,98.9,98.5,98.4,97.5,97.6,97.5,97.9,97.6,98.1,98.5,98.7,98.6,98.6,98.0,97.8,98.2,97.0,97.5,98.0,98.3
67.8,97.5,98.2,99.4,99.2,98.3,91.2,75.3,71.6,61.1,46.8,52.2,57.3,61.1,69.4,74.7,83.3,92.3,97.3,99.7,98.4,90.7,93.4,91.6,98.4,99.1,99.3,99.3,92.2,88.5,92.8,93.8,98.5,97.8,99.1,99.8,99.2,98.9,100.0,97.9,96.2,98.2,98.4,96.8,93.4,88.0,83.6,79.9,76.8,77.3,79.5,86.5,94.3,98.9,99.2,97.4,95.7,94.3,92.3,91.3,90.0,86.4,88.8,94.6,96.8,97.2,97.2,97.1,97.3,97.5,98.5,99.3,98.8,97.9,97.7,98.7,99.2,99.3,99.0,99.7,98.6,98.9,99.1,99.5
80.3,98.5,97.4,99.0,98.3,98.7,95.8,79.8,72.2,64.3,47.1,49.8,56.4,64.6,71.1,73.0,80.4,97.0,97.4,86.6,96.4,99.9,90.2,83.4,90.2,89.5,90.9,89.8,98.7,98.8,99.9,97.6,97.9,97.5,99.6,100.0,99.4,98.9,98.4,97.4,98.1,97.6,97.0,97.6,98.6,98.1,97.9,98.7,98.5,98.1,93.7,91.0,93.8,94.5,91.8,92.0,95.7,98.1,97.2,99.7,98.2,97.1,96.3,98.8,99.0,98.5,98.9,84.8,95.0,98.2,98.6,98.4,98.6,98.7,98.2,99.5,98.9,99.5,98.5,99.0,99.4,99.5,99.6,99.4
92.9,97.9,98.5,98.6,99.2,99.6,97.2,89.2,76.4,69.1,50.1,46.1,53.9,58.1,53.6,46.7,76.5,63.7,76.3,85.2,86.7,87.7,85.2,80.1,83.7,88.8,85.3,88.1,91.6,94.9,97.9,99.9,92.6,93.1,92.6,96.8,98.3,99.7,99.8,99.7,95.3,92.8,86.0,85.9,84.2,86.5,90.4,94.7,91.3,97.3,99.0,99.8,99.8,99.8,99.8,96.0,94.3,94.2,98.6,99.0,99.7,99.7,99.7,99.0,99.5,98.7,78.2,74.4,77.2,89.7,96.2,97.8,99.2,99.1,99.5,98.1,98.7,98.9,99.5,98.8,98.8,99.2,99.0,98.6
95.4,97.5,98.8,98.5,98.6,97.1,96.4,98.3,81.2,75.0,62.7,51.1,62.6,66.8,65.8,81.6,61.3,75.1,84.8,85.6,85.2,80.8,68.4,79.1,93.5,94.3,90.2,90.5,98.2,98.0,98.7,99.8,99.8,99.8,98.6,96.3,88.6,84.1,85.3,87.3,83.9,85.8,82.8,75.0,69.9,72.3,74.3,74.5,76.1,82.4,75.6,69.7,68.1,69.0,63.9,67.5,80.2,74.3,75.8,86.8,83.1,98.6,99.9,99.8,55.5,54.9,64.4,68.5,68.3,71.0,81.6,89.8,95.7,99.7,99.7,99.7,99.7,99.7,98.6,99.2,98.5,98.8,99.5,98.9
98.8,99.7,99.7,99.2,88.6,85.6,92.7,98.2,90.8,79.0,85.2,72.1,73.2,76.9,70.3,76.0,80.7,94.3,93.7,88.8,83.7,71.3,68.9,90.3,97.7,97.4,96.3,97.0,98.9,97.2,94.7,95.9,93.6,92.8,90.4,96.1,98.8,98.3,97.2,98.3,97.9,96.1,81.9,62.5,49.4,41.7,37.9,38.9,44.6,38.9,37.6,43.4,45.1,46.2,44.6,41.1,39.8,41.3,43.6,99.8,96.1,58.5,32.6,49.1,51.6,65.0,75.6,80.5,80.1,78.5,80.8,83.6,90.9,97.7,99.1,98.9,98.8,99.2,98.2,97.9,98.0,98.6,99.3,99.4
88.6,80.8,75.7,73.6,75.2,83.5,92.2,94.5,95.5,89.5,88.2,95.8,85.3,74.9,79.6,85.9,88.6,89.2,83.9,80.5,72.7,66.0,87.0,97.4,96.7,97.0,96.4,97.4,96.6,94.7,94.2,99.3,99.8,98.3,98.3,99.3,98.9,99.2,99.7,95.5,71.1,53.7,43.3,39.9,40.1,40.9,41.7,40.0,38.1,36.0,34.4,34.9,33.3,33.8,31.7,29.8,27.5,26.9,29.3,41.9,28.4,38.3,50.9,62.6,76.0,88.2,97.0,98.5,99.3,99.4,98.4,97.4,96.9,97.9,99.6,98.8,97.8,98.0,98.3,98.9,98.8,98.8,98.7,99.0
65.9,65.0,64.0,60.2,63.8,73.8,84.5,86.6,83.6,80.2,86.3,89.6,97.5,84.4,86.9,92.5,88.8,81.0,78.1,75.9,74.4,83.6,87.6,96.5,99.7,97.3,99.4,93.7,93.7,96.5,97.0,96.4,97.3,98.0,98.5,99.0,87.4,65.5,50.7,55.6,47.6,44.9,43.1,40.1,44.4,40.3,39.2,40.1,44.5,47.1,49.7,54.3,60.3,69.7,81.1,90.2,94.6,96.8,97.4,97.6,99.0,99.6,98.9,99.6,97.2,96.7,98.8,98.0,98.9,98.4,98.0,99.7,99.7,98.1,98.6,99.3,99.2,98.2,98.8,96.4,98.6,99.8,98.1,97.0
66.1,61.7,56.3,51.9,53.1,53.0,62.9,53.7,55.3,69.8,87.3,86.6,83.7,88.7,87.4,86.7,79.9,80.1,77.2,78.3,83.2,85.2,80.4,83.4,99.3,99.4,99.8,99.5,97.7,95.8,95.7,98.7,99.7,96.7,82.7,66.9,54.8,60.2,67.7,69.0,58.0,60.7,60.9,80.7,98.5,98.8,99.4,98.3,99.1,98.8,98.8,99.1,99.6,99.6,99.6,99.6,99.1,96.2,92.2,94.2,78.2,73.2,77.3,77.6,73.7,71.5,76.7,79.6,79.1,83.9,95.7,97.7,98.0,98.6,98.1,99.3,99.7,98.4,97.9,98.7,99.9,99.9,96.9,73.2
55.8,52.4,50.9,50.7,47.7,51.3,72.2,59.8,64.5,76.5,79.9,80.3,79.0,78.2,80.1,81.6,84.8,83.3,88.1,86.0,82.0,75.0,74.8,73.4,88.5,94.9,97.8,97.6,96.6,97.8,99.7,99.7,83.1,62.3,59.4,66.5,72.8,78.5,72.8,75.3,82.0,99.6,97.5,98.5,98.4,96.1,97.6,98.4,99.6,99.6,99.1,97.8,93.7,86.7,76.8,68.2,63.5,64.3,68.2,74.7,57.8,61.4,64.2,62.9,61.9,60.9,60.6,59.9,60.8,65.7,77.8,99.7,96.9,97.6,99.5,99.1,98.0,98.7,99.9,100.0,94.8,76.5,59.9,34.8
33.7,34.1,36.5,43.1,45.1,42.7,55.0,62.7,62.9,70.4,75.3,79.1,77.6,76.6,74.3,76.9,80.4,79.5,81.8,86.4,81.2,70.2,71.8,76.5,92.5,97.1,92.1,91.6,93.8,99.0,86.9,69.4,68.8,59.1,60.9,81.3,72.8,74.2,78.8,99.4,99.7,99.6,86.8,77.4,78.9,71.7,66.9,63.9,62.6,61.3,58.7,54.8,49.6,46.2,45.1,47.3,50.3,55.1,58.7,57.0,51.2,55.4,56.8,55.5,55.8,58.4,59.8,59.1,57.8,60.8,71.9,97.8,97.1,99.7,98.1,98.8,99.7,100.0,99.5,63.2,55.4,34.2,26.4,26.8
28.0,29.5,29.0,31.0,37.9,39.5,31.5,46.7,62.9,57.6,55.7,68.4,73.8,75.9,79.6,81.9,87.6,82.2,79.0,80.8,84.3,75.6,73.4,84.1,95.8,98.0,96.9,95.4,81.9,68.0,62.0,61.7,64.4,60.6,63.6,73.8,84.5,99.3,98.0,97.0,98.7,78.6,67.7,65.6,57.6,53.0,51.9,50.4,49.2,48.5,49.4,48.7,47.3,48.3,48.0,48.8,47.6,46.1,46.4,48.2,49.8,55.3,56.2,55.4,57.5,57.6,57.3,60.3,62.6,69.1,91.0,95.6,97.2,97.2,98.0,86.6,90.6,51.0,27.4,22.3,17.1,23.2,33.6,53.9
20.9,22.0,27.4,29.5,31.0,34.7,26.9,32.9,38.2,41.3,43.7,54.0,66.9,71.2,81.7,90.4,87.7,91.5,87.4,79.3,76.2,74.9,73.4,71.1,79.7,94.9,89.7,75.0,66.2,65.2,59.4,64.3,67.9,72.1,74.8,86.0,98.6,97.2,93.4,99.2,84.4,66.7,53.3,44.2,41.8,40.6,40.2,40.9,41.9,43.1,44.5,46.3,48.8,52.1,50.2,48.6,49.1,48.4,50.4,55.7,56.1,56.5,54.1,54.1,54.7,57.9,62.4,69.7,82.2,84.7,86.3,91.2,90.1,69.2,39.2,27.3,21.4,17.8,15.2,21.4,46.3,78.0,95.8,97.7
19.1,20.9,20.1,23.3,26.1,32.0,27.6,27.2,26.8,29.8,36.7,39.3,54.8,68.0,70.8,81.0,89.5,79.2,80.7,78.7,70.9,77.4,78.6,77.4,86.0,72.4,64.5,68.0,86.2,73.3,70.6,75.7,71.1,74.7,90.6,99.0,98.6,99.1,96.0,81.4,57.9,42.9,36.1,34.1,34.3,37.5,41.5,45.1,49.9,53.0,54.5,55.0,53.1,50.5,49.4,48.2,48.8,50.8,53.7,61.4,62.8,62.4,58.9,56.7,60.8,70.0,68.6,60.6,68.6,82.4,83.4,68.7,36.0,19.2,24.7,22.9,25.3,24.3,31.4,70.3,97.2,91.5,83.9,74.8
18.3,18.4,19.7,19.0,22.5,25.9,26.4,28.5,32.2,27.8,34.6,40.5,47.0,61.5,65.7,67.5,73.8,72.8,76.4,80.0,72.4,80.3,82.0,85.1,69.4,47.1,63.0,71.3,78.9,70.4,74.0,65.4,68.7,97.5,99.5,98.3,91.0,90.5,69.2,45.8,38.6,36.3,34.5,34.2,37.6,42.4,46.6,51.6,56.6,55.0,54.3,47.9,46.3,49.1,51.1,50.2,47.5,48.6,52.1,60.1,61.7,67.9,62.4,69.7,69.8,58.6,71.7,87.0,86.0,73.2,40.3,13.8,17.4,27.6,29.6,37.3,48.1,56.8,66.9,97.5,100.0,83.5,67.5,79.1
19.0,19.1,20.2,18.5,20.6,23.3,27.2,32.3,39.5,40.8,42.4,42.0,42.8,48.7,58.8,62.4,69.2,73.3,78.3,81.2,76.7,84.7,82.1,77.8,60.6,63.7,64.9,62.5,70.8,67.2,67.4,58.0,81.2,95.7,94.3,78.6,90.1,61.2,42.4,38.3,38.5,38.0,37.1,38.8,44.3,47.2,52.7,58.6,55.1,53.7,54.3,52.4,49.8,47.2,47.7,52.4,59.1,62.4,60.9,63.0,60.9,63.4,67.3,63.2,66.0,82.5,81.9,77.8,57.3,20.1,6.9,17.3,24.8,36.1,47.9,67.3,76.2,75.6,72.8,75.6,68.6,71.8,77.2,67.0
19.3,20.9,20.2,18.6,20.8,25.3,34.6,47.2,62.0,54.0,39.2,42.0,53.5,47.2,50.5,60.1,62.1,68.7,75.9,83.6,89.5,89.7,80.6,65.4,58.6,68.3,62.2,52.5,45.6,46.6,53.3,67.1,93.1,95.0,80.7,87.2,57.6,39.8,38.9,39.2,39.0,37.9,41.8,45.0,48.1,51.0,59.7,63.8,54.9,60.1,58.8,45.2,41.0,42.9,51.7,55.4,57.5,55.5,51.0,52.8,64.5,76.3,70.7,77.6,78.0,69.8,58.1,33.2,9.2,9.7,18.7,29.9,40.6,50.3,59.3,68.5,63.8,58.0,66.6,66.7,69.3,69.3,72.1,77.0
21.7,18.1,17.4,18.8,21.9,27.6,38.1,50.4,61.3,53.8,43.6,41.2,61.0,57.2,44.5,42.6,39.8,43.6,43.9,42.8,44.0,45.1,43.3,47.7,63.5,59.8,58.3,53.0,39.3,39.7,58.3,88.7,94.7,79.5,79.7,66.5,38.8,36.7,39.4,40.6,39.3,41.9,47.0,45.8,45.0,56.0,66.8,58.7,57.2,58.1,59.1,45.2,39.5,44.2,41.3,34.8,45.9,67.8,83.6,79.8,77.6,77.4,76.4,60.2,44.3,19.8,5.0,9.2,18.9,23.8,29.1,36.9,37.6,42.5,52.9,60.0,59.7,58.6,61.7,68.1,72.9,78.3,83.3,85.9
