wind-weather/data/weather/current/current-wind-isobaric-70hPa-gfs-1.0.json
{"header": {"discipline":0,"disciplineName":"Meteorologicalproducts","gribEdition":2,"gribLength":54810,"center":7,"centerName":"USNationalWeatherService-NCEP(WMC)","subcenter":0,"refTime":"2015-09-28T00:00:00.000Z","significanceOfRT":0,"significanceOfRTName":"Analysis","productStatus":0,"productStatusName":"Operationalproducts","productType":0,"productTypeName":"Analysisproducts","productDefinitionTemplate":0,"productDefinitionTemplateName":"Analysis/forecastathorizontallevel/layeratapointintime","parameterCategory":2,"parameterCategoryName":"Momentum","parameterNumber":2,"parameterNumberName":"U-component_of_wind","parameterUnit":"m.s-1","genProcessType":0,"genProcessTypeName":"Analysis","forecastTime":0,"surface1Type":100,"surface1TypeName":"Isobaricsurface","surface1Value":7000.0,"surface2Type":255,"surface2TypeName":"Missing","surface2Value":0.0,"gridDefinitionTemplate":0,"gridDefinitionTemplateName":"Latitude_Longitude","numberPoints":65160,"shape":6,"shapeName":"Earthsphericalwithradiusof6,371,229.0m","gridUnits":"degrees","resolution":48,"winds":"true","scanMode":0,"nx":360,"ny":181,"basicAngle":0,"subDivisions":0,"lo1":0.0,"la1":90.0,"lo2":359.0,"la2":-90.0,"dx":1.0,"dy":1.0}, "data":
[rows 0 to 35 of 181, columns 0 to 79 of 360]
15.87,15.92,15.96,15.99,16.02,16.05,16.07,16.08,16.09,16.1,16.1,16.1,16.09,16.07,16.05,16.03,16.0,15.97,15.93,15.89,15.84,15.79,15.73,15.67,15.6,15.53,15.45,15.37,15.28,15.19,15.1,15.0,14.89,14.79,14.67,14.55,14.43,14.31,14.17,14.04,13.9,13.75,13.61,13.45,13.3,13.14,12.97,12.8,12.63,12.46,12.28,12.09,11.91,11.71,11.52,11.32,11.12,10.92,10.71,10.5,10.28,10.06,9.84,9.62,9.39,9.16,8.93,8.69,8.46,8.22,7.97,7.73,7.48,7.23,6.98,6.72,6.47,6.21,5.95,5.69
16.6,16.67,16.73,16.78,16.84,16.88,16.92,16.95,16.98,17.0,17.02,17.03,17.04,17.03,17.03,17.01,16.99,16.97,16.94,16.9,16.86,16.81,16.75,16.69,16.63,16.55,16.48,16.39,16.3,16.2,16.1,15.99,15.88,15.76,15.64,15.51,15.37,15.23,15.09,14.94,14.78,14.62,14.45,14.28,14.11,13.93,13.74,13.55,13.36,13.16,12.96,12.76,12.55,12.34,12.12,11.9,11.68,11.45,11.23,10.99,10.76,10.52,10.28,10.04,9.8,9.55,9.3,9.05,8.8,8.55,8.29,8.03,7.77,7.51,7.25,6.98,6.71,6.45,6.18,5.91
15.58,15.65,15.72,15.78,15.84,15.89,15.94,15.99,16.04,16.08,16.12,16.16,16.19,16.22,16.25,16.27,16.29,16.3,16.31,16.32,16.32,16.32,16.32,16.3,16.29,16.27,16.25,16.22,16.18,16.14,16.09,16.04,15.98,15.92,15.85,15.77,15.69,15.6,15.51,15.4,15.29,15.17,15.05,14.92,14.78,14.63,14.47,14.31,14.14,13.96,13.78,13.58,13.38,13.17,12.96,12.74,12.51,12.28,12.04,11.79,11.54,11.28,11.02,10.75,10.48,10.21,9.93,9.66,9.37,9.09,8.81,8.52,8.24,7.95,7.66,7.38,7.09,6.81,6.52,6.24
12.82,12.9,12.97,13.04,13.11,13.18,13.24,13.3,13.36,13.41,13.46,13.51,13.56,13.6,13.64,13.68,13.72,13.75,13.78,13.81,13.83,13.86,13.88,13.89,13.91,13.92,13.92,13.93,13.93,13.92,13.92,13.9,13.88,13.86,13.83,13.8,13.76,13.72,13.67,13.62,13.56,13.49,13.42,13.35,13.27,13.19,13.1,13.01,12.91,12.81,12.71,12.6,12.49,12.38,12.26,12.13,12.0,11.87,11.72,11.57,11.42,11.25,11.08,10.9,10.71,10.51,10.3,10.07,9.84,9.6,9.35,9.09,8.83,8.55,8.27,7.98,7.69,7.4,7.1,6.8
11.5,11.6,11.7,11.79,11.88,11.96,12.03,12.11,12.17,12.24,12.3,12.35,12.4,12.44,12.48,12.52,12.55,12.58,12.6,12.62,12.64,12.65,12.66,12.67,12.67,12.68,12.68,12.68,12.67,12.67,12.66,12.65,12.63,12.61,12.59,12.56,12.52,12.48,12.43,12.37,12.31,12.24,12.17,12.09,12.01,11.92,11.83,11.73,11.64,11.54,11.44,11.33,11.23,11.13,11.03,10.93,10.83,10.73,10.63,10.53,10.43,10.33,10.23,10.13,10.03,9.92,9.8,9.68,9.56,9.42,9.28,9.12,8.96,8.77,8.58,8.37,8.15,7.91,7.66,7.4
11.19,11.33,11.46,11.59,11.72,11.84,11.96,12.07,12.17,12.27,12.36,12.45,12.53,12.61,12.67,12.73,12.78,12.82,12.86,12.88,12.9,12.91,12.91,12.91,12.91,12.9,12.88,12.86,12.84,12.81,12.77,12.74,12.69,12.64,12.58,12.52,12.44,12.36,12.27,12.17,12.06,11.95,11.83,11.7,11.56,11.42,11.28,11.15,11.01,10.87,10.74,10.61,10.49,10.37,10.25,10.15,10.05,9.95,9.86,9.76,9.67,9.58,9.49,9.4,9.31,9.22,9.12,9.03,8.94,8.84,8.75,8.65,8.55,8.45,8.35,8.24,8.12,7.99,7.85,7.7
11.01,11.16,11.3,11.44,11.58,11.71,11.84,11.96,12.09,12.2,12.32,12.42,12.52,12.61,12.69,12.76,12.82,12.87,12.91,12.95,12.97,12.99,13.0,13.0,13.0,12.99,12.98,12.96,12.95,12.93,12.91,12.88,12.85,12.82,12.79,12.75,12.7,12.65,12.58,12.5,12.41,12.31,12.19,12.06,11.92,11.77,11.61,11.44,11.26,11.08,10.9,10.72,10.54,10.36,10.18,10.01,9.84,9.68,9.53,9.39,9.25,9.13,9.01,8.9,8.79,8.7,8.61,8.52,8.44,8.37,8.29,8.22,8.14,8.07,8.0,7.92,7.85,7.78,7.71,7.64
10.37,10.48,10.58,10.69,10.8,10.91,11.02,11.14,11.26,11.38,11.49,11.59,11.68,11.76,11.84,11.9,11.95,11.99,12.03,12.05,12.07,12.08,12.08,12.06,12.04,12.01,11.97,11.92,11.87,11.82,11.78,11.73,11.69,11.66,11.62,11.6,11.57,11.55,11.53,11.51,11.48,11.45,11.42,11.39,11.34,11.29,11.23,11.16,11.07,10.98,10.87,10.76,10.63,10.49,10.35,10.2,10.04,9.88,9.72,9.55,9.38,9.21,9.05,8.88,8.72,8.57,8.43,8.29,8.17,8.06,7.96,7.86,7.78,7.71,7.64,7.58,7.52,7.46,7.41,7.35
9.94,10.02,10.09,10.18,10.27,10.38,10.49,10.6,10.71,10.82,10.91,11.0,11.07,11.13,11.19,11.23,11.27,11.3,11.33,11.35,11.37,11.37,11.37,11.36,11.33,11.3,11.26,11.22,11.17,11.12,11.07,11.02,10.97,10.92,10.86,10.81,10.75,10.69,10.62,10.55,10.47,10.4,10.32,10.24,10.16,10.08,10.0,9.93,9.86,9.8,9.75,9.7,9.65,9.61,9.57,9.52,9.47,9.4,9.34,9.26,9.17,9.07,8.95,8.82,8.68,8.53,8.38,8.22,8.06,7.91,7.76,7.61,7.48,7.35,7.24,7.13,7.04,6.96,6.89,6.83
9.58,9.63,9.68,9.71,9.74,9.76,9.78,9.8,9.83,9.86,9.9,9.96,10.01,10.07,10.13,10.19,10.25,10.3,10.34,10.38,10.41,10.42,10.42,10.4,10.37,10.33,10.27,10.2,10.12,10.03,9.95,9.86,9.78,9.69,9.61,9.53,9.46,9.39,9.34,9.28,9.24,9.19,9.15,9.11,9.07,9.01,8.95,8.89,8.81,8.74,8.65,8.57,8.49,8.42,8.35,8.29,8.24,8.21,8.18,8.16,8.13,8.09,8.06,8.01,7.95,7.89,7.81,7.73,7.63,7.52,7.4,7.27,7.13,6.99,6.86,6.73,6.62,6.53,6.45,6.41
8.93,8.99,9.05,9.11,9.17,9.23,9.28,9.34,9.4,9.47,9.55,9.64,9.74,9.84,9.95,10.04,10.1,10.14,10.17,10.2,10.22,10.25,10.28,10.3,10.29,10.28,10.25,10.21,10.15,10.07,9.98,9.88,9.78,9.67,9.55,9.42,9.29,9.16,9.02,8.88,8.74,8.6,8.46,8.32,8.19,8.06,7.93,7.81,7.7,7.59,7.51,7.43,7.37,7.32,7.26,7.21,7.15,7.08,7.03,6.99,6.96,6.95,6.95,6.97,7.0,7.01,7.01,6.99,6.95,6.88,6.79,6.69,6.59,6.51,6.43,6.37,6.33,6.3,6.29,6.3
8.59,8.67,8.76,8.86,8.97,9.08,9.19,9.29,9.38,9.48,9.57,9.66,9.76,9.86,9.94,9.99,10.03,10.08,10.12,10.15,10.18,10.22,10.26,10.29,10.3,10.29,10.27,10.24,10.2,10.15,10.09,10.03,9.96,9.88,9.79,9.69,9.59,9.47,9.34,9.2,9.05,8.88,8.71,8.52,8.32,8.12,7.92,7.71,7.52,7.32,7.14,6.97,6.82,6.69,6.59,6.5,6.44,6.4,6.38,6.36,6.35,6.33,6.31,6.29,6.27,6.25,6.24,6.23,6.24,6.24,6.23,6.22,6.2,6.16,6.12,6.08,6.04,6.01,5.99,5.98
8.3,8.31,8.33,8.37,8.44,8.54,8.67,8.81,8.98,9.15,9.33,9.49,9.62,9.7,9.73,9.75,9.79,9.85,9.93,10.0,10.07,10.14,10.17,10.18,10.17,10.14,10.11,10.07,10.01,9.94,9.85,9.73,9.6,9.46,9.31,9.17,9.05,8.94,8.84,8.75,8.65,8.56,8.46,8.35,8.24,8.12,8.0,7.86,7.7,7.51,7.32,7.12,6.92,6.73,6.55,6.38,6.23,6.09,5.98,5.9,5.84,5.82,5.81,5.81,5.81,5.81,5.79,5.78,5.77,5.78,5.8,5.82,5.84,5.85,5.83,5.77,5.69,5.59,5.49,5.38
8.09,8.14,8.18,8.19,8.21,8.25,8.32,8.43,8.57,8.74,8.92,9.09,9.21,9.3,9.35,9.42,9.52,9.61,9.7,9.78,9.83,9.85,9.86,9.84,9.82,9.77,9.71,9.64,9.55,9.45,9.34,9.23,9.11,9.0,8.89,8.79,8.69,8.57,8.44,8.3,8.14,7.97,7.82,7.68,7.56,7.47,7.39,7.31,7.24,7.16,7.07,6.97,6.86,6.73,6.59,6.45,6.3,6.14,5.98,5.83,5.68,5.55,5.43,5.35,5.3,5.28,5.28,5.28,5.27,5.25,5.24,5.23,5.22,5.19,5.16,5.12,5.08,5.03,4.97,4.89
7.7,7.82,7.91,7.98,8.01,8.04,8.08,8.15,8.26,8.41,8.57,8.73,8.86,8.97,9.07,9.19,9.32,9.43,9.51,9.56,9.57,9.58,9.58,9.56,9.54,9.5,9.45,9.38,9.29,9.16,9.02,8.85,8.68,8.5,8.33,8.17,8.03,7.9,7.78,7.65,7.52,7.38,7.25,7.12,7.01,6.91,6.82,6.75,6.68,6.62,6.55,6.47,6.39,6.29,6.18,6.06,5.93,5.79,5.64,5.51,5.4,5.3,5.19,5.05,4.9,4.76,4.64,4.56,4.52,4.49,4.46,4.43,4.38,4.35,4.32,4.33,4.35,4.41,4.48,4.55
7.36,7.49,7.6,7.67,7.73,7.76,7.79,7.83,7.89,8.0,8.14,8.3,8.46,8.62,8.77,8.91,9.03,9.1,9.12,9.11,9.09,9.06,9.03,8.99,8.95,8.89,8.8,8.68,8.54,8.4,8.26,8.13,8.0,7.86,7.72,7.58,7.42,7.25,7.07,6.9,6.74,6.64,6.58,6.57,6.58,6.57,6.52,6.41,6.27,6.1,5.94,5.79,5.64,5.51,5.39,5.29,5.24,5.21,5.16,5.06,4.94,4.84,4.77,4.71,4.64,4.55,4.42,4.27,4.13,4.0,3.91,3.85,3.82,3.82,3.82,3.82,3.83,3.84,3.87,3.91
7.01,7.11,7.24,7.37,7.49,7.59,7.66,7.71,7.75,7.8,7.88,7.98,8.11,8.25,8.39,8.5,8.58,8.61,8.6,8.56,8.51,8.45,8.37,8.28,8.17,8.04,7.9,7.76,7.61,7.49,7.38,7.29,7.2,7.1,6.99,6.88,6.76,6.63,6.5,6.37,6.26,6.18,6.13,6.09,6.03,5.95,5.85,5.74,5.65,5.56,5.45,5.3,5.14,5.0,4.91,4.82,4.69,4.53,4.39,4.32,4.3,4.29,4.28,4.27,4.26,4.26,4.25,4.23,4.19,4.15,4.11,4.08,4.08,4.1,4.11,4.12,4.11,4.09,4.05,4.0
6.96,7.05,7.12,7.19,7.27,7.36,7.44,7.52,7.58,7.65,7.71,7.77,7.84,7.91,7.99,8.04,8.07,8.05,8.0,7.93,7.86,7.77,7.67,7.53,7.37,7.2,7.05,6.92,6.82,6.74,6.69,6.64,6.6,6.55,6.48,6.4,6.3,6.18,6.07,5.97,5.9,5.85,5.81,5.73,5.6,5.46,5.32,5.21,5.13,5.03,4.91,4.79,4.72,4.69,4.62,4.49,4.31,4.15,4.03,3.93,3.86,3.81,3.78,3.76,3.74,3.72,3.71,3.72,3.77,3.85,3.95,4.04,4.12,4.18,4.22,4.26,4.3,4.34,4.37,4.39
6.89,6.94,6.99,7.07,7.17,7.3,7.43,7.52,7.59,7.65,7.68,7.68,7.65,7.61,7.57,7.53,7.49,7.42,7.35,7.28,7.22,7.14,7.01,6.86,6.7,6.57,6.48,6.42,6.37,6.33,6.3,6.27,6.25,6.21,6.15,6.08,5.98,5.88,5.78,5.69,5.6,5.53,5.46,5.38,5.28,5.16,5.03,4.87,4.69,4.5,4.32,4.18,4.07,4.0,3.95,3.9,3.85,3.79,3.68,3.6,3.55,3.55,3.58,3.61,3.64,3.67,3.71,3.76,3.82,3.89,3.98,4.06,4.14,4.21,4.25,4.29,4.31,4.31,4.29,4.25
6.9,6.92,6.97,7.06,7.18,7.33,7.47,7.58,7.65,7.68,7.67,7.59,7.45,7.29,7.14,7.03,6.94,6.87,6.82,6.78,6.74,6.65,6.52,6.4,6.32,6.27,6.25,6.21,6.19,6.18,6.18,6.15,6.1,6.04,5.97,5.89,5.81,5.71,5.61,5.51,5.43,5.36,5.29,5.22,5.15,5.08,4.99,4.88,4.75,4.59,4.43,4.28,4.16,4.06,3.97,3.89,3.82,3.76,3.71,3.63,3.53,3.45,3.39,3.36,3.36,3.39,3.47,3.57,3.69,3.8,3.88,3.91,3.91,3.91,3.91,3.91,3.91,3.92,3.92,3.91
7.21,7.17,7.13,7.14,7.22,7.36,7.51,7.63,7.68,7.68,7.61,7.46,7.25,7.02,6.8,6.65,6.55,6.5,6.47,6.42,6.35,6.29,6.23,6.18,6.13,6.09,6.1,6.13,6.15,6.14,6.08,6.02,5.97,5.92,5.86,5.79,5.71,5.63,5.56,5.5,5.47,5.47,5.48,5.48,5.47,5.45,5.4,5.33,5.25,5.15,5.04,4.92,4.82,4.75,4.68,4.59,4.48,4.33,4.18,4.03,3.9,3.77,3.63,3.51,3.45,3.49,3.58,3.65,3.64,3.57,3.47,3.41,3.38,3.38,3.38,3.38,3.38,3.38,3.38,3.35
7.89,7.73,7.55,7.39,7.31,7.37,7.5,7.61,7.65,7.61,7.5,7.32,7.08,6.82,6.59,6.42,6.32,6.28,6.26,6.22,6.15,6.11,6.11,6.14,6.19,6.25,6.28,6.27,6.22,6.16,6.11,6.03,5.92,5.8,5.68,5.59,5.55,5.53,5.52,5.52,5.53,5.58,5.65,5.72,5.77,5.81,5.8,5.77,5.71,5.63,5.53,5.42,5.34,5.27,5.2,5.12,5.01,4.88,4.71,4.52,4.3,4.08,3.9,3.8,3.83,3.9,3.83,3.55,3.24,3.1,3.11,3.2,3.25,3.25,3.18,3.09,2.98,2.87,2.74,2.59
8.38,8.16,7.9,7.64,7.45,7.41,7.47,7.55,7.56,7.48,7.33,7.11,6.87,6.62,6.39,6.21,6.09,6.01,5.95,5.9,5.9,5.9,5.92,5.94,5.94,5.95,5.96,5.98,5.98,5.95,5.86,5.75,5.64,5.52,5.45,5.41,5.38,5.36,5.37,5.42,5.49,5.54,5.63,5.73,5.79,5.84,5.87,5.83,5.78,5.72,5.67,5.63,5.59,5.55,5.49,5.4,5.31,5.24,5.15,4.98,4.75,4.46,4.24,4.14,4.05,3.89,3.53,3.16,3.1,3.3,3.35,3.27,3.14,3.01,2.88,2.73,2.52,2.27,2.05,1.84
8.35,8.19,7.95,7.71,7.52,7.44,7.46,7.48,7.42,7.28,7.08,6.85,6.62,6.4,6.14,5.96,5.83,5.73,5.68,5.69,5.73,5.8,5.85,5.84,5.8,5.75,5.69,5.6,5.49,5.41,5.35,5.29,5.24,5.19,5.14,5.14,5.19,5.26,5.31,5.34,5.41,5.49,5.6,5.72,5.81,5.87,5.9,5.9,5.87,5.85,5.81,5.75,5.7,5.69,5.65,5.54,5.45,5.43,5.39,5.22,4.95,4.66,4.45,4.28,4.07,3.78,3.57,3.49,3.44,3.34,3.17,3.0,2.83,2.62,2.4,2.14,1.86,1.6,1.38,1.19
7.93,7.86,7.76,7.61,7.48,7.44,7.45,7.4,7.26,7.06,6.85,6.64,6.44,6.2,5.95,5.75,5.64,5.59,5.55,5.5,5.48,5.46,5.41,5.36,5.35,5.36,5.36,5.31,5.23,5.11,5.04,5.01,5.03,5.05,5.1,5.14,5.18,5.24,5.35,5.49,5.63,5.76,5.86,5.93,5.98,6.06,6.16,6.24,6.29,6.28,6.22,6.17,6.17,6.17,6.07,5.89,5.73,5.61,5.46,5.29,5.12,4.91,4.59,4.31,4.15,4.1,3.97,3.63,3.28,3.03,2.77,2.49,2.21,1.93,1.64,1.37,1.13,0.91,0.7,0.5
7.51,7.48,7.49,7.44,7.37,7.36,7.38,7.31,7.12,6.88,6.63,6.42,6.23,6.02,5.79,5.63,5.55,5.5,5.47,5.44,5.42,5.38,5.32,5.25,5.16,5.06,5.0,4.98,4.98,4.98,4.99,5.02,5.07,5.14,5.19,5.25,5.33,5.45,5.58,5.7,5.83,5.97,6.08,6.1,6.09,6.15,6.25,6.38,6.47,6.4,6.23,6.19,6.28,6.34,6.32,6.21,5.99,5.7,5.44,5.28,5.18,4.92,4.58,4.51,4.47,4.19,3.77,3.35,2.98,2.69,2.45,2.19,1.89,1.57,1.26,0.98,0.72,0.46,0.19,-0.07
7.18,7.16,7.21,7.23,7.2,7.21,7.23,7.15,6.93,6.61,6.35,6.16,5.97,5.74,5.5,5.33,5.23,5.17,5.13,5.1,5.06,4.99,4.92,4.84,4.78,4.76,4.77,4.78,4.81,4.86,4.93,5.0,5.09,5.16,5.2,5.22,5.27,5.39,5.58,5.73,5.83,5.92,5.96,5.95,5.92,5.94,6.0,6.07,6.12,6.1,6.02,5.98,5.97,6.0,6.06,6.05,5.87,5.56,5.27,5.19,5.06,4.72,4.62,4.56,4.22,3.83,3.43,3.06,2.77,2.57,2.33,2.04,1.7,1.35,1.01,0.68,0.37,0.07,-0.23,-0.49
6.93,6.92,6.99,7.03,7.03,7.04,7.02,6.87,6.59,6.32,6.14,5.95,5.75,5.59,5.46,5.34,5.24,5.17,5.08,4.98,4.87,4.77,4.68,4.59,4.52,4.5,4.51,4.56,4.64,4.73,4.82,4.89,4.95,4.98,5.01,5.05,5.11,5.22,5.37,5.5,5.55,5.54,5.52,5.51,5.5,5.53,5.61,5.72,5.79,5.82,5.81,5.82,5.84,5.86,5.87,5.79,5.57,5.27,5.09,5.08,4.93,4.61,4.46,4.18,3.79,3.44,3.14,2.88,2.64,2.36,2.05,1.73,1.38,1.0,0.6,0.23,-0.09,-0.36,-0.59,-0.72
6.64,6.66,6.83,6.93,6.9,6.82,6.68,6.44,6.19,6.06,5.97,5.82,5.71,5.64,5.52,5.41,5.31,5.19,5.04,4.84,4.63,4.42,4.26,4.15,4.1,4.08,4.08,4.12,4.18,4.25,4.27,4.28,4.29,4.33,4.43,4.52,4.62,4.76,4.91,5.04,5.1,5.12,5.1,5.12,5.17,5.3,5.51,5.69,5.82,5.87,5.88,5.89,5.86,5.81,5.73,5.6,5.36,5.08,4.93,4.84,4.55,4.29,4.14,3.79,3.43,3.16,2.89,2.63,2.33,2.0,1.69,1.35,0.95,0.53,0.13,-0.23,-0.51,-0.69,-0.76,-0.78
6.33,6.35,6.58,6.73,6.67,6.49,6.21,5.91,5.69,5.61,5.48,5.36,5.26,5.1,4.89,4.71,4.61,4.58,4.56,4.54,4.5,4.42,4.31,4.21,4.16,4.14,4.15,4.17,4.2,4.23,4.27,4.27,4.27,4.33,4.45,4.59,4.72,4.86,4.98,5.1,5.19,5.2,5.25,5.37,5.47,5.61,5.8,6.03,6.2,6.27,6.24,6.15,6.0,5.83,5.67,5.45,5.13,4.83,4.63,4.39,4.12,3.98,3.67,3.3,3.06,2.8,2.54,2.28,1.98,1.66,1.31,0.91,0.47,0.04,-0.32,-0.58,-0.72,-0.79,-0.78,-0.7
5.94,5.96,6.16,6.28,6.18,5.93,5.6,5.27,5.1,5.03,4.95,4.88,4.79,4.63,4.47,4.38,4.35,4.35,4.37,4.4,4.42,4.41,4.4,4.39,4.42,4.48,4.52,4.56,4.61,4.68,4.75,4.78,4.8,4.87,5.01,5.18,5.36,5.45,5.47,5.55,5.62,5.65,5.74,5.82,5.87,5.94,6.11,6.34,6.49,6.53,6.49,6.39,6.23,6.01,5.75,5.38,4.98,4.61,4.3,4.09,3.82,3.39,3.05,2.91,2.72,2.53,2.33,2.03,1.67,1.27,0.86,0.43,0.02,-0.32,-0.6,-0.79,-0.87,-0.86,-0.77,-0.58
5.41,5.46,5.62,5.68,5.57,5.36,5.07,4.77,4.64,4.62,4.58,4.5,4.36,4.22,4.14,4.16,4.21,4.32,4.46,4.6,4.75,4.86,4.94,4.99,5.04,5.07,5.08,5.06,5.08,5.14,5.2,5.25,5.31,5.37,5.46,5.63,5.79,5.88,5.86,5.88,5.94,5.99,6.08,6.14,6.15,6.16,6.22,6.31,6.37,6.41,6.45,6.43,6.32,6.1,5.75,5.29,4.79,4.36,4.03,3.69,3.21,2.9,2.77,2.62,2.49,2.34,2.1,1.76,1.37,0.96,0.55,0.16,-0.16,-0.43,-0.65,-0.81,-0.91,-0.9,-0.71,-0.41
4.92,4.96,5.03,5.04,4.95,4.76,4.49,4.27,4.19,4.1,3.95,3.82,3.73,3.73,3.85,4.05,4.29,4.56,4.83,5.07,5.28,5.43,5.51,5.56,5.61,5.64,5.63,5.6,5.59,5.64,5.71,5.75,5.81,5.89,5.95,5.99,6.08,6.13,6.12,6.08,6.05,6.09,6.17,6.22,6.24,6.22,6.18,6.17,6.18,6.22,6.24,6.19,6.04,5.79,5.4,4.9,4.43,4.01,3.57,3.13,2.8,2.6,2.42,2.3,2.21,2.08,1.87,1.56,1.18,0.77,0.38,0.03,-0.28,-0.53,-0.66,-0.7,-0.75,-0.71,-0.48,-0.25
4.41,4.45,4.46,4.43,4.31,4.17,4.02,3.88,3.69,3.45,3.25,3.21,3.28,3.51,3.85,4.23,4.62,4.98,5.26,5.52,5.75,5.92,6.01,6.04,6.09,6.15,6.18,6.2,6.22,6.28,6.34,6.39,6.44,6.54,6.58,6.48,6.37,6.28,6.2,6.17,6.19,6.21,6.26,6.3,6.25,6.15,6.07,5.98,5.91,5.9,5.87,5.74,5.57,5.29,4.87,4.42,3.98,3.52,3.06,2.68,2.42,2.25,2.13,2.07,1.99,1.84,1.61,1.32,0.98,0.61,0.23,-0.1,-0.36,-0.54,-0.57,-0.49,-0.48,-0.41,-0.26,-0.22
3.85,3.88,3.88,3.83,3.75,3.67,3.55,3.34,3.04,2.78,2.72,2.84,3.13,3.57,4.05,4.53,4.98,5.36,5.63,5.86,6.09,6.28,6.41,6.47,6.53,6.61,6.63,6.59,6.58,6.62,6.66,6.7,6.82,6.96,7.0,6.95,6.79,6.58,6.43,6.38,6.36,6.33,6.32,6.27,6.12,5.95,5.81,5.69,5.59,5.53,5.42,5.23,5.0,4.73,4.37,3.93,3.51,3.12,2.75,2.38,2.11,1.94,1.82,1.72,1.6,1.44,1.26,1.03,0.76,0.47,0.2,-0.04,-0.24,-0.34,-0.31,-0.24,-0.18,-0.05,0.06,0.03
3.3,3.31,3.3,3.26,3.23,3.18,3.03,2.79,2.53,2.45,2.62,2.93,3.33,3.8,4.26,4.73,5.2,5.59,5.87,6.09,6.31,6.53,6.69,6.74,6.74,6.75,6.78,6.84,6.87,6.88,6.88,6.91,7.04,7.14,7.15,7.11,6.91,6.66,6.46,6.37,6.34,6.29,6.23,6.08,5.86,5.65,5.46,5.34,5.23,5.1,4.94,4.74,4.48,4.2,3.89,3.56,3.21,2.86,2.52,2.17,1.87,1.66,1.51,1.38,1.25,1.14,1.04,0.93,0.8,0.63,0.44,0.29,0.23,0.31,0.39,0.4,0.4,0.47,0.5,0.47
