wind-weather/data/weather/current/current-relative_humidity-isobaric-10hPa-gfs-1.0.json
{"header": {"discipline":0,"disciplineName":"Meteorologicalproducts","gribEdition":2,"gribLength":9415,"center":7,"centerName":"USNationalWeatherService-NCEP(WMC)","subcenter":0,"refTime":"2015-05-15T06:00:00.000Z","significanceOfRT":0,"significanceOfRTName":"Analysis","productStatus":0,"productStatusName":"Operationalproducts","productType":0,"productTypeName":"Analysisproducts","productDefinitionTemplate":0,"productDefinitionTemplateName":"Analysis/forecastathorizontallevel/layeratapointintime","parameterCategory":1,"parameterCategoryName":"Moisture","parameterNumber":1,"parameterNumberName":"Relative_humidity","parameterUnit":"percent","genProcessType":0,"genProcessTypeName":"Analysis","forecastTime":0,"surface1Type":100,"surface1TypeName":"Isobaricsurface","surface1Value":1000.0,"surface2Type":255,"surface2TypeName":"Missing","surface2Value":0.0,"gridDefinitionTemplate":0,"gridDefinitionTemplateName":"Latitude_Longitude","numberPoints":65160,"shape":6,"shapeName":"Earthsphericalwithradiusof6,371,229.0m","gridUnits":"degrees","resolution":48,"winds":"true","scanMode":0,"nx":360,"ny":181,"basicAngle":0,"subDivisions":0,"lo1":0.0,"la1":90.0,"lo2":359.0,"la2":-90.0,"dx":1.0,"dy":1.0}, "data":
[rows 126 to 167 of 181, columns 0 to 93 of 360]
0.3,0.3,0.3,0.3,0.3,0.3,0.3,0.3,0.3,0.3,0.3,0.3,0.3,0.3,0.3,0.3,0.3,0.3,0.3,0.3,0.3,0.3,0.3,0.3,0.3,0.3,0.3,0.3,0.3,0.2,0.2,0.2,0.2,0.2,0.2,0.2,0.2,0.2,0.2,0.2,0.2,0.2,0.2,0.2,0.2,0.2,0.2,0.2,0.2,0.2,0.2,0.2,0.2,0.2,0.2,0.2,0.2,0.2,0.2,0.2,0.2,0.2,0.2,0.2,0.2,0.2,0.2,0.2,0.2,0.2,0.2,0.2,0.2,0.2,0.2,0.2,0.2,0.2,0.2,0.2,0.2,0.2,0.2,0.2,0.2,0.2,0.2,0.2,0.2,0.2,0.2,0.2,0.2,0.2
0.4,0.4,0.4,0.4,0.4,0.4,0.4,0.4,0.4,0.4,0.4,0.4,0.3,0.3,0.3,0.3,0.3,0.3,0.3,0.3,0.3,0.3,0.3,0.3,0.3,0.3,0.3,0.3,0.3,0.3,0.3,0.3,0.3,0.2,0.2,0.2,0.2,0.2,0.2,0.2,0.2,0.2,0.2,0.2,0.2,0.2,0.2,0.2,0.2,0.2,0.2,0.2,0.2,0.2,0.2,0.2,0.2,0.2,0.2,0.2,0.2,0.2,0.2,0.2,0.2,0.2,0.2,0.2,0.2,0.2,0.2,0.2,0.2,0.2,0.2,0.2,0.2,0.2,0.2,0.2,0.2,0.2,0.2,0.2,0.2,0.2,0.2,0.2,0.2,0.2,0.2,0.2,0.2,0.2
0.3,0.4,0.4,0.4,0.4,0.4,0.4,0.4,0.4,0.4,0.4,0.4,0.4,0.4,0.4,0.3,0.3,0.3,0.3,0.3,0.3,0.3,0.3,0.3,0.3,0.3,0.3,0.3,0.3,0.3,0.3,0.3,0.3,0.3,0.3,0.2,0.2,0.2,0.2,0.2,0.2,0.2,0.2,0.2,0.2,0.2,0.2,0.2,0.3,0.3,0.3,0.3,0.3,0.3,0.3,0.3,0.3,0.2,0.2,0.2,0.2,0.2,0.2,0.2,0.2,0.2,0.2,0.2,0.2,0.2,0.2,0.2,0.2,0.2,0.2,0.2,0.2,0.2,0.2,0.2,0.2,0.2,0.2,0.2,0.3,0.3,0.3,0.3,0.3,0.3,0.3,0.3,0.3,0.3
0.4,0.4,0.4,0.3,0.3,0.3,0.3,0.4,0.4,0.4,0.4,0.4,0.4,0.4,0.4,0.4,0.4,0.3,0.3,0.3,0.3,0.3,0.3,0.3,0.3,0.3,0.3,0.3,0.3,0.3,0.3,0.3,0.3,0.3,0.3,0.3,0.2,0.2,0.2,0.2,0.2,0.2,0.2,0.2,0.3,0.3,0.3,0.3,0.3,0.3,0.3,0.3,0.3,0.3,0.3,0.3,0.3,0.3,0.3,0.3,0.2,0.2,0.2,0.2,0.2,0.2,0.2,0.2,0.2,0.2,0.2,0.2,0.2,0.3,0.3,0.3,0.3,0.3,0.3,0.3,0.3,0.3,0.3,0.3,0.3,0.3,0.3,0.3,0.3,0.3,0.3,0.3,0.3,0.3
0.4,0.4,0.4,0.4,0.4,0.4,0.3,0.3,0.4,0.4,0.4,0.4,0.4,0.4,0.4,0.4,0.4,0.4,0.3,0.3,0.3,0.3,0.3,0.3,0.3,0.3,0.3,0.3,0.3,0.3,0.3,0.3,0.3,0.3,0.3,0.3,0.2,0.2,0.2,0.3,0.3,0.3,0.3,0.3,0.3,0.3,0.3,0.3,0.3,0.3,0.3,0.3,0.3,0.3,0.3,0.3,0.3,0.3,0.3,0.3,0.3,0.3,0.3,0.3,0.3,0.3,0.3,0.3,0.3,0.3,0.3,0.3,0.3,0.3,0.3,0.3,0.3,0.3,0.3,0.3,0.3,0.3,0.3,0.3,0.3,0.3,0.3,0.3,0.3,0.3,0.3,0.3,0.3,0.3
0.5,0.5,0.5,0.4,0.4,0.4,0.4,0.4,0.4,0.4,0.4,0.4,0.4,0.4,0.4,0.4,0.4,0.4,0.3,0.3,0.3,0.3,0.3,0.3,0.3,0.3,0.3,0.3,0.3,0.3,0.3,0.3,0.3,0.3,0.3,0.3,0.3,0.3,0.3,0.3,0.3,0.3,0.3,0.3,0.3,0.3,0.3,0.3,0.3,0.3,0.3,0.3,0.3,0.3,0.3,0.3,0.3,0.3,0.3,0.3,0.3,0.3,0.3,0.3,0.3,0.3,0.3,0.3,0.3,0.3,0.3,0.3,0.3,0.3,0.3,0.3,0.3,0.3,0.3,0.3,0.3,0.3,0.3,0.3,0.3,0.3,0.3,0.3,0.3,0.3,0.3,0.3,0.3,0.3
0.6,0.6,0.6,0.6,0.6,0.5,0.5,0.5,0.5,0.5,0.4,0.4,0.4,0.4,0.4,0.4,0.4,0.4,0.3,0.3,0.3,0.3,0.4,0.4,0.3,0.3,0.3,0.3,0.3,0.3,0.3,0.3,0.3,0.3,0.3,0.3,0.3,0.3,0.3,0.3,0.3,0.3,0.3,0.3,0.3,0.3,0.3,0.3,0.3,0.3,0.3,0.3,0.3,0.3,0.3,0.3,0.3,0.3,0.3,0.3,0.3,0.3,0.3,0.3,0.3,0.3,0.3,0.3,0.3,0.3,0.3,0.3,0.3,0.3,0.3,0.3,0.3,0.3,0.3,0.3,0.3,0.3,0.3,0.3,0.3,0.3,0.4,0.4,0.4,0.4,0.4,0.4,0.4,0.4
0.7,0.7,0.7,0.7,0.7,0.7,0.7,0.7,0.6,0.6,0.6,0.5,0.5,0.5,0.4,0.4,0.4,0.4,0.4,0.4,0.4,0.4,0.4,0.4,0.4,0.4,0.4,0.4,0.4,0.4,0.4,0.4,0.4,0.3,0.3,0.3,0.4,0.4,0.4,0.4,0.4,0.4,0.4,0.4,0.4,0.4,0.4,0.4,0.4,0.3,0.3,0.3,0.3,0.3,0.3,0.3,0.3,0.3,0.3,0.3,0.3,0.3,0.3,0.3,0.3,0.3,0.3,0.3,0.3,0.3,0.3,0.3,0.3,0.4,0.4,0.4,0.4,0.4,0.4,0.4,0.4,0.4,0.4,0.4,0.4,0.4,0.4,0.4,0.4,0.4,0.4,0.4,0.4,0.4
0.8,0.8,0.8,0.8,0.8,0.8,0.8,0.8,0.8,0.8,0.8,0.8,0.7,0.7,0.6,0.6,0.5,0.5,0.5,0.4,0.4,0.4,0.4,0.4,0.4,0.4,0.4,0.4,0.4,0.4,0.4,0.4,0.4,0.4,0.4,0.4,0.4,0.4,0.4,0.4,0.5,0.5,0.5,0.4,0.4,0.4,0.4,0.4,0.4,0.4,0.4,0.4,0.4,0.4,0.4,0.4,0.4,0.4,0.4,0.4,0.4,0.4,0.4,0.4,0.4,0.4,0.4,0.4,0.4,0.4,0.4,0.4,0.4,0.4,0.4,0.4,0.4,0.4,0.4,0.4,0.4,0.4,0.4,0.5,0.5,0.5,0.5,0.5,0.5,0.5,0.5,0.5,0.5,0.5
0.9,0.9,0.9,0.9,0.9,0.9,0.9,0.9,0.9,0.9,0.9,0.9,0.9,0.9,0.9,0.8,0.8,0.8,0.7,0.6,0.6,0.5,0.5,0.5,0.5,0.4,0.4,0.4,0.4,0.4,0.5,0.5,0.5,0.4,0.4,0.4,0.4,0.4,0.5,0.5,0.5,0.5,0.5,0.5,0.5,0.5,0.5,0.4,0.4,0.4,0.4,0.4,0.4,0.4,0.4,0.5,0.5,0.4,0.4,0.5,0.5,0.5,0.5,0.5,0.5,0.5,0.5,0.5,0.6,0.5,0.5,0.5,0.5,0.5,0.5,0.5,0.5,0.5,0.5,0.5,0.5,0.5,0.5,0.5,0.5,0.5,0.6,0.6,0.6,0.6,0.6,0.6,0.6,0.6
1.1,1.1,1.0,1.0,1.0,1.0,1.0,1.0,1.0,0.9,0.9,0.9,0.9,0.9,0.9,0.9,0.9,0.9,0.9,0.9,0.8,0.8,0.8,0.7,0.7,0.7,0.6,0.6,0.6,0.6,0.5,0.5,0.5,0.5,0.5,0.5,0.5,0.5,0.5,0.5,0.6,0.6,0.6,0.6,0.6,0.5,0.5,0.5,0.5,0.5,0.5,0.5,0.5,0.5,0.5,0.5,0.6,0.6,0.6,0.6,0.6,0.6,0.6,0.6,0.7,0.7,0.7,0.7,0.7,0.7,0.7,0.7,0.7,0.7,0.7,0.7,0.7,0.7,0.7,0.6,0.6,0.6,0.6,0.6,0.6,0.6,0.7,0.7,0.7,0.7,0.7,0.7,0.7,0.7
1.4,1.3,1.3,1.2,1.2,1.2,1.2,1.1,1.1,1.1,1.1,1.1,1.0,1.0,1.0,1.0,1.0,1.0,1.0,1.0,0.9,0.9,0.9,0.9,0.9,0.9,0.9,0.9,0.9,0.8,0.8,0.8,0.7,0.7,0.7,0.6,0.6,0.6,0.6,0.7,0.7,0.7,0.7,0.6,0.6,0.6,0.6,0.6,0.6,0.6,0.6,0.6,0.6,0.6,0.6,0.7,0.7,0.7,0.7,0.7,0.7,0.7,0.8,0.8,0.8,0.9,0.9,0.9,0.9,0.9,0.9,0.9,0.9,0.9,0.8,0.8,0.8,0.8,0.8,0.8,0.8,0.8,0.7,0.7,0.8,0.8,0.8,0.8,0.8,0.8,0.8,0.8,0.8,0.8
1.6,1.6,1.5,1.5,1.4,1.4,1.4,1.4,1.4,1.3,1.3,1.2,1.2,1.2,1.2,1.2,1.2,1.2,1.1,1.1,1.1,1.0,1.1,1.1,1.1,1.1,1.1,1.1,1.1,1.0,1.1,1.1,1.1,1.0,1.0,0.9,0.9,0.8,0.9,0.9,1.0,1.0,0.9,0.9,0.9,0.9,0.9,0.8,0.8,0.8,0.8,0.8,0.8,0.8,0.8,0.9,0.9,0.9,0.9,0.9,0.9,0.9,1.0,1.0,1.0,1.1,1.1,1.1,1.1,1.1,1.1,1.1,1.1,1.1,1.0,1.0,1.0,1.0,1.0,0.9,0.9,0.9,0.9,0.9,0.9,0.9,0.9,0.9,0.9,0.9,0.9,0.9,0.9,0.9
1.9,1.8,1.7,1.7,1.6,1.6,1.6,1.6,1.6,1.5,1.5,1.4,1.4,1.4,1.4,1.4,1.3,1.3,1.3,1.3,1.2,1.2,1.2,1.2,1.2,1.2,1.2,1.2,1.2,1.2,1.2,1.2,1.2,1.2,1.2,1.1,1.1,1.1,1.1,1.2,1.3,1.3,1.3,1.2,1.2,1.2,1.2,1.2,1.2,1.2,1.2,1.2,1.2,1.2,1.2,1.2,1.2,1.2,1.2,1.2,1.2,1.2,1.2,1.2,1.2,1.2,1.2,1.3,1.3,1.3,1.3,1.3,1.3,1.2,1.2,1.2,1.2,1.2,1.1,1.1,1.1,1.1,1.1,1.0,1.0,1.0,1.0,1.0,1.0,1.0,1.0,1.0,0.9,1.0
2.2,2.1,2.0,1.9,1.8,1.8,1.8,1.8,1.8,1.8,1.7,1.7,1.6,1.6,1.5,1.5,1.5,1.5,1.5,1.5,1.4,1.4,1.4,1.4,1.4,1.4,1.4,1.4,1.4,1.4,1.3,1.3,1.3,1.3,1.2,1.2,1.2,1.1,1.2,1.2,1.3,1.4,1.4,1.5,1.5,1.6,1.6,1.6,1.6,1.6,1.6,1.6,1.6,1.6,1.6,1.6,1.7,1.6,1.6,1.6,1.6,1.6,1.5,1.5,1.5,1.5,1.5,1.5,1.5,1.5,1.5,1.4,1.4,1.4,1.4,1.4,1.3,1.3,1.3,1.3,1.3,1.2,1.2,1.2,1.2,1.1,1.1,1.1,1.1,1.1,1.0,1.0,1.0,1.0
2.5,2.4,2.3,2.2,2.1,2.1,2.1,2.1,2.0,2.0,2.0,1.9,1.8,1.8,1.7,1.7,1.7,1.6,1.6,1.6,1.6,1.6,1.6,1.7,1.7,1.7,1.7,1.7,1.7,1.6,1.6,1.5,1.5,1.4,1.4,1.3,1.3,1.2,1.2,1.3,1.3,1.4,1.5,1.5,1.6,1.7,1.7,1.7,1.7,1.8,1.8,1.8,1.8,1.9,2.0,2.0,2.0,2.0,2.0,2.0,1.9,1.9,1.9,1.9,1.8,1.8,1.8,1.8,1.8,1.7,1.7,1.7,1.6,1.6,1.5,1.5,1.5,1.5,1.4,1.4,1.4,1.4,1.4,1.3,1.3,1.3,1.2,1.2,1.2,1.2,1.1,1.1,1.1,1.0
2.9,2.8,2.7,2.6,2.5,2.4,2.4,2.4,2.3,2.3,2.3,2.2,2.2,2.1,2.0,2.0,1.9,1.9,1.8,1.8,1.8,1.8,1.8,1.9,2.0,2.0,2.0,2.0,1.9,1.9,1.9,1.8,1.7,1.7,1.6,1.5,1.5,1.4,1.4,1.4,1.4,1.4,1.5,1.6,1.7,1.7,1.8,1.8,1.9,1.9,1.9,2.0,2.0,2.0,2.1,2.2,2.3,2.3,2.3,2.3,2.3,2.2,2.2,2.2,2.1,2.0,2.0,2.0,2.0,2.0,2.0,1.9,1.9,1.8,1.8,1.7,1.7,1.7,1.6,1.6,1.6,1.6,1.6,1.5,1.5,1.4,1.4,1.3,1.3,1.3,1.3,1.2,1.2,1.2
3.4,3.3,3.1,3.0,3.0,2.9,2.8,2.8,2.7,2.7,2.7,2.6,2.5,2.4,2.4,2.3,2.3,2.2,2.1,2.0,2.0,2.0,2.0,2.1,2.2,2.3,2.3,2.2,2.2,2.2,2.1,2.1,2.0,1.9,1.9,1.8,1.7,1.6,1.6,1.6,1.6,1.6,1.6,1.7,1.8,1.8,1.9,2.0,2.0,2.0,2.1,2.1,2.1,2.2,2.2,2.3,2.4,2.5,2.5,2.5,2.5,2.5,2.4,2.4,2.3,2.3,2.3,2.4,2.4,2.3,2.2,2.2,2.1,2.1,2.0,2.0,2.0,1.9,1.9,1.9,1.8,1.8,1.8,1.8,1.7,1.6,1.6,1.5,1.5,1.4,1.4,1.4,1.4,1.4
3.7,3.6,3.5,3.4,3.3,3.3,3.2,3.2,3.1,3.1,3.0,3.0,2.9,2.9,2.8,2.8,2.7,2.6,2.5,2.4,2.3,2.3,2.3,2.3,2.4,2.4,2.4,2.4,2.4,2.4,2.4,2.3,2.3,2.2,2.2,2.1,2.0,1.9,1.8,1.8,1.8,1.8,1.8,1.9,1.9,2.0,2.0,2.1,2.1,2.2,2.2,2.3,2.3,2.3,2.4,2.4,2.5,2.6,2.7,2.7,2.7,2.7,2.7,2.7,2.7,2.7,2.7,2.7,2.7,2.6,2.5,2.4,2.3,2.4,2.3,2.3,2.2,2.2,2.1,2.1,2.0,2.0,1.9,1.9,1.9,1.8,1.7,1.7,1.6,1.6,1.6,1.6,1.6,1.6
4.1,4.0,4.0,3.9,3.8,3.7,3.6,3.5,3.5,3.4,3.4,3.3,3.3,3.2,3.2,3.2,3.1,3.1,3.0,3.0,2.8,2.8,2.7,2.6,2.6,2.6,2.6,2.6,2.6,2.7,2.7,2.7,2.6,2.6,2.5,2.4,2.3,2.2,2.1,2.1,2.0,2.0,2.0,2.0,2.0,2.1,2.1,2.2,2.3,2.4,2.4,2.5,2.5,2.5,2.6,2.6,2.7,2.7,2.8,2.9,2.9,2.9,3.0,3.0,3.0,3.0,3.0,3.0,3.0,2.9,2.8,2.7,2.7,2.6,2.5,2.5,2.4,2.4,2.3,2.2,2.1,2.0,2.0,1.9,1.9,1.9,1.9,1.9,1.9,1.8,1.8,1.8,1.8,1.8
4.7,4.6,4.5,4.4,4.3,4.2,4.0,3.9,3.8,3.8,3.8,3.7,3.6,3.5,3.5,3.4,3.4,3.4,3.5,3.5,3.4,3.3,3.3,3.1,3.0,3.0,3.0,3.0,3.0,3.0,3.1,3.1,3.0,3.0,3.0,2.9,2.8,2.7,2.6,2.5,2.4,2.4,2.3,2.3,2.3,2.3,2.4,2.4,2.5,2.6,2.6,2.7,2.7,2.7,2.7,2.7,2.8,2.8,2.9,3.0,3.1,3.1,3.2,3.3,3.3,3.4,3.4,3.4,3.3,3.2,3.2,3.1,3.1,3.1,3.1,3.0,2.9,2.8,2.7,2.6,2.4,2.3,2.2,2.2,2.2,2.2,2.2,2.2,2.2,2.1,2.1,2.0,2.0,2.0
5.6,5.5,5.4,5.3,5.2,4.9,4.7,4.5,4.3,4.3,4.3,4.1,4.0,3.9,3.8,3.8,3.7,3.7,3.8,3.8,3.8,3.8,3.8,3.7,3.6,3.5,3.5,3.5,3.5,3.5,3.6,3.6,3.5,3.5,3.5,3.4,3.3,3.2,3.1,3.0,2.9,2.9,2.8,2.8,2.8,2.8,2.8,2.9,2.9,3.0,3.0,3.0,3.0,3.0,3.0,2.9,2.9,2.9,3.0,3.1,3.2,3.3,3.3,3.4,3.5,3.7,3.8,3.8,3.7,3.6,3.6,3.5,3.5,3.5,3.5,3.4,3.3,3.2,3.1,2.9,2.8,2.6,2.6,2.5,2.6,2.6,2.6,2.5,2.4,2.3,2.2,2.2,2.1,2.1
6.7,6.6,6.5,6.5,6.3,6.1,5.7,5.4,5.2,5.1,5.0,4.9,4.8,4.6,4.5,4.4,4.3,4.2,4.2,4.2,4.2,4.2,4.2,4.1,4.1,4.0,4.0,3.9,4.0,4.0,4.0,4.1,4.1,4.0,4.0,4.0,3.9,3.8,3.7,3.6,3.5,3.4,3.4,3.4,3.4,3.4,3.4,3.5,3.5,3.6,3.6,3.5,3.5,3.4,3.4,3.3,3.3,3.2,3.2,3.3,3.4,3.5,3.5,3.5,3.5,3.7,3.8,3.8,3.9,3.9,3.9,4.0,4.1,4.2,4.2,4.1,3.9,3.7,3.4,3.2,3.1,2.9,2.9,2.8,2.8,2.8,2.8,2.7,2.7,2.6,2.4,2.4,2.3,2.3
7.8,7.6,7.5,7.4,7.3,7.1,6.7,6.3,6.0,5.9,5.8,5.7,5.6,5.4,5.3,5.2,5.1,5.1,5.0,5.0,4.9,4.9,4.8,4.7,4.6,4.5,4.4,4.4,4.4,4.4,4.5,4.5,4.5,4.5,4.5,4.5,4.5,4.4,4.3,4.2,4.1,4.1,4.0,4.0,4.0,4.0,4.1,4.2,4.2,4.2,4.2,4.1,4.0,4.0,3.9,3.8,3.8,3.7,3.7,3.7,3.8,3.8,3.8,3.8,3.8,3.9,4.0,4.0,4.0,4.1,4.2,4.4,4.7,5.0,5.1,5.0,4.6,4.2,3.9,3.7,3.5,3.3,3.2,3.2,3.2,3.1,3.1,3.0,2.9,2.8,2.7,2.6,2.5,2.5
9.1,8.8,8.6,8.4,8.2,8.0,7.7,7.2,6.9,6.6,6.5,6.5,6.3,6.2,6.1,6.0,5.9,5.9,5.8,5.8,5.7,5.6,5.5,5.4,5.4,5.3,5.2,5.2,5.1,5.1,5.0,5.0,5.0,5.0,5.0,5.0,4.9,4.9,4.9,4.8,4.7,4.7,4.6,4.6,4.6,4.6,4.7,4.8,4.9,4.9,4.8,4.7,4.6,4.6,4.5,4.4,4.3,4.3,4.2,4.2,4.1,4.1,4.1,4.2,4.3,4.4,4.4,4.4,4.5,4.6,4.8,5.0,5.2,5.3,5.4,5.2,5.0,4.7,4.5,4.3,4.1,3.9,3.8,3.8,3.7,3.6,3.6,3.4,3.4,3.3,3.1,3.0,2.9,2.8
10.4,10.1,9.8,9.5,9.3,9.1,8.8,8.3,7.9,7.6,7.4,7.3,7.2,7.0,6.9,6.9,6.8,6.7,6.6,6.6,6.5,6.4,6.3,6.2,6.1,6.1,6.1,6.0,6.0,6.0,6.0,5.9,5.8,5.8,5.7,5.5,5.4,5.4,5.3,5.3,5.2,5.1,5.0,5.0,5.1,5.2,5.3,5.4,5.5,5.5,5.5,5.5,5.4,5.3,5.2,5.0,4.8,4.7,4.6,4.6,4.5,4.6,4.7,4.8,4.8,4.8,4.9,5.0,5.2,5.3,5.4,5.5,5.5,5.5,5.4,5.3,5.2,5.1,5.0,4.9,4.7,4.5,4.4,4.3,4.3,4.2,4.1,4.0,3.9,3.9,3.8,3.7,3.5,3.4
12.0,11.5,11.0,10.7,10.4,10.2,9.9,9.5,9.1,8.8,8.5,8.3,8.2,8.0,7.8,7.6,7.6,7.5,7.4,7.4,7.3,7.2,7.1,7.0,6.9,6.8,6.8,6.8,6.8,6.8,6.9,6.9,6.8,6.7,6.6,6.5,6.3,6.2,6.1,6.1,5.9,5.8,5.7,5.6,5.6,5.7,5.7,5.8,5.9,6.0,6.1,6.1,6.0,5.9,5.7,5.5,5.3,5.2,5.2,5.2,5.2,5.3,5.4,5.4,5.5,5.6,5.7,5.7,5.7,5.8,5.8,5.8,5.7,5.7,5.6,5.6,5.6,5.5,5.5,5.3,5.2,5.0,4.9,4.8,4.8,4.8,4.7,4.6,4.5,4.5,4.5,4.4,4.2,4.0
14.1,13.4,12.7,12.2,11.9,11.6,11.4,11.1,10.7,10.3,9.9,9.6,9.3,9.1,8.8,8.6,8.4,8.2,8.1,8.1,8.0,8.0,7.8,7.7,7.6,7.5,7.5,7.5,7.6,7.7,7.8,7.9,7.9,7.8,7.7,7.5,7.3,7.2,7.1,7.1,7.0,6.9,6.9,6.7,6.6,6.5,6.4,6.4,6.5,6.5,6.5,6.4,6.4,6.3,6.2,6.1,6.0,5.8,5.7,5.7,5.8,6.0,6.1,6.2,6.3,6.3,6.3,6.3,6.2,6.2,6.2,6.1,6.1,6.1,6.1,6.1,6.0,6.0,5.9,5.8,5.6,5.4,5.4,5.3,5.3,5.3,5.3,5.2,5.1,5.1,5.1,5.0,4.9,4.7
16.7,15.9,15.1,14.5,14.0,13.6,13.3,13.0,12.6,12.2,11.8,11.4,10.9,10.6,10.2,10.0,9.7,9.4,9.2,9.0,8.9,8.8,8.7,8.6,8.5,8.4,8.4,8.4,8.5,8.6,8.7,8.8,8.8,8.8,8.8,8.7,8.5,8.4,8.3,8.2,8.1,8.0,8.0,7.8,7.7,7.6,7.4,7.3,7.2,7.2,7.1,7.1,7.2,7.2,7.1,6.9,6.7,6.6,6.5,6.6,6.6,6.7,6.7,6.8,6.9,6.9,6.8,6.6,6.5,6.5,6.5,6.6,6.6,6.6,6.6,6.5,6.4,6.4,6.3,6.2,6.1,6.0,5.9,5.9,5.9,5.8,5.7,5.7,5.6,5.6,5.5,5.5,5.4,5.4
19.7,19.0,18.2,17.4,16.6,16.1,15.6,15.3,14.9,14.5,14.1,13.5,13.0,12.5,12.2,11.9,11.6,11.3,11.0,10.7,10.4,10.2,10.0,9.9,9.7,9.6,9.6,9.5,9.6,9.6,9.7,9.8,9.9,10.0,10.0,10.0,9.9,9.8,9.6,9.5,9.4,9.4,9.4,9.2,9.0,8.7,8.5,8.2,8.0,7.9,7.8,7.8,7.8,7.8,7.7,7.5,7.5,7.5,7.6,7.6,7.6,7.6,7.7,7.7,7.6,7.5,7.4,7.2,7.1,7.1,7.2,7.3,7.3,7.2,7.1,7.0,7.0,7.0,6.9,6.8,6.7,6.6,6.6,6.5,6.4,6.3,6.2,6.1,6.1,6.0,6.0,5.9,5.9,5.9
22.7,22.0,21.2,20.4,19.5,18.8,18.1,17.7,17.3,16.9,16.5,16.0,15.5,15.1,14.7,14.3,14.0,13.7,13.3,12.9,12.5,12.2,12.0,11.8,11.6,11.5,11.3,11.3,11.2,11.2,11.2,11.3,11.4,11.4,11.4,11.3,11.2,11.0,10.9,10.8,10.7,10.7,10.6,10.4,10.2,9.9,9.7,9.4,9.2,9.0,8.8,8.6,8.4,8.2,8.0,8.0,8.2,8.3,8.2,8.3,8.4,8.5,8.5,8.5,8.4,8.3,8.2,8.1,8.0,8.1,8.2,8.2,8.0,8.0,8.0,8.0,8.0,8.0,8.0,7.9,7.8,7.7,7.5,7.4,7.2,7.1,7.0,6.8,6.7,6.6,6.6,6.5,6.4,6.4
25.2,24.4,23.6,22.8,22.0,21.2,20.5,19.9,19.5,19.1,18.7,18.4,18.0,17.6,17.2,16.8,16.4,16.0,15.6,15.2,14.8,14.4,14.1,13.9,13.7,13.5,13.4,13.2,13.1,13.0,12.9,12.9,13.0,12.9,12.9,12.7,12.6,12.4,12.3,12.2,12.1,11.9,11.7,11.5,11.3,11.1,10.9,10.7,10.5,10.2,9.9,9.5,9.1,8.7,8.6,8.9,9.0,8.9,8.9,9.1,9.3,9.3,9.4,9.3,9.3,9.2,9.1,9.0,9.0,9.1,9.0,8.8,8.9,9.1,9.2,9.2,9.3,9.3,9.2,9.1,9.0,8.8,8.7,8.5,8.3,8.2,8.0,7.9,7.7,7.6,7.5,7.3,7.1,7.0
27.2,26.5,25.7,24.9,24.2,23.5,22.9,22.3,21.7,21.2,20.8,20.4,20.1,19.7,19.3,18.9,18.5,18.0,17.6,17.2,16.8,16.5,16.2,15.9,15.6,15.4,15.2,15.0,14.8,14.7,14.5,14.5,14.4,14.4,14.3,14.2,14.1,13.9,13.8,13.7,13.5,13.4,13.2,13.0,12.8,12.6,12.4,12.1,11.8,11.5,11.1,10.6,10.1,9.7,9.7,10.0,10.0,9.9,10.1,10.3,10.4,10.2,10.2,10.3,10.3,10.1,10.0,10.1,10.3,10.1,9.9,10.1,10.4,10.4,10.4,10.5,10.6,10.5,10.3,10.1,10.0,9.8,9.7,9.5,9.3,9.1,8.9,8.8,8.7,8.6,8.5,8.3,8.0,7.8
29.0,28.3,27.6,26.9,26.2,25.6,25.0,24.4,23.8,23.2,22.7,22.2,21.8,21.5,21.1,20.7,20.3,19.9,19.4,19.0,18.7,18.3,17.9,17.6,17.2,16.9,16.6,16.4,16.1,16.0,15.8,15.8,15.7,15.7,15.6,15.5,15.4,15.3,15.2,15.0,14.9,14.8,14.7,14.5,14.3,14.1,13.8,13.6,13.3,13.1,12.7,12.3,11.9,11.6,11.7,11.8,11.8,11.6,11.5,11.6,11.4,11.1,11.3,11.8,11.7,11.2,11.1,11.6,11.8,11.5,11.3,11.8,12.1,12.0,11.8,11.8,11.8,11.7,11.5,11.2,11.0,10.9,10.8,10.6,10.5,10.3,10.1,9.9,9.9,9.8,9.7,9.5,9.2,8.9
30.7,30.1,29.5,28.8,28.1,27.5,26.9,26.3,25.6,25.0,24.5,23.9,23.5,23.1,22.8,22.4,22.1,21.7,21.3,20.9,20.4,20.0,19.6,19.2,18.8,18.4,18.1,17.7,17.5,17.2,17.0,16.9,16.7,16.7,16.7,16.6,16.5,16.4,16.2,16.0,16.0,15.9,15.7,15.6,15.5,15.3,15.1,14.9,14.6,14.4,14.1,13.8,13.6,13.6,13.6,13.6,13.5,13.2,12.9,12.7,12.6,12.8,13.2,13.6,13.1,12.3,12.3,13.0,13.3,12.9,12.6,12.9,13.3,13.2,12.9,12.8,12.8,12.8,12.7,12.5,12.3,12.2,12.0,11.9,11.8,11.7,11.6,11.4,11.3,11.2,11.0,10.8,10.6,10.3
31.8,31.3,30.7,30.0,29.3,28.6,28.0,27.4,26.9,26.3,25.8,25.3,24.9,24.5,24.1,23.8,23.5,23.1,22.7,22.4,22.0,21.7,21.3,20.9,20.5,20.1,19.7,19.3,19.0,18.8,18.5,18.3,18.1,18.0,17.8,17.7,17.6,17.4,17.3,17.1,16.9,16.8,16.6,16.4,16.3,16.1,16.0,15.8,15.6,15.4,15.3,15.2,15.1,15.0,14.9,14.8,14.5,14.2,13.9,13.9,14.2,14.4,14.5,14.4,14.0,13.6,13.5,13.9,14.3,14.2,13.7,13.5,13.6,13.8,13.8,13.7,13.7,13.7,13.7,13.7,13.6,13.4,13.3,13.1,13.0,13.0,12.9,12.8,12.7,12.6,12.4,12.2,11.9,11.6
32.2,31.7,31.1,30.5,29.9,29.2,28.6,28.0,27.5,27.1,26.6,26.3,26.0,25.6,25.3,24.9,24.6,24.2,23.9,23.6,23.2,22.9,22.6,22.2,21.9,21.5,21.2,20.9,20.6,20.4,20.1,19.8,19.6,19.3,19.1,18.9,18.7,18.5,18.3,18.1,17.9,17.7,17.5,17.3,17.1,16.9,16.8,16.6,16.5,16.4,16.2,16.1,16.0,15.8,15.5,15.2,15.0,15.0,15.0,15.2,15.2,15.2,15.1,14.9,14.8,14.5,14.3,14.4,14.6,14.7,14.5,14.1,13.9,13.9,14.1,14.2,14.3,14.3,14.3,14.3,14.3,14.2,14.1,14.0,13.9,13.8,13.8,13.7,13.7,13.6,13.4,13.3,13.0,12.7
32.6,32.1,31.7,31.2,30.7,30.1,29.4,28.8,28.2,27.7,27.3,27.0,26.7,26.4,26.0,25.7,25.4,25.0,24.7,24.4,24.2,23.9,23.6,23.3,23.0,22.8,22.5,22.2,21.9,21.6,21.3,21.1,20.8,20.6,20.4,20.1,19.9,19.7,19.5,19.3,19.0,18.8,18.5,18.3,18.1,17.9,17.7,17.5,17.3,17.1,16.9,16.7,16.5,16.3,16.0,15.9,15.9,16.0,16.1,16.0,15.9,15.7,15.6,15.5,15.4,15.2,15.0,14.8,14.8,14.9,14.8,14.7,14.5,14.3,14.3,14.4,14.5,14.6,14.6,14.6,14.5,14.5,14.4,14.3,14.2,14.2,14.2,14.1,14.1,14.0,13.9,13.8,13.7,13.5
33.6,33.0,32.5,32.0,31.5,31.0,30.4,29.8,29.2,28.7,28.2,27.7,27.3,27.0,26.6,26.3,26.0,25.7,25.4,25.1,24.8,24.5,24.2,24.0,23.7,23.5,23.2,22.9,22.7,22.4,22.2,21.9,21.7,21.5,21.2,21.0,20.8,20.6,20.4,20.2,20.0,19.7,19.5,19.3,19.1,18.9,18.7,18.5,18.3,18.1,17.9,17.6,17.4,17.2,17.1,17.0,17.0,17.0,16.9,16.8,16.6,16.4,16.3,16.1,16.0,15.8,15.6,15.4,15.2,15.1,15.0,14.9,14.8,14.8,14.7,14.7,14.8,14.8,14.8,14.8,14.8,14.7,14.7,14.6,14.5,14.4,14.4,14.3,14.3,14.2,14.1,14.1,14.0,13.9
34.2,33.7,33.1,32.6,32.0,31.5,31.0,30.5,29.9,29.4,28.9,28.4,27.9,27.5,27.1,26.8,26.4,26.1,25.9,25.6,25.3,25.0,24.7,24.4,24.2,23.9,23.6,23.4,23.1,22.9,22.7,22.5,22.2,22.0,21.8,21.6,21.4,21.2,20.9,20.7,20.5,20.3,20.1,19.9,19.7,19.5,19.3,19.2,19.0,18.8,18.7,18.5,18.4,18.3,18.2,18.1,18.0,17.9,17.7,17.6,17.4,17.2,17.0,16.8,16.7,16.5,16.3,16.1,15.9,15.6,15.5,15.3,15.3,15.2,15.2,15.1,15.1,15.1,15.1,15.1,15.1,15.1,15.0,15.0,14.9,14.8,14.7,14.6,14.6,14.5,14.4,14.4,14.3,14.3
33.8,33.4,33.0,32.5,32.1,31.6,31.1,30.7,30.2,29.8,29.4,29.0,28.5,28.1,27.8,27.4,27.0,26.7,26.4,26.1,25.8,25.5,25.3,25.0,24.7,24.5,24.2,23.9,23.7,23.4,23.2,22.9,22.7,22.4,22.2,21.9,21.7,21.5,21.3,21.1,20.9,20.7,20.5,20.3,20.1,20.0,19.8,19.6,19.5,19.3,19.1,19.0,18.9,18.7,18.6,18.5,18.4,18.3,18.2,18.0,17.9,17.7,17.5,17.3,17.2,17.0,16.8,16.6,16.4,16.3,16.1,16.0,15.8,15.8,15.7,15.6,15.6,15.5,15.5,15.5,15.5,15.4,15.4,15.4,15.3,15.2,15.2,15.1,15.0,15.0,14.9,14.9,14.8,14.8
33.1,32.7,32.3,32.0,31.6,31.3,30.9,30.5,30.2,29.8,29.5,29.1,28.8,28.5,28.2,27.9,27.6,27.3,27.0,26.7,26.4,26.1,25.8,25.5,25.2,24.9,24.7,24.4,24.2,23.9,23.7,23.4,23.2,22.9,22.7,22.4,22.2,21.9,21.7,21.5,21.3,21.0,20.8,20.7,20.5,20.3,20.1,20.0,19.8,19.7,19.5,19.4,19.3,19.1,19.0,18.9,18.8,18.6,18.5,18.4,18.2,18.1,17.9,17.7,17.6,17.4,17.3,17.1,17.0,16.9,16.7,16.6,16.5,16.4,16.3,16.2,16.1,16.1,16.0,16.0,15.9,15.9,15.8,15.8,15.7,15.7,15.6,15.6,15.5,15.5,15.5,15.4,15.4,15.4
