wind-weather/data/weather/current/current-relative_humidity-isobaric-10hPa-gfs-1.0.json
{"header": {"discipline":0,"disciplineName":"Meteorologicalproducts","gribEdition":2,"gribLength":9415,"center":7,"centerName":"USNationalWeatherService-NCEP(WMC)","subcenter":0,"refTime":"2015-05-15T06:00:00.000Z","significanceOfRT":0,"significanceOfRTName":"Analysis","productStatus":0,"productStatusName":"Operationalproducts","productType":0,"productTypeName":"Analysisproducts","productDefinitionTemplate":0,"productDefinitionTemplateName":"Analysis/forecastathorizontallevel/layeratapointintime","parameterCategory":1,"parameterCategoryName":"Moisture","parameterNumber":1,"parameterNumberName":"Relative_humidity","parameterUnit":"percent","genProcessType":0,"genProcessTypeName":"Analysis","forecastTime":0,"surface1Type":100,"surface1TypeName":"Isobaricsurface","surface1Value":1000.0,"surface2Type":255,"surface2TypeName":"Missing","surface2Value":0.0,"gridDefinitionTemplate":0,"gridDefinitionTemplateName":"Latitude_Longitude","numberPoints":65160,"shape":6,"shapeName":"Earthsphericalwithradiusof6,371,229.0m","gridUnits":"degrees","resolution":48,"winds":"true","scanMode":0,"nx":360,"ny":181,"basicAngle":0,"subDivisions":0,"lo1":0.0,"la1":90.0,"lo2":359.0,"la2":-90.0,"dx":1.0,"dy":1.0}, "data":
[rows 126 to 167 of 181, columns 188 to 281 of 360]
0.4,0.4,0.4,0.4,0.4,0.4,0.4,0.4,0.4,0.4,0.4,0.4,0.4,0.4,0.4,0.4,0.4,0.4,0.4,0.4,0.4,0.4,0.4,0.4,0.4,0.4,0.3,0.3,0.3,0.2,0.2,0.2,0.2,0.2,0.2,0.2,0.2,0.2,0.2,0.2,0.2,0.2,0.2,0.2,0.2,0.2,0.2,0.2,0.2,0.2,0.2,0.2,0.2,0.2,0.2,0.2,0.2,0.2,0.2,0.2,0.2,0.2,0.2,0.1,0.1,0.1,0.1,0.1,0.1,0.1,0.1,0.1,0.1,0.1,0.1,0.1,0.1,0.1,0.2,0.2,0.3,0.3,0.4,0.4,0.5,0.6,0.7,0.7,0.8,0.8,0.9,0.9,0.9,0.9
0.4,0.4,0.4,0.4,0.4,0.4,0.5,0.5,0.5,0.5,0.5,0.5,0.5,0.5,0.5,0.4,0.4,0.4,0.4,0.4,0.4,0.4,0.4,0.4,0.3,0.3,0.3,0.2,0.2,0.2,0.2,0.2,0.2,0.2,0.2,0.2,0.2,0.2,0.2,0.2,0.2,0.2,0.2,0.2,0.2,0.2,0.2,0.2,0.2,0.2,0.2,0.2,0.2,0.2,0.2,0.2,0.2,0.2,0.2,0.2,0.1,0.1,0.1,0.1,0.1,0.1,0.1,0.1,0.1,0.1,0.1,0.1,0.1,0.1,0.1,0.1,0.2,0.2,0.3,0.3,0.4,0.5,0.6,0.7,0.7,0.8,0.9,1.0,1.0,1.1,1.1,1.1,1.1,1.1
0.4,0.4,0.4,0.4,0.4,0.4,0.5,0.5,0.4,0.5,0.5,0.5,0.5,0.5,0.5,0.5,0.5,0.5,0.4,0.4,0.4,0.4,0.4,0.3,0.3,0.2,0.2,0.2,0.2,0.2,0.2,0.2,0.2,0.2,0.2,0.2,0.2,0.2,0.2,0.2,0.2,0.2,0.2,0.2,0.2,0.2,0.2,0.2,0.2,0.2,0.2,0.2,0.2,0.2,0.2,0.2,0.2,0.2,0.2,0.1,0.1,0.1,0.1,0.1,0.1,0.1,0.1,0.1,0.1,0.1,0.1,0.1,0.1,0.1,0.1,0.2,0.3,0.4,0.5,0.6,0.7,0.8,0.9,0.9,1.0,1.0,1.1,1.2,1.2,1.3,1.3,1.3,1.3,1.3
0.4,0.4,0.4,0.4,0.4,0.4,0.4,0.4,0.4,0.4,0.4,0.4,0.5,0.5,0.5,0.5,0.4,0.4,0.4,0.4,0.4,0.3,0.3,0.2,0.2,0.2,0.2,0.2,0.2,0.2,0.2,0.2,0.2,0.2,0.2,0.2,0.2,0.2,0.2,0.2,0.2,0.2,0.2,0.2,0.2,0.2,0.2,0.2,0.2,0.2,0.2,0.2,0.2,0.2,0.2,0.2,0.2,0.2,0.2,0.2,0.2,0.2,0.2,0.2,0.2,0.2,0.2,0.1,0.1,0.1,0.1,0.1,0.1,0.2,0.3,0.4,0.6,0.7,0.8,0.9,1.0,1.0,1.1,1.2,1.2,1.2,1.3,1.3,1.4,1.5,1.5,1.5,1.6,1.6
0.5,0.4,0.4,0.4,0.4,0.4,0.4,0.4,0.4,0.4,0.4,0.4,0.4,0.4,0.4,0.4,0.4,0.4,0.4,0.3,0.3,0.3,0.2,0.2,0.2,0.2,0.2,0.2,0.2,0.2,0.2,0.2,0.2,0.2,0.2,0.2,0.3,0.3,0.3,0.3,0.3,0.3,0.3,0.2,0.2,0.2,0.2,0.2,0.2,0.2,0.2,0.2,0.2,0.2,0.2,0.2,0.2,0.2,0.2,0.2,0.2,0.2,0.2,0.2,0.2,0.2,0.1,0.1,0.1,0.2,0.2,0.3,0.4,0.6,0.7,0.8,0.9,1.0,1.1,1.1,1.2,1.3,1.3,1.4,1.4,1.5,1.5,1.5,1.6,1.6,1.7,1.7,1.8,1.8
0.5,0.4,0.4,0.4,0.4,0.4,0.4,0.4,0.4,0.4,0.4,0.4,0.4,0.4,0.4,0.4,0.4,0.4,0.3,0.3,0.3,0.3,0.2,0.2,0.2,0.2,0.2,0.2,0.2,0.2,0.2,0.2,0.2,0.3,0.3,0.3,0.3,0.3,0.3,0.3,0.3,0.3,0.2,0.2,0.2,0.2,0.2,0.2,0.2,0.2,0.2,0.2,0.2,0.2,0.2,0.2,0.2,0.2,0.2,0.2,0.2,0.2,0.2,0.2,0.2,0.2,0.2,0.2,0.3,0.4,0.6,0.7,0.8,0.9,1.0,1.1,1.2,1.2,1.3,1.3,1.4,1.5,1.6,1.6,1.7,1.7,1.7,1.7,1.7,1.8,1.9,1.9,2.0,2.0
0.4,0.4,0.4,0.4,0.4,0.4,0.4,0.4,0.4,0.4,0.4,0.4,0.4,0.4,0.4,0.4,0.3,0.3,0.3,0.3,0.3,0.2,0.2,0.2,0.2,0.2,0.2,0.2,0.2,0.2,0.3,0.3,0.3,0.3,0.3,0.3,0.3,0.3,0.3,0.3,0.3,0.2,0.2,0.2,0.2,0.2,0.2,0.2,0.2,0.2,0.2,0.2,0.2,0.2,0.2,0.2,0.2,0.2,0.2,0.2,0.2,0.2,0.2,0.2,0.3,0.3,0.4,0.5,0.7,0.8,0.9,1.0,1.0,1.1,1.2,1.3,1.3,1.4,1.5,1.5,1.6,1.7,1.8,1.8,1.9,1.9,1.9,1.9,1.9,1.9,2.0,2.1,2.1,2.2
0.4,0.4,0.4,0.4,0.5,0.4,0.4,0.4,0.4,0.4,0.4,0.4,0.4,0.4,0.3,0.3,0.3,0.3,0.3,0.3,0.3,0.2,0.2,0.2,0.2,0.2,0.2,0.2,0.3,0.3,0.3,0.3,0.3,0.4,0.4,0.3,0.3,0.3,0.3,0.3,0.2,0.2,0.2,0.2,0.2,0.2,0.2,0.2,0.2,0.2,0.2,0.2,0.2,0.2,0.2,0.2,0.2,0.2,0.2,0.2,0.2,0.3,0.4,0.4,0.5,0.6,0.7,0.8,0.9,0.9,1.0,1.1,1.2,1.3,1.4,1.5,1.5,1.6,1.6,1.7,1.7,1.8,1.9,2.0,2.1,2.1,2.1,2.1,2.1,2.1,2.2,2.2,2.3,2.4
0.5,0.4,0.4,0.4,0.5,0.5,0.4,0.4,0.4,0.4,0.4,0.4,0.4,0.4,0.3,0.3,0.3,0.3,0.3,0.3,0.3,0.3,0.2,0.2,0.2,0.2,0.3,0.3,0.3,0.3,0.4,0.4,0.4,0.4,0.4,0.3,0.3,0.3,0.3,0.3,0.3,0.3,0.2,0.2,0.2,0.2,0.2,0.2,0.2,0.2,0.2,0.2,0.2,0.2,0.2,0.2,0.2,0.2,0.3,0.3,0.4,0.5,0.5,0.6,0.7,0.8,0.8,0.9,1.0,1.1,1.2,1.3,1.4,1.5,1.5,1.6,1.6,1.7,1.7,1.8,1.8,1.9,2.0,2.1,2.2,2.3,2.4,2.4,2.3,2.4,2.4,2.4,2.5,2.6
0.5,0.5,0.5,0.5,0.5,0.5,0.4,0.4,0.4,0.4,0.4,0.4,0.4,0.4,0.3,0.3,0.3,0.3,0.3,0.3,0.3,0.3,0.3,0.3,0.3,0.3,0.3,0.4,0.4,0.4,0.4,0.4,0.4,0.4,0.3,0.3,0.3,0.3,0.3,0.3,0.3,0.3,0.2,0.2,0.2,0.2,0.2,0.2,0.2,0.2,0.2,0.2,0.2,0.2,0.2,0.2,0.3,0.3,0.4,0.5,0.6,0.7,0.7,0.8,0.9,0.9,1.0,1.0,1.1,1.2,1.3,1.4,1.5,1.6,1.7,1.7,1.8,1.8,1.8,1.9,1.9,2.0,2.1,2.2,2.3,2.4,2.5,2.6,2.6,2.6,2.6,2.7,2.8,2.9
0.5,0.5,0.5,0.5,0.5,0.5,0.5,0.5,0.4,0.4,0.4,0.4,0.4,0.4,0.4,0.4,0.3,0.3,0.3,0.3,0.3,0.3,0.3,0.4,0.4,0.4,0.4,0.4,0.4,0.4,0.4,0.4,0.4,0.3,0.3,0.3,0.3,0.3,0.3,0.3,0.3,0.3,0.2,0.2,0.2,0.2,0.2,0.2,0.2,0.2,0.2,0.2,0.2,0.3,0.3,0.4,0.5,0.6,0.6,0.7,0.8,0.9,0.9,1.0,1.0,1.1,1.2,1.2,1.3,1.3,1.4,1.6,1.7,1.8,1.8,1.9,1.9,1.9,1.9,2.0,2.0,2.1,2.1,2.3,2.4,2.6,2.7,2.8,2.9,2.9,2.9,2.9,2.9,3.0
0.5,0.5,0.5,0.5,0.5,0.5,0.5,0.5,0.5,0.5,0.5,0.4,0.4,0.4,0.4,0.4,0.4,0.4,0.4,0.4,0.4,0.4,0.5,0.5,0.5,0.5,0.5,0.4,0.4,0.4,0.4,0.3,0.3,0.3,0.3,0.3,0.3,0.3,0.3,0.3,0.3,0.3,0.2,0.2,0.2,0.2,0.2,0.2,0.2,0.3,0.3,0.4,0.4,0.5,0.6,0.7,0.8,0.8,0.9,0.9,1.0,1.1,1.1,1.2,1.2,1.3,1.3,1.4,1.4,1.5,1.6,1.7,1.8,1.8,1.9,1.9,1.9,2.0,2.0,2.1,2.1,2.2,2.3,2.4,2.6,2.7,2.9,3.0,3.1,3.1,3.1,3.0,3.0,3.1
0.5,0.5,0.5,0.5,0.5,0.5,0.5,0.5,0.5,0.5,0.5,0.5,0.5,0.5,0.5,0.5,0.5,0.5,0.5,0.5,0.5,0.5,0.5,0.5,0.5,0.5,0.4,0.4,0.4,0.4,0.3,0.3,0.3,0.3,0.3,0.3,0.3,0.3,0.3,0.3,0.3,0.2,0.2,0.2,0.2,0.2,0.3,0.3,0.4,0.5,0.6,0.7,0.8,0.8,0.9,0.9,1.0,1.0,1.0,1.1,1.1,1.2,1.3,1.3,1.4,1.5,1.5,1.6,1.7,1.7,1.7,1.8,1.8,1.9,1.9,2.0,2.1,2.1,2.2,2.3,2.3,2.4,2.5,2.7,2.8,3.0,3.1,3.2,3.3,3.3,3.3,3.2,3.2,3.3
0.5,0.6,0.6,0.6,0.6,0.6,0.6,0.6,0.6,0.6,0.6,0.6,0.5,0.5,0.5,0.5,0.5,0.5,0.5,0.5,0.5,0.5,0.5,0.5,0.4,0.4,0.4,0.4,0.4,0.3,0.3,0.3,0.3,0.3,0.3,0.3,0.3,0.3,0.3,0.3,0.3,0.2,0.3,0.3,0.3,0.4,0.5,0.6,0.7,0.8,0.9,0.9,0.9,1.0,1.0,1.0,1.1,1.1,1.2,1.2,1.3,1.4,1.4,1.5,1.6,1.6,1.7,1.7,1.8,1.8,1.8,1.8,1.9,2.0,2.0,2.1,2.2,2.3,2.4,2.5,2.6,2.7,2.8,3.0,3.2,3.2,3.3,3.4,3.5,3.5,3.5,3.5,3.5,3.6
0.4,0.4,0.5,0.5,0.5,0.6,0.6,0.6,0.6,0.6,0.6,0.6,0.6,0.6,0.6,0.6,0.6,0.5,0.5,0.5,0.5,0.4,0.4,0.4,0.4,0.4,0.4,0.3,0.3,0.3,0.4,0.4,0.4,0.3,0.3,0.3,0.3,0.3,0.3,0.3,0.3,0.3,0.4,0.6,0.7,0.8,0.9,1.0,1.0,1.0,1.0,1.0,1.0,1.1,1.1,1.2,1.2,1.3,1.4,1.5,1.5,1.5,1.6,1.6,1.6,1.7,1.7,1.8,1.8,1.8,1.8,1.9,2.0,2.1,2.2,2.3,2.4,2.5,2.6,2.8,2.9,3.0,3.2,3.3,3.5,3.6,3.6,3.7,3.7,3.8,3.8,3.8,3.8,4.0
0.3,0.3,0.3,0.3,0.3,0.3,0.3,0.4,0.4,0.4,0.4,0.4,0.4,0.4,0.4,0.4,0.4,0.4,0.4,0.4,0.3,0.3,0.3,0.3,0.3,0.4,0.4,0.4,0.4,0.4,0.3,0.3,0.3,0.3,0.3,0.3,0.3,0.3,0.4,0.5,0.6,0.8,0.9,1.1,1.2,1.2,1.2,1.2,1.2,1.2,1.2,1.2,1.2,1.2,1.3,1.3,1.4,1.4,1.5,1.5,1.6,1.6,1.6,1.6,1.6,1.7,1.7,1.8,1.8,1.9,2.0,2.0,2.2,2.4,2.6,2.6,2.7,2.9,3.0,3.2,3.3,3.5,3.6,3.7,3.9,4.0,4.0,4.1,4.1,4.2,4.3,4.3,4.4,4.5
0.3,0.3,0.3,0.3,0.3,0.3,0.3,0.3,0.3,0.3,0.3,0.3,0.3,0.3,0.3,0.3,0.3,0.3,0.3,0.3,0.3,0.3,0.3,0.3,0.3,0.3,0.3,0.3,0.3,0.3,0.3,0.3,0.3,0.4,0.4,0.5,0.6,0.8,0.9,1.1,1.2,1.3,1.3,1.4,1.4,1.5,1.4,1.4,1.4,1.4,1.4,1.4,1.4,1.3,1.3,1.4,1.4,1.4,1.5,1.5,1.6,1.6,1.6,1.7,1.7,1.8,1.9,2.0,2.1,2.2,2.3,2.4,2.6,2.7,2.9,3.1,3.2,3.3,3.5,3.6,3.8,3.9,4.1,4.2,4.4,4.5,4.5,4.6,4.6,4.8,4.9,5.0,5.1,5.2
0.3,0.3,0.3,0.3,0.3,0.3,0.3,0.3,0.3,0.3,0.3,0.3,0.3,0.3,0.3,0.3,0.3,0.3,0.3,0.3,0.3,0.3,0.3,0.3,0.3,0.3,0.3,0.3,0.4,0.4,0.5,0.6,0.8,0.9,1.0,1.1,1.2,1.3,1.3,1.4,1.4,1.4,1.5,1.5,1.6,1.7,1.6,1.6,1.6,1.6,1.7,1.6,1.5,1.5,1.4,1.4,1.4,1.5,1.5,1.6,1.7,1.8,1.9,2.0,2.0,2.1,2.3,2.4,2.5,2.7,2.8,2.9,3.1,3.2,3.4,3.5,3.7,3.8,4.0,4.1,4.3,4.5,4.6,4.8,4.9,5.0,5.1,5.1,5.2,5.4,5.6,5.8,6.0,6.1
0.4,0.3,0.3,0.3,0.3,0.3,0.3,0.3,0.3,0.3,0.3,0.3,0.3,0.3,0.3,0.3,0.3,0.3,0.3,0.3,0.3,0.3,0.4,0.4,0.5,0.5,0.6,0.7,0.8,1.0,1.1,1.2,1.3,1.4,1.5,1.5,1.5,1.5,1.4,1.5,1.5,1.5,1.5,1.5,1.6,1.6,1.7,1.6,1.6,1.7,1.7,1.7,1.7,1.6,1.6,1.6,1.6,1.7,1.8,1.9,2.0,2.1,2.2,2.3,2.4,2.6,2.7,2.8,3.0,3.1,3.3,3.4,3.6,3.7,3.9,4.0,4.2,4.4,4.5,4.7,4.9,5.0,5.2,5.4,5.5,5.6,5.6,5.7,5.8,6.1,6.4,6.7,7.0,7.0
0.8,0.8,0.7,0.6,0.6,0.6,0.5,0.5,0.5,0.5,0.5,0.5,0.5,0.5,0.5,0.5,0.5,0.6,0.6,0.7,0.7,0.8,0.9,1.0,1.1,1.1,1.2,1.3,1.4,1.4,1.5,1.5,1.6,1.6,1.6,1.6,1.6,1.6,1.5,1.5,1.5,1.5,1.5,1.5,1.6,1.6,1.7,1.7,1.7,1.7,1.7,1.8,1.8,1.9,1.9,1.9,2.0,2.0,2.1,2.2,2.3,2.4,2.5,2.7,2.8,2.9,3.0,3.2,3.4,3.5,3.7,3.9,4.1,4.2,4.4,4.6,4.7,4.9,5.1,5.3,5.5,5.6,5.8,5.9,6.1,6.1,6.2,6.3,6.4,6.7,7.0,7.3,7.5,7.5
1.1,1.1,1.1,1.1,1.1,1.1,1.1,1.1,1.1,1.1,1.1,1.1,1.1,1.1,1.1,1.2,1.2,1.2,1.2,1.3,1.3,1.4,1.4,1.5,1.5,1.5,1.5,1.6,1.6,1.7,1.7,1.7,1.7,1.8,1.7,1.7,1.7,1.7,1.6,1.6,1.5,1.5,1.5,1.6,1.6,1.7,1.7,1.8,1.9,1.9,1.9,2.0,2.1,2.2,2.2,2.3,2.4,2.4,2.5,2.5,2.6,2.8,2.9,3.0,3.2,3.3,3.5,3.6,3.8,3.9,4.1,4.3,4.5,4.7,4.9,5.1,5.3,5.4,5.6,5.8,6.0,6.1,6.3,6.4,6.5,6.6,6.7,6.8,7.0,7.3,7.5,7.7,7.8,7.9
1.3,1.3,1.3,1.4,1.4,1.4,1.4,1.4,1.4,1.4,1.4,1.4,1.5,1.5,1.5,1.5,1.6,1.6,1.6,1.6,1.6,1.7,1.7,1.7,1.7,1.7,1.7,1.7,1.8,1.8,1.9,1.9,1.9,1.9,1.9,1.8,1.8,1.7,1.7,1.7,1.7,1.6,1.6,1.7,1.8,1.9,2.0,2.0,2.2,2.2,2.2,2.3,2.4,2.5,2.6,2.7,2.7,2.8,2.9,3.0,3.1,3.2,3.3,3.5,3.7,3.8,3.9,4.0,4.2,4.3,4.5,4.7,4.8,5.0,5.3,5.5,5.7,5.9,6.1,6.3,6.4,6.6,6.8,6.9,7.0,7.1,7.2,7.4,7.6,7.8,8.1,8.3,8.5,8.5
1.4,1.4,1.4,1.5,1.5,1.5,1.6,1.6,1.6,1.6,1.6,1.7,1.7,1.7,1.7,1.7,1.8,1.8,1.8,1.8,1.8,1.8,1.8,1.8,1.8,1.8,1.9,1.9,1.9,2.0,2.1,2.1,2.1,2.1,2.1,2.0,2.0,1.9,1.9,1.9,1.9,1.9,1.9,2.0,2.1,2.1,2.2,2.3,2.4,2.5,2.6,2.7,2.7,2.8,2.9,3.1,3.2,3.3,3.4,3.5,3.6,3.7,3.8,4.0,4.1,4.3,4.4,4.5,4.6,4.8,4.9,5.0,5.2,5.4,5.6,5.9,6.1,6.3,6.5,6.7,6.9,7.1,7.3,7.4,7.6,7.7,7.9,8.1,8.2,8.4,8.7,9.1,9.3,9.3
1.5,1.5,1.5,1.6,1.6,1.6,1.7,1.7,1.7,1.8,1.8,1.8,1.8,1.9,1.9,1.9,1.9,2.0,2.0,2.0,2.0,2.0,2.0,2.0,1.9,1.9,1.9,1.9,2.0,2.0,2.1,2.1,2.2,2.2,2.2,2.3,2.3,2.3,2.3,2.3,2.3,2.3,2.3,2.4,2.4,2.4,2.5,2.5,2.6,2.8,2.9,3.0,3.1,3.2,3.3,3.5,3.6,3.7,3.8,3.8,3.9,4.1,4.2,4.3,4.5,4.7,4.9,5.0,5.2,5.3,5.4,5.6,5.8,6.0,6.2,6.4,6.6,6.8,7.1,7.3,7.5,7.7,8.0,8.2,8.3,8.5,8.7,8.9,9.1,9.3,9.6,9.9,10.1,10.2
1.6,1.7,1.7,1.7,1.7,1.7,1.8,1.8,1.8,1.9,1.9,2.0,2.0,2.0,2.1,2.1,2.1,2.1,2.1,2.1,2.1,2.1,2.1,2.1,2.1,2.1,2.0,2.1,2.1,2.1,2.2,2.3,2.4,2.5,2.6,2.6,2.7,2.7,2.8,2.9,2.9,2.9,2.8,2.8,2.7,2.7,2.6,2.6,2.7,2.9,3.2,3.3,3.5,3.6,3.7,3.8,3.9,4.0,4.1,4.2,4.3,4.4,4.6,4.8,4.9,5.2,5.4,5.6,5.8,5.9,6.1,6.4,6.6,6.8,7.0,7.2,7.5,7.7,8.0,8.2,8.4,8.7,9.0,9.2,9.5,9.7,9.9,10.1,10.4,10.6,10.9,11.1,11.2,11.3
1.9,1.9,1.9,1.9,1.9,1.9,1.9,1.9,1.9,2.0,2.0,2.1,2.1,2.1,2.2,2.2,2.2,2.3,2.3,2.3,2.4,2.4,2.4,2.4,2.4,2.4,2.4,2.4,2.5,2.5,2.6,2.7,2.8,2.9,3.0,3.1,3.2,3.3,3.3,3.4,3.4,3.4,3.3,3.2,3.1,3.0,2.9,2.9,2.9,3.1,3.4,3.6,3.8,3.9,4.0,4.1,4.2,4.4,4.5,4.6,4.8,4.9,5.1,5.3,5.6,5.8,6.0,6.3,6.5,6.8,7.1,7.5,7.7,8.0,8.2,8.5,8.7,9.0,9.3,9.6,9.8,10.2,10.5,10.9,11.1,11.4,11.6,11.8,12.1,12.3,12.6,12.8,13.0,13.2
2.2,2.2,2.2,2.2,2.2,2.2,2.2,2.2,2.2,2.2,2.2,2.2,2.3,2.3,2.3,2.4,2.4,2.5,2.6,2.7,2.7,2.8,2.9,2.9,3.0,3.0,3.1,3.2,3.2,3.3,3.4,3.4,3.5,3.6,3.6,3.7,3.7,3.8,3.8,3.9,3.9,3.8,3.8,3.8,3.7,3.7,3.6,3.5,3.5,3.7,3.9,4.1,4.3,4.4,4.5,4.6,4.7,4.9,5.1,5.2,5.4,5.7,5.9,6.2,6.4,6.7,7.0,7.4,7.7,8.1,8.5,8.9,9.3,9.6,9.9,10.1,10.4,10.7,11.1,11.4,11.8,12.2,12.5,12.9,13.2,13.4,13.6,13.9,14.1,14.4,14.8,15.1,15.4,15.7
2.6,2.6,2.7,2.7,2.7,2.7,2.6,2.6,2.6,2.6,2.6,2.7,2.7,2.7,2.8,2.9,3.0,3.1,3.2,3.4,3.5,3.6,3.7,3.7,3.8,3.9,3.9,4.0,4.0,4.0,4.0,4.0,4.1,4.1,4.2,4.2,4.3,4.3,4.3,4.4,4.4,4.4,4.4,4.4,4.4,4.3,4.3,4.2,4.3,4.4,4.6,4.8,5.0,5.2,5.3,5.4,5.6,5.7,5.9,6.2,6.4,6.7,7.0,7.4,7.7,8.1,8.5,8.9,9.3,9.7,10.2,10.6,11.0,11.5,11.8,12.1,12.4,12.7,13.1,13.5,14.0,14.4,14.8,15.1,15.4,15.7,15.9,16.2,16.5,16.9,17.3,17.7,18.1,18.6
2.9,2.9,3.0,3.0,3.1,3.1,3.1,3.2,3.2,3.2,3.2,3.3,3.3,3.3,3.4,3.5,3.6,3.7,3.8,4.0,4.1,4.2,4.3,4.3,4.3,4.4,4.5,4.5,4.5,4.5,4.5,4.6,4.7,4.7,4.7,4.8,4.9,4.9,4.9,4.9,4.9,4.9,4.9,4.9,5.0,4.9,4.9,4.9,5.0,5.2,5.5,5.7,6.0,6.2,6.4,6.6,6.9,7.1,7.3,7.5,7.8,8.1,8.4,8.8,9.2,9.7,10.1,10.5,11.0,11.4,11.9,12.3,12.8,13.2,13.6,14.0,14.4,14.7,15.1,15.5,16.0,16.4,16.8,17.1,17.5,17.7,18.0,18.3,18.6,19.0,19.4,19.8,20.4,21.0
3.2,3.3,3.3,3.3,3.4,3.4,3.4,3.5,3.5,3.6,3.6,3.6,3.7,3.7,3.8,3.8,3.9,4.0,4.2,4.4,4.5,4.6,4.6,4.7,4.7,4.8,4.9,5.0,5.0,5.0,5.0,5.1,5.1,5.2,5.3,5.4,5.5,5.6,5.6,5.7,5.7,5.7,5.7,5.8,5.8,5.8,5.9,5.9,6.1,6.3,6.6,6.9,7.2,7.5,7.8,8.0,8.3,8.6,8.9,9.1,9.3,9.5,9.8,10.2,10.6,11.0,11.4,11.8,12.3,12.7,13.2,13.6,14.1,14.6,15.1,15.5,15.9,16.3,16.7,17.2,17.6,18.0,18.4,18.8,19.1,19.3,19.6,19.8,20.2,20.5,20.9,21.4,21.9,22.6
3.7,3.7,3.8,3.8,3.8,3.8,3.9,3.9,3.9,4.0,4.0,4.0,4.1,4.1,4.2,4.2,4.3,4.4,4.5,4.7,4.8,4.9,5.0,5.1,5.2,5.3,5.3,5.4,5.5,5.5,5.6,5.7,5.7,5.8,5.9,6.1,6.2,6.3,6.4,6.5,6.6,6.7,6.8,6.9,7.0,7.0,7.0,7.1,7.3,7.5,7.7,8.1,8.4,8.7,9.0,9.3,9.6,9.9,10.1,10.2,10.4,10.6,10.9,11.3,11.7,12.0,12.4,12.8,13.2,13.6,14.1,14.6,15.2,15.8,16.3,16.8,17.4,17.8,18.3,18.7,19.1,19.5,19.9,20.2,20.5,20.7,20.9,21.2,21.5,21.9,22.3,22.7,23.3,23.9
4.2,4.3,4.3,4.4,4.4,4.4,4.5,4.5,4.5,4.6,4.6,4.6,4.6,4.7,4.7,4.8,4.8,4.9,5.0,5.1,5.3,5.4,5.5,5.6,5.7,5.8,5.9,6.0,6.1,6.2,6.3,6.4,6.5,6.7,6.8,6.9,7.0,7.1,7.2,7.3,7.5,7.7,7.8,7.9,8.0,8.1,8.2,8.3,8.4,8.6,8.8,9.1,9.5,9.8,10.1,10.4,10.7,10.9,11.1,11.2,11.4,11.7,12.0,12.3,12.7,13.0,13.4,13.7,14.1,14.6,15.0,15.5,16.1,16.7,17.4,18.1,18.8,19.4,20.0,20.4,20.8,21.0,21.3,21.6,21.9,22.2,22.5,22.8,23.2,23.6,24.1,24.6,25.1,25.7
4.5,4.6,4.7,4.8,4.8,4.9,5.0,5.0,5.1,5.1,5.1,5.1,5.2,5.2,5.2,5.3,5.3,5.4,5.5,5.6,5.7,5.8,6.0,6.1,6.3,6.4,6.5,6.5,6.6,6.8,6.9,7.1,7.3,7.5,7.6,7.8,7.9,8.0,8.2,8.4,8.5,8.7,8.9,9.0,9.1,9.2,9.2,9.3,9.5,9.7,9.9,10.2,10.6,10.9,11.3,11.6,11.8,12.0,12.2,12.4,12.6,12.8,13.0,13.3,13.5,13.8,14.1,14.5,14.9,15.3,15.7,16.2,16.8,17.5,18.2,19.0,19.8,20.7,21.4,22.0,22.4,22.7,23.0,23.3,23.6,24.0,24.4,24.9,25.4,25.9,26.4,26.9,27.3,27.8
4.8,4.9,5.0,5.2,5.3,5.4,5.4,5.5,5.5,5.6,5.6,5.6,5.7,5.7,5.8,5.9,5.9,6.0,6.1,6.2,6.3,6.5,6.6,6.7,6.9,7.0,7.1,7.2,7.3,7.5,7.7,7.9,8.1,8.3,8.5,8.7,8.9,9.1,9.3,9.5,9.7,9.9,10.0,10.2,10.3,10.3,10.4,10.5,10.7,10.8,11.1,11.3,11.7,12.0,12.4,12.7,12.9,13.0,13.2,13.3,13.4,13.6,13.7,13.8,14.0,14.3,14.6,14.9,15.3,15.8,16.3,16.8,17.4,18.1,18.8,19.7,20.6,21.5,22.4,23.2,23.8,24.4,24.9,25.4,25.8,26.2,26.7,27.2,27.7,28.2,28.6,29.0,29.3,29.6
5.6,5.7,5.8,5.9,6.0,6.1,6.2,6.3,6.3,6.4,6.4,6.5,6.6,6.6,6.7,6.8,7.0,7.1,7.2,7.3,7.4,7.5,7.6,7.7,7.8,7.9,8.0,8.1,8.3,8.4,8.6,8.9,9.1,9.4,9.6,9.8,10.0,10.3,10.5,10.7,10.9,11.1,11.2,11.3,11.4,11.5,11.5,11.6,11.7,11.8,12.0,12.2,12.5,12.8,13.1,13.4,13.5,13.6,13.6,13.7,13.8,13.9,14.0,14.3,14.5,14.8,15.2,15.6,16.1,16.7,17.2,17.8,18.5,19.2,20.0,20.9,21.8,22.7,23.6,24.5,25.3,26.1,26.8,27.4,27.9,28.4,28.9,29.4,29.9,30.4,30.8,31.1,31.4,31.7
6.9,6.9,7.0,7.1,7.2,7.4,7.5,7.6,7.6,7.7,7.8,7.9,8.0,8.1,8.2,8.3,8.5,8.6,8.8,8.9,9.0,9.0,9.1,9.1,9.2,9.3,9.4,9.5,9.5,9.7,9.8,10.0,10.3,10.5,10.8,11.0,11.2,11.4,11.6,11.8,11.9,12.1,12.1,12.1,12.1,12.2,12.2,12.3,12.4,12.5,12.6,12.8,13.1,13.3,13.6,13.8,14.0,14.1,14.2,14.2,14.3,14.4,14.6,14.9,15.2,15.6,16.0,16.5,17.0,17.6,18.3,19.0,19.8,20.6,21.5,22.4,23.2,24.2,25.1,26.0,26.9,27.7,28.5,29.2,29.8,30.4,30.9,31.5,32.0,32.5,32.9,33.3,33.6,33.8
8.3,8.4,8.5,8.6,8.7,8.8,8.9,9.1,9.2,9.3,9.4,9.5,9.6,9.7,9.8,9.9,10.1,10.3,10.5,10.6,10.7,10.8,10.8,10.7,10.7,10.7,10.7,10.7,10.8,10.8,10.9,11.1,11.2,11.5,11.7,11.9,12.1,12.3,12.4,12.5,12.6,12.7,12.7,12.7,12.8,12.8,12.8,12.8,12.9,13.1,13.2,13.4,13.7,13.9,14.1,14.4,14.6,14.8,15.0,15.2,15.3,15.5,15.7,16.0,16.3,16.6,17.1,17.5,18.1,18.7,19.5,20.3,21.1,22.0,22.9,23.8,24.7,25.6,26.5,27.4,28.3,29.1,29.9,30.6,31.3,31.9,32.5,33.1,33.7,34.2,34.7,35.1,35.4,35.6
9.5,9.7,9.8,10.0,10.1,10.2,10.3,10.4,10.5,10.6,10.7,10.8,11.0,11.2,11.3,11.5,11.7,11.9,12.1,12.2,12.3,12.4,12.3,12.2,12.1,11.9,11.8,11.8,11.8,11.8,11.9,12.0,12.2,12.4,12.6,12.8,12.9,13.0,13.0,13.1,13.2,13.2,13.3,13.3,13.4,13.4,13.5,13.6,13.7,13.9,14.1,14.3,14.6,14.8,15.1,15.3,15.6,15.8,16.1,16.4,16.7,17.0,17.3,17.5,17.8,18.1,18.4,18.8,19.3,20.0,20.7,21.5,22.4,23.4,24.3,25.2,26.2,27.1,27.9,28.7,29.5,30.2,30.9,31.5,32.1,32.8,33.4,34.0,34.7,35.3,35.9,36.4,36.8,37.1
10.5,10.7,10.9,11.1,11.2,11.4,11.5,11.5,11.6,11.7,11.8,12.0,12.1,12.4,12.6,12.9,13.1,13.4,13.5,13.6,13.7,13.7,13.6,13.5,13.3,13.0,12.8,12.6,12.5,12.6,12.7,12.9,13.1,13.3,13.5,13.5,13.6,13.6,13.7,13.8,13.9,14.0,14.1,14.2,14.3,14.4,14.5,14.6,14.8,15.1,15.4,15.7,16.0,16.2,16.5,16.7,17.0,17.3,17.7,18.0,18.4,18.8,19.1,19.4,19.8,20.1,20.5,20.9,21.4,22.0,22.7,23.5,24.2,25.0,25.8,26.6,27.4,28.2,28.9,29.5,30.2,30.8,31.4,32.1,32.7,33.3,33.9,34.6,35.4,36.2,36.9,37.5,38.1,38.5
11.4,11.6,11.8,12.0,12.2,12.3,12.4,12.5,12.6,12.6,12.7,12.9,13.0,13.2,13.5,13.7,13.9,14.1,14.2,14.2,14.3,14.3,14.3,14.3,14.1,13.9,13.7,13.5,13.5,13.6,13.8,14.0,14.3,14.4,14.5,14.5,14.6,14.6,14.7,14.9,15.0,15.1,15.3,15.5,15.6,15.8,16.0,16.2,16.5,16.8,17.2,17.5,17.8,18.1,18.4,18.6,18.9,19.2,19.5,19.9,20.4,20.8,21.1,21.5,21.9,22.2,22.6,23.1,23.5,24.1,24.6,25.3,25.9,26.5,27.2,27.8,28.4,28.9,29.5,30.1,30.6,31.2,31.8,32.5,33.2,33.9,34.6,35.4,36.2,36.9,37.6,38.3,38.9,39.4
12.6,12.7,12.9,13.0,13.2,13.3,13.4,13.6,13.7,13.8,14.0,14.1,14.2,14.3,14.4,14.5,14.6,14.7,14.8,14.9,14.9,14.9,14.9,14.9,14.8,14.8,14.8,14.8,14.9,15.2,15.4,15.6,15.8,16.0,16.0,16.0,16.1,16.2,16.3,16.5,16.6,16.8,16.9,17.1,17.3,17.5,17.8,18.1,18.6,19.0,19.4,19.8,20.1,20.3,20.6,20.9,21.2,21.5,21.8,22.1,22.5,22.9,23.2,23.5,23.7,24.0,24.4,24.8,25.3,25.8,26.4,26.9,27.5,28.0,28.6,29.1,29.5,30.0,30.4,30.8,31.3,31.8,32.3,33.0,33.6,34.3,35.0,35.7,36.5,37.2,37.9,38.5,39.1,39.6
13.8,13.9,14.0,14.2,14.3,14.5,14.6,14.8,15.0,15.2,15.4,15.5,15.6,15.6,15.7,15.7,15.7,15.8,15.9,15.9,15.9,15.8,15.8,15.8,15.9,16.1,16.4,16.6,16.8,17.0,17.2,17.4,17.7,17.9,18.0,18.1,18.2,18.2,18.3,18.4,18.5,18.7,18.8,18.9,19.1,19.4,19.8,20.3,20.8,21.4,21.8,22.2,22.4,22.6,22.9,23.1,23.5,23.8,24.2,24.5,24.8,25.1,25.4,25.6,25.8,26.0,26.3,26.6,27.1,27.6,28.1,28.6,29.1,29.6,30.0,30.3,30.6,30.9,31.1,31.4,31.7,32.1,32.6,33.0,33.6,34.1,34.7,35.4,36.1,36.8,37.5,38.1,38.8,39.4
