wind-weather/data/weather/current/current-relative_humidity-isobaric-500hPa-gfs-1.0.json
{"header": {"discipline":0,"disciplineName":"Meteorologicalproducts","gribEdition":2,"gribLength":72043,"center":7,"centerName":"USNationalWeatherService-NCEP(WMC)","subcenter":0,"refTime":"2015-09-28T00:00:00.000Z","significanceOfRT":0,"significanceOfRTName":"Analysis","productStatus":0,"productStatusName":"Operationalproducts","productType":0,"productTypeName":"Analysisproducts","productDefinitionTemplate":0,"productDefinitionTemplateName":"Analysis/forecastathorizontallevel/layeratapointintime","parameterCategory":1,"parameterCategoryName":"Moisture","parameterNumber":1,"parameterNumberName":"Relative_humidity","parameterUnit":"percent","genProcessType":0,"genProcessTypeName":"Analysis","forecastTime":0,"surface1Type":100,"surface1TypeName":"Isobaricsurface","surface1Value":50000.0,"surface2Type":255,"surface2TypeName":"Missing","surface2Value":0.0,"gridDefinitionTemplate":0,"gridDefinitionTemplateName":"Latitude_Longitude","numberPoints":65160,"shape":6,"shapeName":"Earthsphericalwithradiusof6,371,229.0m","gridUnits":"degrees","resolution":48,"winds":"true","scanMode":0,"nx":360,"ny":181,"basicAngle":0,"subDivisions":0,"lo1":0.0,"la1":90.0,"lo2":359.0,"la2":-90.0,"dx":1.0,"dy":1.0}, "data":
[rows 78 to 116 of 181, columns 0 to 87 of 360]
29.8,31.2,31.5,21.5,28.3,24.9,11.3,8.1,13.0,23.3,31.4,33.1,34.6,24.6,19.3,24.2,34.0,39.9,31.4,37.8,43.8,46.5,51.9,70.7,26.7,27.7,55.1,79.0,29.7,100.0,90.3,45.2,42.5,35.1,38.6,68.5,70.7,77.7,25.2,21.4,24.1,35.6,37.9,43.7,24.1,13.1,12.5,10.2,12.1,3.4,2.0,2.9,4.6,7.0,7.2,6.2,5.4,5.1,7.5,7.9,15.8,21.8,20.7,57.5,64.8,72.9,57.4,43.4,53.3,38.3,41.4,56.8,64.1,84.4,86.1,89.9,94.8,99.7,84.9,71.2,72.1,79.2,94.8,100.0,99.4,99.6,97.9,99.0
38.8,25.5,20.4,14.8,22.1,29.2,24.3,9.4,9.4,25.8,31.4,28.9,31.6,23.8,21.5,21.2,26.9,33.6,31.4,35.4,32.5,33.5,41.6,42.5,38.6,37.4,49.9,45.4,45.6,56.5,84.8,94.5,81.2,73.5,83.7,82.7,67.0,64.4,57.0,96.0,52.8,23.8,27.3,25.7,20.2,13.6,7.4,4.6,26.6,14.9,35.3,4.2,4.3,7.1,8.7,8.8,7.5,9.7,12.5,11.0,19.3,25.6,20.9,55.8,55.5,65.1,60.1,68.4,64.6,53.7,51.9,68.1,72.8,85.3,95.7,98.0,98.3,97.4,99.0,73.2,72.1,74.4,80.8,91.0,97.9,97.7,96.6,98.9
59.9,45.3,32.6,32.7,26.5,17.5,25.0,16.6,27.5,35.2,22.8,30.1,31.4,38.1,38.5,38.5,45.4,42.5,33.8,24.9,27.7,51.9,55.6,45.0,23.9,34.0,43.5,51.9,54.7,57.0,75.1,88.6,75.1,83.3,89.9,81.7,76.1,95.9,65.3,33.9,29.7,25.6,21.1,26.1,34.8,30.5,3.2,6.8,13.8,13.7,2.4,4.6,6.7,10.1,12.5,14.1,18.6,20.0,18.5,17.6,22.6,36.0,22.0,43.9,45.7,50.9,71.8,70.3,65.0,81.1,67.8,68.8,69.8,78.6,95.8,99.5,99.6,100.0,97.2,65.6,82.1,86.6,83.2,99.6,97.4,96.9,96.8,97.8
43.2,44.2,17.1,10.0,33.7,43.5,49.6,36.1,35.3,21.7,24.6,22.4,29.9,39.5,43.6,50.2,53.6,51.2,53.2,56.7,52.0,42.8,63.9,73.4,59.1,56.7,64.9,60.2,60.8,72.4,98.7,87.6,90.0,85.0,87.4,80.0,59.4,69.3,75.2,53.4,27.7,33.6,26.0,44.5,48.6,16.4,6.4,0.9,2.3,3.0,5.1,7.7,14.0,19.2,19.4,22.9,25.4,26.2,21.6,20.0,23.2,31.1,28.3,32.8,36.7,34.7,39.4,62.2,75.6,75.9,69.7,64.3,73.0,80.2,98.6,91.6,95.3,96.8,96.9,82.7,79.0,50.7,74.2,88.4,98.8,96.2,95.3,90.1
31.4,28.9,31.4,18.2,17.0,24.8,39.6,36.7,25.4,25.1,50.7,51.7,39.3,45.5,57.9,57.2,51.7,63.8,75.0,72.1,61.2,52.1,65.1,74.2,67.9,81.4,79.3,73.4,61.7,71.0,89.1,95.5,85.0,83.8,82.3,97.3,85.1,89.4,83.7,47.0,30.0,20.0,13.2,17.8,7.7,0.5,0.2,4.8,8.8,5.3,6.8,10.7,18.8,24.1,26.7,29.6,30.8,31.9,25.6,26.6,25.4,22.7,35.8,26.8,25.4,22.9,25.7,47.3,45.9,46.5,63.3,63.5,76.6,78.5,90.5,100.0,96.2,76.4,79.4,91.8,80.1,62.8,76.9,69.9,83.6,86.8,89.6,88.1
44.3,26.2,34.9,40.0,45.3,50.2,48.6,47.6,50.6,67.7,75.9,93.3,70.1,75.0,64.5,52.3,38.4,50.8,70.9,78.9,69.4,65.1,57.4,65.6,70.4,73.3,81.1,74.9,62.4,68.8,95.6,96.7,85.1,85.0,82.2,78.4,55.5,89.0,88.7,48.8,82.8,24.2,15.2,3.4,1.3,2.9,3.2,6.7,5.3,5.6,10.1,16.1,23.7,27.8,32.9,38.6,35.7,37.3,39.7,38.9,39.0,38.0,32.3,39.3,34.0,33.4,35.3,37.3,38.9,34.7,35.0,78.9,74.6,92.4,90.4,91.2,99.0,71.9,63.9,85.6,82.4,77.1,49.4,69.9,89.0,85.1,88.2,90.9
53.5,29.1,39.6,54.5,59.6,56.4,56.1,64.1,83.6,93.7,90.0,74.4,74.0,71.9,65.4,66.2,53.8,54.6,57.7,64.4,65.3,74.1,64.1,62.9,76.7,71.8,75.3,68.8,71.8,67.5,77.2,92.7,70.4,66.3,59.7,46.8,37.8,68.6,22.1,31.8,33.0,5.9,10.8,5.7,6.4,4.5,5.6,5.5,6.0,8.7,13.7,20.3,26.4,32.4,38.0,41.5,41.0,47.2,43.6,40.8,43.6,48.9,51.9,50.3,43.3,40.4,38.1,37.9,38.4,36.9,39.7,40.6,50.9,95.7,100.0,98.7,90.0,88.3,76.9,70.1,72.8,77.7,88.9,91.6,73.5,89.5,90.2,88.9
20.1,19.2,41.5,67.7,68.7,58.9,60.4,68.2,83.9,98.7,93.6,78.6,82.5,83.5,81.3,64.5,57.4,51.3,50.0,53.7,59.4,69.5,68.1,70.8,71.1,70.0,67.3,60.3,66.9,77.9,68.7,68.4,58.9,38.6,27.3,27.4,34.3,21.6,81.4,1.4,10.8,9.8,9.3,7.8,6.7,5.5,4.8,5.5,7.4,11.8,17.0,24.4,30.0,40.1,40.2,42.0,47.4,48.4,42.3,35.6,30.1,27.7,27.9,33.4,35.3,50.4,55.8,45.6,50.3,49.3,51.1,45.8,46.3,45.1,59.0,73.3,91.3,87.0,74.9,79.7,82.4,82.0,76.5,69.7,76.3,92.7,95.2,87.8
10.4,26.3,16.4,52.2,57.1,45.5,69.9,68.1,76.9,91.5,88.5,76.1,69.9,66.1,75.2,81.8,74.4,68.3,65.2,46.9,37.0,51.5,71.2,72.1,75.1,86.3,77.0,75.6,70.7,70.9,80.8,80.3,84.9,68.9,36.9,27.9,20.8,15.9,5.5,4.8,14.4,8.8,7.8,5.9,4.3,4.4,5.5,6.2,8.2,13.1,19.7,26.7,36.9,37.8,37.5,37.4,38.5,38.7,37.0,39.4,41.5,40.1,33.6,31.5,37.7,40.7,37.6,37.6,45.5,49.1,51.9,50.2,50.3,52.8,50.6,59.0,64.9,57.7,63.3,58.1,58.3,65.3,82.1,95.1,84.6,86.1,90.3,90.8
0.9,7.6,13.8,54.3,37.1,57.6,42.3,53.8,46.4,46.9,55.6,72.8,67.6,58.5,72.7,86.6,81.3,70.6,68.2,67.7,42.8,67.2,75.6,84.2,88.4,83.7,94.5,69.9,75.9,80.6,88.1,79.2,90.0,87.3,59.8,22.4,11.9,10.2,15.1,18.5,12.6,8.9,7.6,5.4,6.2,5.9,6.7,7.1,10.0,15.4,23.2,31.3,34.9,37.9,40.1,41.5,41.7,42.2,39.5,40.6,41.5,41.9,43.7,45.6,40.4,38.2,46.5,58.4,49.9,50.7,43.1,45.1,52.9,53.7,49.4,50.8,54.8,57.8,56.6,57.2,66.2,74.7,80.2,77.2,89.3,97.8,97.8,95.5
0.2,3.8,7.1,38.6,56.6,46.5,51.0,35.7,43.0,53.6,47.8,63.1,66.4,54.2,69.4,79.0,75.3,67.7,57.1,52.1,53.7,72.9,84.7,82.9,81.6,86.8,91.6,70.4,91.8,96.5,91.5,77.3,76.2,76.4,68.5,22.6,22.6,22.3,13.9,10.6,8.2,6.3,6.0,8.2,10.5,9.6,8.4,7.8,13.1,19.3,26.6,29.1,36.9,45.9,52.1,53.3,50.2,43.7,43.5,40.8,40.1,45.2,53.5,56.4,52.0,56.8,61.7,61.4,60.8,58.9,56.2,52.3,54.4,58.0,54.8,59.7,68.8,73.8,77.1,79.6,80.2,84.1,85.2,87.1,94.6,90.2,87.2,89.6
2.4,6.0,21.8,27.0,16.2,27.1,39.6,41.1,36.4,37.0,45.5,47.8,48.9,43.5,62.6,71.9,71.4,68.9,63.8,61.3,62.8,59.9,81.4,83.0,82.8,89.9,89.5,74.4,91.8,96.1,98.0,92.1,85.7,79.3,92.3,56.9,26.1,7.6,8.9,7.2,9.3,11.3,7.1,13.0,13.9,10.0,7.8,7.3,12.8,19.7,23.1,28.4,39.9,59.8,60.9,48.9,39.9,35.7,33.3,35.1,41.8,52.6,65.3,68.5,70.7,71.9,72.3,67.9,63.6,63.9,62.2,62.3,56.6,58.6,55.4,61.9,68.8,75.3,81.3,82.2,87.5,86.8,85.8,90.0,82.1,73.1,72.5,79.2
5.0,8.0,6.7,6.0,0.8,26.0,20.8,40.4,33.9,18.3,31.1,42.3,31.1,29.7,51.5,57.2,65.8,63.8,59.0,63.0,67.1,75.9,59.7,73.0,80.9,84.9,72.4,87.3,87.8,94.4,84.6,100.0,86.1,97.6,95.0,66.8,26.2,24.2,10.9,6.9,14.4,8.1,18.5,16.2,14.0,8.1,6.1,8.8,14.7,21.1,24.4,34.5,48.2,66.4,60.6,53.1,57.5,63.8,63.7,64.2,74.7,80.0,82.8,81.9,80.9,78.1,71.8,63.3,63.5,65.4,62.1,62.5,67.0,73.2,59.1,70.0,77.5,73.2,73.5,77.0,80.7,77.3,75.7,44.6,51.3,69.7,66.9,84.6
6.9,7.3,7.7,8.6,14.1,13.9,19.3,23.5,29.0,19.3,18.6,17.4,36.4,38.8,45.7,48.1,53.6,56.2,54.2,58.9,65.4,70.1,68.3,67.0,75.6,85.6,80.8,87.5,96.6,96.5,82.6,82.9,89.8,99.4,84.6,53.8,19.6,24.9,13.6,9.4,10.3,13.7,11.8,12.4,12.1,10.6,9.9,11.2,18.5,24.0,40.2,63.5,74.8,72.5,71.3,75.5,80.5,84.7,91.7,95.5,95.7,94.9,93.9,90.7,87.8,82.3,77.8,76.5,72.0,70.9,65.9,78.5,76.8,74.0,79.2,75.8,67.8,61.2,54.0,63.9,80.4,73.7,73.2,47.5,40.1,49.6,67.8,85.4
5.2,7.9,9.3,9.2,12.8,16.7,18.6,22.9,21.8,16.0,32.7,29.0,30.0,37.0,36.2,40.8,46.0,53.0,57.2,59.6,59.6,65.6,63.4,65.4,78.5,81.7,82.6,91.3,98.4,82.4,78.4,81.0,77.6,86.7,86.2,49.7,24.2,28.0,16.8,12.0,12.7,14.7,15.4,14.4,16.5,11.2,13.8,13.3,21.8,28.9,57.3,73.2,74.0,79.3,86.6,89.6,88.5,85.7,94.0,95.7,95.3,95.1,90.0,87.0,89.7,90.3,86.7,89.9,80.5,69.3,66.8,78.0,79.6,80.3,63.7,46.0,29.6,23.4,40.6,56.0,39.8,70.6,27.4,20.6,22.2,64.7,72.1,87.3
8.3,8.6,9.1,9.1,7.1,7.3,7.4,12.5,16.3,23.0,25.7,28.9,29.7,27.9,36.9,40.5,48.6,49.4,52.8,55.3,59.7,63.7,58.7,52.9,75.1,72.6,79.2,86.1,100.0,81.0,85.2,86.6,79.5,73.3,77.0,52.0,28.7,30.4,21.4,15.1,14.2,17.6,16.3,12.7,16.8,21.1,21.6,23.0,26.3,46.9,69.4,82.4,81.5,87.4,88.6,81.1,84.4,84.3,91.6,97.8,96.6,91.6,97.2,83.5,92.3,97.3,98.1,96.8,95.6,92.0,92.3,62.6,76.9,77.1,88.3,89.5,66.2,33.1,10.0,29.8,55.9,33.8,21.3,29.3,36.5,68.4,75.4,80.2
5.5,8.0,8.0,6.8,7.9,8.7,12.2,18.3,17.4,20.1,20.8,31.2,35.1,23.7,19.1,27.8,50.7,46.7,47.8,49.0,59.7,56.8,54.5,51.4,77.5,78.4,75.5,88.5,96.7,75.7,66.2,80.5,71.6,78.3,72.7,52.1,25.5,28.1,21.9,20.7,21.5,23.9,19.3,12.2,25.3,38.8,30.0,27.0,41.2,72.8,78.8,84.3,85.1,86.4,85.2,83.6,84.7,88.9,96.2,97.1,90.2,70.4,62.1,57.7,74.4,97.2,97.1,96.9,94.6,94.0,80.8,70.8,80.6,86.5,93.3,83.4,58.0,50.9,55.9,20.9,22.6,41.9,48.2,30.2,22.5,59.5,73.3,79.6
4.7,4.8,3.6,3.9,4.5,5.1,7.0,8.8,6.9,7.7,12.5,25.6,28.2,24.3,15.8,30.1,28.0,41.6,44.0,52.2,62.2,65.7,73.2,68.2,83.0,83.8,74.9,80.6,87.3,90.9,78.4,74.7,56.7,80.2,43.0,33.9,19.3,25.7,22.4,22.8,24.9,24.9,29.1,30.2,36.8,36.2,72.1,81.2,87.4,96.2,87.3,92.7,94.9,89.5,86.0,86.1,84.3,74.1,65.5,70.7,66.8,60.1,49.5,54.6,68.0,83.0,86.0,94.7,97.1,95.8,94.8,95.3,88.1,88.6,95.1,83.5,73.7,73.2,21.9,5.2,7.6,43.3,69.4,37.1,25.5,27.5,56.3,64.3
5.4,4.4,4.2,5.6,4.4,7.3,5.6,4.2,6.8,10.4,15.3,22.4,27.5,30.5,29.4,30.6,20.2,43.2,45.5,57.5,64.9,74.6,81.9,79.1,74.3,87.2,91.3,83.6,74.6,81.4,85.9,80.6,64.3,65.5,49.3,30.7,19.9,25.8,23.1,23.9,24.6,29.6,32.5,37.6,43.6,61.7,89.8,95.6,86.8,99.3,98.4,98.1,86.8,72.6,62.3,52.5,39.0,28.7,23.2,49.1,50.5,31.3,25.2,50.2,49.3,46.3,72.6,84.1,96.2,91.0,82.5,84.7,91.2,96.6,85.4,77.5,82.1,75.5,36.2,9.1,13.8,3.5,19.1,9.4,12.6,13.6,35.0,46.0
6.1,6.0,6.3,6.4,5.2,3.7,8.1,9.3,8.9,13.8,18.7,23.8,32.7,38.8,33.9,29.2,27.7,19.4,49.6,54.1,66.6,74.9,80.6,73.0,82.4,81.7,96.4,87.4,83.7,84.6,80.1,68.8,57.7,56.5,60.5,39.1,22.9,25.3,26.4,23.2,26.1,41.0,54.5,59.3,84.7,93.1,88.4,98.9,98.8,79.3,73.3,72.0,75.1,66.8,53.4,38.5,11.7,0.0,0.0,0.0,2.1,6.5,4.8,4.7,18.3,37.7,71.9,83.8,81.2,95.0,89.9,69.6,84.6,78.6,78.9,87.3,96.1,84.6,64.2,20.7,37.3,18.6,32.4,10.2,2.8,9.1,27.3,33.0
8.1,8.5,8.3,6.7,6.2,6.9,7.6,8.5,9.3,13.6,17.8,19.7,23.5,28.9,35.8,33.6,27.6,29.2,40.0,42.6,51.9,59.4,74.0,76.4,73.6,65.9,54.0,71.6,74.1,76.6,81.5,73.3,58.7,55.3,49.5,35.0,33.7,23.5,26.9,21.1,27.2,42.0,60.5,72.8,83.9,87.7,78.0,88.0,80.5,71.7,67.4,67.9,47.6,21.2,16.0,19.9,16.7,8.7,6.1,5.5,5.6,5.0,2.2,0.0,7.0,25.4,54.4,67.5,74.5,82.8,78.8,96.4,88.5,88.0,93.8,96.4,94.5,91.0,55.6,42.7,46.4,32.7,11.2,6.7,1.0,5.0,10.5,18.5
9.6,10.6,11.5,10.5,9.2,8.2,8.9,9.8,7.9,6.7,8.0,10.3,15.5,21.5,24.5,24.3,23.9,34.6,18.5,26.2,46.1,33.8,49.7,45.9,58.1,70.7,56.9,62.6,56.4,60.8,83.6,82.6,72.3,71.4,72.7,45.9,39.8,34.3,23.1,20.2,26.8,41.2,58.3,76.6,85.1,85.6,86.0,83.9,77.3,61.6,61.5,61.9,45.0,29.2,29.9,28.7,22.5,14.6,12.0,10.5,9.8,11.9,8.7,2.8,0.3,6.3,21.8,41.5,57.7,76.3,77.6,79.2,88.1,97.8,92.5,98.5,98.2,82.5,43.9,49.9,56.6,59.9,35.9,2.7,0.4,1.9,3.4,6.8
12.9,13.6,14.7,16.0,16.0,15.3,15.8,16.1,14.1,12.2,10.0,9.3,9.3,10.5,14.6,10.9,23.4,18.8,15.5,7.9,9.4,57.1,46.8,51.5,45.5,37.6,50.6,44.3,42.6,75.9,74.8,79.1,58.2,58.7,73.4,64.3,49.0,41.6,23.9,21.8,26.2,47.0,70.6,77.1,95.3,88.9,84.9,82.8,78.8,55.3,55.5,57.1,51.7,45.9,35.6,27.3,19.7,17.8,19.9,23.4,24.5,21.4,15.9,14.4,6.8,1.6,1.8,11.9,27.6,55.6,70.7,78.7,79.9,83.6,91.3,97.9,100.0,78.7,32.2,85.1,52.6,57.6,68.5,7.0,11.4,7.8,7.1,4.6
14.4,16.9,19.1,19.1,17.6,17.6,16.9,14.6,14.1,14.9,14.3,10.6,8.5,7.5,4.9,11.3,12.3,29.2,48.4,56.6,12.7,33.9,32.7,24.1,70.7,51.7,49.5,53.2,57.7,59.4,47.3,61.0,64.8,67.7,65.2,71.1,63.8,42.1,33.2,22.2,25.5,39.4,86.6,77.8,77.7,68.9,82.5,74.2,66.5,63.2,60.1,60.5,57.5,49.4,38.5,27.2,22.2,21.1,22.8,25.0,26.4,25.9,22.3,20.9,19.6,11.8,4.0,3.7,2.8,12.0,30.9,58.3,82.3,89.6,82.0,89.6,89.0,59.5,48.1,58.9,56.3,63.0,51.9,47.0,12.3,16.7,10.1,10.1
11.0,16.7,18.1,18.8,20.1,19.7,18.4,17.5,15.5,13.3,11.9,8.9,7.9,11.1,6.6,18.2,21.6,28.7,22.2,48.5,28.1,42.9,36.9,40.1,34.1,33.3,11.3,52.5,61.5,53.1,36.2,22.9,27.7,44.7,55.1,60.1,57.9,54.3,25.5,21.9,25.4,30.4,55.0,76.6,74.1,67.5,79.3,70.5,69.6,66.9,65.6,65.7,63.4,53.3,36.3,27.2,27.5,28.9,26.3,22.9,20.5,18.9,18.2,18.1,20.5,21.3,18.2,13.0,6.7,5.8,9.1,13.4,36.9,59.8,81.1,80.5,80.5,64.4,33.0,40.0,36.9,81.3,63.4,21.5,4.9,13.8,13.8,15.0
12.1,14.3,17.2,18.3,19.0,21.4,17.9,16.7,13.8,11.5,10.2,7.8,9.9,13.1,43.3,62.9,76.1,77.9,55.7,63.4,50.9,51.5,37.2,36.9,33.8,28.0,25.6,45.3,45.6,40.6,24.3,13.7,10.3,10.1,27.9,46.5,39.4,33.5,42.6,17.0,24.1,25.6,26.9,63.7,75.0,87.7,70.8,68.4,67.8,69.3,69.0,72.4,53.8,37.4,32.6,30.5,25.2,20.1,19.2,20.9,21.5,21.1,19.8,17.7,17.5,18.6,20.2,18.8,17.6,12.6,9.2,7.8,4.9,8.8,27.5,41.8,47.3,40.1,33.0,26.7,41.5,79.2,71.3,55.4,23.8,11.1,8.1,11.2
15.9,15.6,15.7,18.8,18.2,19.0,18.5,14.1,14.0,10.8,9.9,8.8,14.9,25.1,24.1,32.2,62.4,76.2,95.5,79.9,73.9,57.5,41.3,33.7,36.1,35.8,41.5,40.0,24.9,16.5,29.5,12.4,7.5,8.9,18.8,13.6,12.4,12.7,28.0,38.2,16.9,23.6,30.3,33.6,78.2,78.4,60.9,58.6,56.6,81.2,64.4,64.9,54.7,42.4,36.8,28.3,19.0,18.3,21.1,19.0,14.6,11.6,9.6,9.9,9.8,9.3,10.0,11.4,12.6,12.1,11.6,12.8,10.0,5.9,4.6,5.5,9.7,19.9,27.0,74.9,78.6,83.2,76.7,46.4,21.0,2.6,8.3,5.0
16.0,18.5,21.3,20.2,20.2,18.3,19.6,17.8,15.5,10.7,11.9,8.7,16.5,29.7,49.7,100.0,89.7,76.8,80.6,81.1,77.6,60.2,40.7,44.2,32.1,14.8,12.2,1.3,3.3,10.3,12.5,4.4,3.6,5.3,2.8,3.6,8.4,22.2,18.9,36.7,27.0,19.1,23.8,32.8,49.9,64.3,51.3,43.8,51.6,59.0,55.3,53.7,46.9,43.1,34.6,21.1,12.5,8.3,4.8,3.0,2.5,2.7,4.0,4.2,3.5,3.1,2.8,3.3,3.7,4.8,6.2,7.7,7.9,8.5,9.3,7.5,4.4,4.6,11.8,42.2,83.5,92.7,81.3,46.1,21.6,4.3,0.1,2.2
22.7,20.2,20.3,23.9,22.8,23.5,27.7,27.0,20.1,11.6,15.1,14.2,14.8,32.5,36.6,64.8,67.4,75.4,73.7,72.7,61.2,41.3,28.8,37.4,14.0,9.3,0.5,0.1,2.2,8.9,39.4,6.7,7.2,3.5,3.7,3.4,3.5,6.1,10.9,19.1,39.9,22.7,24.0,25.2,34.4,46.6,46.6,39.9,27.8,42.3,32.1,32.0,25.3,19.1,13.2,6.5,3.5,2.2,1.4,1.3,1.2,1.6,1.3,1.2,1.2,1.2,1.1,0.9,1.0,1.0,1.4,2.2,3.8,5.9,7.1,6.1,9.7,5.9,8.4,8.1,51.3,80.7,89.9,65.4,24.0,3.7,7.3,9.2
22.0,23.5,26.2,23.0,25.0,24.2,30.4,33.8,30.5,18.7,14.7,16.2,28.2,19.6,23.0,35.8,51.8,33.8,51.3,52.8,36.6,24.2,14.6,5.8,8.6,1.8,2.1,2.2,1.5,1.1,1.8,3.7,3.0,2.4,3.2,3.4,3.6,3.8,3.4,5.3,19.2,38.6,20.3,23.9,25.1,30.4,34.8,36.5,42.3,37.6,24.8,16.9,10.2,5.5,4.1,3.0,1.9,1.5,1.4,1.3,1.1,0.9,1.3,1.5,1.6,1.6,1.6,1.8,1.6,1.3,1.1,0.9,1.0,1.5,2.7,3.3,2.1,61.9,63.0,10.9,4.1,2.0,42.1,42.7,13.2,6.6,5.9,12.4
36.0,29.7,23.6,27.5,23.3,24.5,27.1,34.5,38.4,32.8,25.5,21.4,21.1,31.0,32.3,43.4,29.6,62.5,34.1,25.6,32.1,20.0,11.1,2.1,0.8,1.2,3.7,3.3,4.1,4.1,4.4,1.6,0.9,4.4,4.5,3.7,3.1,3.2,4.4,5.4,7.1,25.0,36.2,20.5,20.4,23.4,27.7,33.5,37.9,35.2,19.9,7.8,3.9,3.7,2.7,1.5,1.5,1.6,1.6,1.4,1.2,1.4,1.5,1.6,1.6,1.7,2.1,2.1,2.0,1.8,1.6,1.3,1.1,1.0,1.4,2.1,2.6,4.9,24.8,15.4,16.0,21.4,11.0,26.9,2.7,0.0,2.3,15.1
21.8,23.7,34.4,31.5,29.1,25.6,25.8,28.5,35.3,37.9,34.4,27.1,29.9,33.7,40.7,46.0,62.2,63.2,60.5,42.4,21.3,16.1,10.0,5.8,4.0,3.2,1.7,3.4,4.6,5.2,3.9,4.9,4.2,3.1,2.9,2.9,2.7,4.2,3.8,4.1,8.4,13.8,25.6,29.8,18.4,16.4,17.4,28.6,28.2,22.4,10.5,2.7,3.6,2.6,1.5,1.4,1.8,1.7,1.6,1.6,1.8,2.0,2.2,2.1,1.8,1.8,2.2,2.5,2.5,2.5,2.2,1.7,1.4,1.4,2.0,2.9,2.5,4.1,7.2,10.6,12.3,60.5,95.7,70.5,41.6,30.0,23.0,27.5
12.6,14.8,25.8,40.4,37.9,34.0,26.3,26.2,29.4,33.7,34.0,28.7,27.5,38.0,53.2,60.6,81.1,70.3,69.2,64.5,43.8,12.7,5.0,2.3,2.2,3.8,5.0,5.8,5.4,4.9,4.2,3.5,3.4,4.1,3.6,3.9,2.8,4.5,6.9,4.7,0.6,6.3,22.0,28.3,20.1,14.4,15.4,19.2,19.3,13.9,5.2,4.7,2.4,1.6,1.4,1.5,1.8,1.9,2.2,2.3,2.4,2.6,2.7,2.7,2.3,1.9,2.2,2.8,3.3,3.3,3.2,2.6,1.8,1.5,2.4,3.7,3.9,3.1,3.1,4.6,12.0,11.5,6.9,10.0,1.6,31.0,49.2,67.9
4.3,10.8,18.9,27.5,44.6,45.7,33.8,25.1,24.9,30.1,29.6,31.6,30.6,37.5,52.9,76.5,100.0,74.4,72.1,66.8,73.3,51.3,20.2,14.5,11.6,2.9,5.8,5.3,5.7,5.3,4.5,3.4,3.8,4.6,4.3,2.9,3.1,5.5,6.3,5.3,5.0,2.0,8.6,25.1,31.5,15.1,13.2,9.9,12.0,10.5,6.3,2.7,2.0,1.7,1.5,2.0,2.4,2.6,2.9,2.8,2.8,3.1,3.4,3.4,3.2,2.4,2.4,3.3,3.9,4.3,4.4,4.1,3.2,2.2,2.0,2.5,3.0,2.8,2.5,2.5,3.7,4.8,3.1,0.4,8.5,51.4,100.0,97.8
5.5,19.5,25.1,25.3,33.6,49.4,43.2,28.9,22.1,22.1,27.0,26.6,27.6,27.5,51.4,57.4,90.9,95.8,88.7,70.2,72.2,76.4,47.2,23.9,5.6,2.6,7.2,6.4,6.8,6.7,4.8,3.4,3.8,3.9,3.5,4.0,3.5,6.5,6.7,5.0,8.7,5.5,2.9,27.3,24.4,16.5,12.0,6.8,8.2,8.6,5.7,2.4,1.5,2.1,2.7,3.5,3.9,3.9,3.8,3.7,3.7,3.9,4.0,4.2,4.3,4.0,3.5,3.8,4.5,5.0,6.0,6.1,5.6,4.4,3.2,2.5,2.4,2.6,2.5,2.7,3.2,3.6,4.1,5.5,5.1,9.2,21.7,23.1
6.7,23.2,28.6,26.2,31.0,41.3,47.7,35.5,22.4,21.0,20.2,21.6,19.8,21.4,25.1,49.8,56.5,69.9,83.4,99.5,69.0,81.5,79.4,67.6,27.9,4.2,9.3,8.9,10.5,8.5,5.8,4.1,4.3,3.3,3.3,3.8,4.1,7.2,6.5,5.5,7.8,5.0,6.3,22.8,22.3,15.5,8.7,7.2,8.1,8.4,3.9,2.3,2.0,2.9,4.2,5.5,5.6,5.0,4.6,4.7,4.6,4.6,4.5,4.4,4.6,5.2,5.6,5.0,5.1,5.7,6.9,8.0,8.4,8.1,6.9,5.1,3.4,2.4,2.6,3.4,4.2,4.3,4.2,4.1,3.9,3.3,4.1,4.5
6.0,15.6,25.7,22.7,24.4,32.7,44.2,45.0,27.8,21.4,20.8,17.5,18.6,18.8,20.0,22.2,41.7,63.2,54.8,89.3,82.8,75.8,72.5,53.1,36.4,15.2,10.2,13.5,12.5,9.0,8.0,5.8,4.8,3.8,4.4,4.2,4.6,7.8,8.1,7.0,7.3,6.1,15.7,22.4,22.6,15.1,7.0,8.2,9.3,7.4,4.4,1.7,2.6,3.8,5.9,6.0,5.8,4.9,4.5,4.6,4.4,4.5,4.9,4.5,4.4,5.3,6.4,7.6,7.3,6.7,7.5,8.2,10.0,11.7,11.8,10.5,8.8,6.5,3.9,2.8,3.1,4.6,5.6,5.5,4.7,4.3,4.3,4.1
10.2,11.3,22.9,22.9,20.5,25.1,35.9,43.4,39.1,25.7,20.5,19.2,20.2,19.5,19.0,16.8,17.1,45.2,48.9,59.9,82.4,75.4,70.8,46.5,44.8,35.9,14.1,11.6,12.9,8.8,6.2,5.8,6.2,3.9,4.5,4.4,5.2,7.3,8.0,7.7,9.1,19.8,27.1,25.7,21.1,13.1,7.7,10.8,10.7,6.3,2.7,2.4,3.1,4.6,5.7,5.4,5.6,5.1,4.5,4.3,3.7,3.6,4.3,5.0,5.6,6.5,7.5,7.7,8.2,9.0,9.1,10.3,11.1,12.3,14.2,15.2,15.1,13.6,10.7,7.6,5.2,3.3,2.4,2.9,3.9,4.4,4.5,3.8
20.2,12.0,19.8,27.4,20.0,20.0,23.6,34.9,40.1,32.6,21.3,17.4,18.4,18.5,17.4,15.9,15.5,21.2,32.7,42.4,53.6,49.0,53.8,47.0,30.6,31.5,40.7,17.0,10.8,9.5,6.5,6.3,7.1,3.5,3.6,3.5,5.4,6.0,7.1,8.0,10.0,14.0,12.7,17.5,17.5,14.4,9.2,11.6,9.2,5.1,2.3,4.6,3.7,4.8,5.4,5.8,6.2,5.8,4.8,4.5,4.1,4.1,4.7,6.2,7.6,9.0,10.1,10.4,11.4,11.6,10.5,11.0,12.7,14.2,14.9,16.3,17.5,18.3,18.4,17.2,13.9,10.3,7.2,4.4,2.8,2.3,2.1,1.9
