wind-weather/data/weather/current/current-wind-isobaric-10hPa-gfs-1.0.json
{"header": {"discipline":0,"disciplineName":"Meteorologicalproducts","gribEdition":2,"gribLength":43403,"center":7,"centerName":"USNationalWeatherService-NCEP(WMC)","subcenter":0,"refTime":"2015-05-15T06:00:00.000Z","significanceOfRT":0,"significanceOfRTName":"Analysis","productStatus":0,"productStatusName":"Operationalproducts","productType":0,"productTypeName":"Analysisproducts","productDefinitionTemplate":0,"productDefinitionTemplateName":"Analysis/forecastathorizontallevel/layeratapointintime","parameterCategory":2,"parameterCategoryName":"Momentum","parameterNumber":2,"parameterNumberName":"U-component_of_wind","parameterUnit":"m.s-1","genProcessType":0,"genProcessTypeName":"Analysis","forecastTime":0,"surface1Type":100,"surface1TypeName":"Isobaricsurface","surface1Value":1000.0,"surface2Type":255,"surface2TypeName":"Missing","surface2Value":0.0,"gridDefinitionTemplate":0,"gridDefinitionTemplateName":"Latitude_Longitude","numberPoints":65160,"shape":6,"shapeName":"Earthsphericalwithradiusof6,371,229.0m","gridUnits":"degrees","resolution":48,"winds":"true","scanMode":0,"nx":360,"ny":181,"basicAngle":0,"subDivisions":0,"lo1":0.0,"la1":90.0,"lo2":359.0,"la2":-90.0,"dx":1.0,"dy":1.0}, "data":
[rows 136 to 169 of 181, columns 78 to 155 of 360]
32.37,31.98,31.51,31.0,30.52,30.15,29.88,29.7,29.59,29.53,29.5,29.5,29.57,29.7,29.87,30.09,30.31,30.52,30.72,30.92,31.13,31.33,31.55,31.84,32.23,32.7,33.16,33.59,33.99,34.25,34.28,34.21,34.09,33.97,33.94,34.0,34.08,34.23,34.41,34.6,34.8,35.01,35.29,35.73,36.4,37.06,37.56,37.86,37.92,37.67,37.19,36.61,35.95,35.22,34.5,33.82,33.12,32.41,31.7,31.01,30.33,29.66,29.0,28.37,27.78,27.17,26.5,25.76,24.98,24.24,23.61,23.05,22.56,22.1,21.61,21.08,20.51,19.9
34.04,33.61,33.12,32.55,31.97,31.49,31.13,30.89,30.73,30.61,30.51,30.41,30.36,30.37,30.45,30.58,30.73,30.87,30.97,31.08,31.2,31.34,31.51,31.75,32.11,32.56,33.06,33.55,34.01,34.45,34.82,35.01,35.08,35.07,35.04,35.07,35.11,35.15,35.27,35.43,35.63,35.85,36.05,36.27,36.61,37.06,37.5,37.94,38.39,38.76,38.98,39.01,38.87,38.57,38.21,37.85,37.43,36.92,36.36,35.76,35.15,34.53,33.91,33.32,32.8,32.29,31.74,31.08,30.34,29.61,28.96,28.42,27.97,27.57,27.16,26.71,26.22,25.69
35.54,35.09,34.59,34.02,33.4,32.8,32.33,32.01,31.82,31.71,31.61,31.48,31.36,31.28,31.27,31.33,31.4,31.48,31.53,31.55,31.58,31.65,31.78,31.98,32.25,32.58,32.98,33.4,33.83,34.24,34.64,34.99,35.23,35.34,35.4,35.49,35.62,35.77,35.96,36.17,36.35,36.54,36.75,36.97,37.27,37.65,38.03,38.41,38.76,39.06,39.35,39.61,39.79,39.87,39.89,39.94,39.97,39.9,39.69,39.38,39.02,38.63,38.22,37.81,37.47,37.14,36.77,36.26,35.61,34.91,34.26,33.73,33.34,33.05,32.77,32.42,31.99,31.5
36.88,36.42,35.93,35.4,34.81,34.19,33.61,33.16,32.86,32.69,32.59,32.5,32.4,32.31,32.28,32.29,32.33,32.37,32.38,32.38,32.38,32.39,32.46,32.6,32.82,33.06,33.33,33.65,33.99,34.34,34.67,34.96,35.19,35.34,35.48,35.63,35.81,36.02,36.29,36.58,36.85,37.09,37.3,37.45,37.62,37.89,38.24,38.67,39.15,39.59,39.98,40.31,40.56,40.71,40.8,40.87,40.98,41.1,41.14,41.09,41.0,40.88,40.72,40.56,40.44,40.37,40.24,39.95,39.46,38.81,38.16,37.64,37.3,37.13,37.02,36.86,36.6,36.21
38.16,37.72,37.26,36.82,36.34,35.81,35.22,34.65,34.16,33.8,33.59,33.47,33.41,33.38,33.39,33.43,33.47,33.5,33.53,33.58,33.64,33.68,33.71,33.79,33.92,34.09,34.3,34.54,34.79,35.04,35.29,35.49,35.61,35.66,35.71,35.83,36.01,36.22,36.48,36.8,37.13,37.46,37.73,37.89,38.02,38.17,38.39,38.68,39.05,39.47,39.92,40.39,40.86,41.26,41.54,41.73,41.87,41.99,42.06,42.11,42.14,42.15,42.1,42.02,41.96,41.96,41.94,41.81,41.47,40.89,40.23,39.68,39.31,39.15,39.13,39.16,39.14,39.0
39.59,39.17,38.76,38.41,38.08,37.71,37.24,36.65,36.01,35.42,34.98,34.71,34.59,34.58,34.63,34.73,34.81,34.87,34.94,35.06,35.21,35.35,35.46,35.53,35.6,35.67,35.77,35.94,36.13,36.34,36.55,36.71,36.76,36.71,36.61,36.55,36.57,36.65,36.79,37.03,37.34,37.67,37.97,38.22,38.41,38.58,38.8,39.07,39.4,39.74,40.08,40.43,40.81,41.25,41.67,42.0,42.22,42.36,42.47,42.59,42.74,42.88,42.99,43.05,43.06,43.04,42.99,42.9,42.67,42.23,41.66,41.12,40.69,40.41,40.29,40.33,40.43,40.47
41.29,40.89,40.54,40.26,40.05,39.84,39.53,39.04,38.4,37.68,37.02,36.52,36.23,36.13,36.18,36.32,36.45,36.54,36.63,36.76,36.94,37.16,37.38,37.55,37.63,37.65,37.66,37.68,37.75,37.87,38.01,38.12,38.16,38.12,38.02,37.89,37.8,37.73,37.69,37.71,37.85,38.06,38.3,38.54,38.75,38.97,39.23,39.54,39.85,40.13,40.43,40.77,41.21,41.71,42.21,42.61,42.82,42.86,42.83,42.82,42.88,43.01,43.2,43.37,43.46,43.48,43.45,43.38,43.23,42.93,42.54,42.13,41.74,41.38,41.14,41.07,41.16,41.28
43.29,42.92,42.62,42.39,42.23,42.09,41.88,41.51,40.97,40.29,39.55,38.86,38.33,38.03,37.96,38.04,38.18,38.34,38.47,38.63,38.82,39.04,39.27,39.49,39.64,39.7,39.69,39.66,39.64,39.64,39.63,39.58,39.49,39.4,39.3,39.22,39.14,39.07,38.99,38.92,38.92,38.98,39.1,39.25,39.44,39.68,39.98,40.28,40.51,40.68,40.88,41.18,41.61,42.14,42.67,43.12,43.4,43.5,43.46,43.37,43.33,43.4,43.57,43.77,43.9,43.94,43.91,43.84,43.72,43.52,43.25,42.94,42.56,42.13,41.74,41.48,41.39,41.44
45.42,45.14,44.89,44.67,44.47,44.29,44.1,43.84,43.47,42.98,42.35,41.65,40.99,40.47,40.13,39.96,39.95,40.05,40.21,40.44,40.69,40.89,41.05,41.19,41.31,41.42,41.49,41.53,41.55,41.54,41.49,41.34,41.1,40.85,40.66,40.52,40.42,40.35,40.3,40.27,40.25,40.26,40.29,40.34,40.47,40.72,41.04,41.32,41.52,41.68,41.88,42.15,42.49,42.88,43.29,43.67,43.95,44.02,43.92,43.77,43.66,43.72,43.93,44.2,44.45,44.62,44.71,44.73,44.71,44.64,44.49,44.23,43.86,43.41,42.92,42.44,42.04,41.82
47.84,47.6,47.34,47.04,46.7,46.37,46.12,45.94,45.79,45.55,45.11,44.51,43.85,43.21,42.67,42.25,41.98,41.91,42.0,42.19,42.47,42.7,42.84,42.91,42.92,42.96,43.03,43.07,43.09,43.15,43.2,43.14,42.94,42.65,42.36,42.11,41.94,41.82,41.78,41.79,41.85,41.89,41.88,41.83,41.86,42.02,42.26,42.48,42.69,42.88,43.07,43.24,43.43,43.67,44.02,44.39,44.63,44.68,44.62,44.58,44.57,44.58,44.61,44.68,44.83,45.05,45.27,45.45,45.57,45.61,45.56,45.37,45.07,44.69,44.23,43.66,43.06,42.59
50.46,50.23,49.92,49.5,48.97,48.45,48.09,47.97,47.96,47.88,47.6,47.13,46.5,45.8,45.15,44.6,44.17,43.91,43.81,43.84,43.99,44.22,44.47,44.66,44.72,44.71,44.69,44.62,44.52,44.48,44.56,44.66,44.65,44.47,44.22,43.95,43.71,43.55,43.48,43.53,43.66,43.79,43.82,43.77,43.72,43.76,43.86,44.02,44.23,44.42,44.55,44.59,44.58,44.64,44.78,44.9,44.97,45.07,45.27,45.52,45.63,45.53,45.32,45.21,45.29,45.51,45.78,46.0,46.14,46.2,46.17,46.02,45.78,45.43,44.99,44.45,43.85,43.29
53.0,52.8,52.47,51.98,51.38,50.81,50.41,50.27,50.29,50.26,50.05,49.65,49.06,48.34,47.65,47.05,46.56,46.14,45.76,45.48,45.38,45.51,45.78,46.09,46.34,46.47,46.45,46.33,46.14,45.97,45.89,45.96,46.07,46.09,45.99,45.81,45.59,45.39,45.29,45.33,45.5,45.7,45.82,45.84,45.82,45.83,45.9,46.0,46.14,46.28,46.37,46.38,46.36,46.31,46.15,45.96,45.93,46.15,46.51,46.68,46.5,46.13,45.85,45.77,45.89,46.15,46.42,46.58,46.65,46.68,46.66,46.57,46.36,46.0,45.53,45.01,44.48,43.95
55.4,55.19,54.86,54.39,53.85,53.34,53.0,52.86,52.83,52.75,52.56,52.22,51.68,51.0,50.3,49.68,49.12,48.54,47.92,47.32,46.95,46.89,47.02,47.29,47.64,47.94,48.08,48.03,47.86,47.65,47.43,47.32,47.36,47.48,47.55,47.52,47.39,47.22,47.07,47.05,47.17,47.38,47.56,47.65,47.67,47.72,47.83,47.99,48.15,48.25,48.32,48.38,48.41,48.27,47.96,47.71,47.77,48.14,48.45,48.3,47.82,47.41,47.14,47.02,47.02,47.2,47.43,47.55,47.55,47.55,47.59,47.57,47.4,47.06,46.61,46.11,45.61,45.1
57.31,57.07,56.77,56.38,55.94,55.55,55.29,55.19,55.13,54.96,54.77,54.53,54.13,53.56,52.94,52.32,51.64,50.89,50.1,49.35,48.84,48.57,48.42,48.45,48.69,49.02,49.3,49.43,49.4,49.25,49.01,48.79,48.67,48.68,48.81,48.93,48.96,48.9,48.76,48.65,48.64,48.76,48.93,49.08,49.15,49.18,49.26,49.41,49.6,49.77,49.92,50.08,50.13,49.99,49.75,49.64,49.84,50.27,50.51,50.23,49.73,49.34,49.08,48.9,48.72,48.65,48.83,48.97,49.0,49.04,49.11,49.1,48.95,48.64,48.21,47.76,47.32,46.83
58.7,58.54,58.36,58.07,57.69,57.33,57.05,56.92,56.83,56.62,56.41,56.26,56.01,55.63,55.2,54.61,53.85,53.01,52.18,51.44,50.87,50.43,50.02,49.71,49.65,49.85,50.2,50.49,50.61,50.57,50.46,50.31,50.12,49.96,49.93,50.0,50.09,50.11,50.01,49.88,49.8,49.82,49.95,50.14,50.29,50.35,50.35,50.4,50.53,50.74,50.94,51.09,51.1,50.95,50.78,50.75,50.99,51.45,51.79,51.72,51.41,51.1,50.86,50.69,50.55,50.47,50.55,50.74,50.91,51.05,51.13,51.09,50.9,50.57,50.18,49.75,49.28,48.76
59.91,59.92,59.85,59.59,59.2,58.81,58.46,58.27,58.14,57.85,57.55,57.39,57.25,57.07,56.77,56.23,55.46,54.63,53.88,53.22,52.64,52.04,51.39,50.86,50.6,50.63,50.88,51.2,51.41,51.51,51.56,51.59,51.58,51.47,51.34,51.25,51.21,51.13,50.96,50.75,50.59,50.54,50.63,50.82,51.0,51.08,51.07,51.08,51.17,51.36,51.56,51.67,51.6,51.36,51.11,50.98,51.07,51.39,51.74,51.93,51.91,51.78,51.65,51.59,51.63,51.77,51.99,52.26,52.52,52.74,52.87,52.85,52.69,52.42,52.08,51.71,51.3,50.85
60.77,60.86,60.83,60.58,60.21,59.82,59.49,59.3,59.15,58.84,58.45,58.17,58.07,58.01,57.76,57.24,56.5,55.75,55.13,54.6,53.96,53.17,52.38,51.83,51.53,51.42,51.45,51.6,51.79,51.95,52.08,52.24,52.4,52.51,52.55,52.53,52.41,52.19,51.9,51.57,51.31,51.21,51.29,51.46,51.58,51.61,51.58,51.55,51.59,51.73,51.9,51.94,51.78,51.49,51.22,51.05,51.0,51.1,51.32,51.57,51.76,51.81,51.79,51.78,51.87,52.08,52.39,52.72,53.03,53.28,53.46,53.53,53.5,53.39,53.22,53.02,52.79,52.54
61.03,61.12,61.09,60.87,60.56,60.28,60.07,59.94,59.8,59.53,59.16,58.85,58.68,58.57,58.35,57.94,57.36,56.75,56.22,55.67,54.96,54.11,53.37,52.85,52.52,52.31,52.18,52.15,52.21,52.28,52.32,52.42,52.65,52.95,53.22,53.36,53.3,53.06,52.69,52.3,51.98,51.86,51.94,52.11,52.22,52.23,52.17,52.11,52.11,52.2,52.28,52.21,51.98,51.68,51.44,51.29,51.17,51.11,51.16,51.35,51.61,51.85,51.99,52.08,52.18,52.32,52.51,52.74,52.97,53.17,53.31,53.37,53.39,53.37,53.33,53.29,53.27,53.25
60.94,60.95,60.89,60.72,60.51,60.35,60.25,60.17,60.03,59.8,59.54,59.28,59.05,58.83,58.6,58.34,58.0,57.62,57.2,56.61,55.8,54.99,54.38,53.94,53.61,53.37,53.17,52.99,52.83,52.68,52.56,52.6,52.84,53.19,53.51,53.7,53.74,53.58,53.22,52.8,52.49,52.38,52.43,52.54,52.64,52.69,52.71,52.69,52.68,52.68,52.67,52.58,52.4,52.15,51.93,51.77,51.66,51.53,51.42,51.45,51.64,51.91,52.18,52.38,52.5,52.6,52.72,52.87,53.03,53.18,53.26,53.28,53.23,53.17,53.14,53.16,53.22,53.3
61.01,60.93,60.83,60.7,60.6,60.54,60.47,60.35,60.18,59.99,59.77,59.53,59.27,59.0,58.73,58.49,58.29,58.11,57.88,57.38,56.61,55.86,55.32,54.96,54.69,54.47,54.23,53.94,53.6,53.28,53.06,53.02,53.13,53.32,53.54,53.74,53.82,53.69,53.34,52.96,52.69,52.57,52.55,52.6,52.69,52.81,52.91,52.93,52.9,52.88,52.89,52.9,52.84,52.7,52.5,52.33,52.22,52.12,52.0,51.92,51.96,52.1,52.29,52.48,52.63,52.74,52.86,53.01,53.16,53.29,53.36,53.38,53.36,53.33,53.34,53.38,53.44,53.45
61.1,60.99,60.89,60.82,60.78,60.76,60.7,60.58,60.43,60.26,60.06,59.83,59.59,59.32,59.0,58.71,58.5,58.38,58.23,57.91,57.36,56.78,56.31,55.96,55.72,55.53,55.3,55.01,54.64,54.28,53.98,53.78,53.67,53.7,53.83,53.94,53.89,53.68,53.32,52.95,52.67,52.5,52.39,52.34,52.39,52.51,52.61,52.65,52.67,52.73,52.82,52.92,52.98,52.97,52.9,52.82,52.78,52.74,52.68,52.57,52.45,52.4,52.45,52.59,52.76,52.91,53.04,53.15,53.23,53.32,53.42,53.53,53.63,53.72,53.79,53.85,53.87,53.83
61.24,61.1,61.0,60.94,60.91,60.88,60.83,60.72,60.56,60.37,60.2,60.02,59.85,59.63,59.3,58.94,58.64,58.43,58.22,57.98,57.66,57.34,57.04,56.77,56.54,56.38,56.23,56.03,55.77,55.45,55.1,54.8,54.6,54.53,54.53,54.48,54.28,53.94,53.55,53.17,52.86,52.6,52.38,52.24,52.21,52.25,52.26,52.27,52.32,52.39,52.49,52.63,52.8,52.97,53.09,53.19,53.2,53.18,53.11,53.01,52.91,52.87,52.89,52.97,53.05,53.13,53.17,53.19,53.26,53.41,53.6,53.77,53.89,53.98,54.07,54.18,54.25,54.23
61.32,61.14,61.02,60.97,60.95,60.92,60.87,60.73,60.51,60.3,60.12,59.99,59.89,59.73,59.44,59.05,58.64,58.29,57.95,57.67,57.45,57.26,57.09,56.89,56.74,56.65,56.6,56.52,56.36,56.11,55.82,55.58,55.42,55.29,55.12,54.88,54.62,54.33,53.97,53.58,53.2,52.89,52.65,52.49,52.35,52.22,52.11,52.05,52.02,52.04,52.14,52.34,52.58,52.81,53.02,53.19,53.27,53.29,53.27,53.25,53.25,53.28,53.32,53.31,53.28,53.25,53.26,53.36,53.53,53.74,53.93,54.02,54.04,54.1,54.22,54.36,54.46,54.49
60.67,60.65,60.54,60.44,60.37,60.34,60.29,60.19,60.04,59.84,59.69,59.6,59.57,59.49,59.3,58.96,58.53,58.08,57.66,57.3,57.03,56.84,56.68,56.54,56.43,56.39,56.4,56.41,56.34,56.19,56.03,55.89,55.73,55.51,55.26,55.02,54.79,54.52,54.19,53.8,53.42,53.1,52.86,52.65,52.43,52.2,52.01,51.88,51.8,51.79,51.91,52.1,52.29,52.46,52.62,52.79,52.95,53.09,53.2,53.3,53.38,53.45,53.48,53.46,53.42,53.4,53.45,53.58,53.75,53.94,54.06,54.11,54.13,54.2,54.34,54.49,54.62,54.66
58.93,58.98,58.98,58.95,58.91,58.86,58.82,58.78,58.73,58.66,58.6,58.57,58.58,58.57,58.46,58.23,57.88,57.47,57.06,56.69,56.39,56.14,55.94,55.78,55.67,55.64,55.66,55.69,55.7,55.67,55.64,55.57,55.42,55.21,55.0,54.82,54.63,54.39,54.11,53.78,53.44,53.13,52.86,52.6,52.33,52.06,51.82,51.66,51.56,51.53,51.58,51.69,51.8,51.88,51.98,52.13,52.33,52.57,52.81,53.02,53.18,53.3,53.38,53.42,53.46,53.52,53.61,53.71,53.83,53.93,54.01,54.05,54.05,54.08,54.17,54.27,54.36,54.43
55.95,56.1,56.22,56.29,56.31,56.3,56.3,56.32,56.37,56.43,56.51,56.59,56.66,56.7,56.66,56.53,56.29,56.0,55.69,55.38,55.1,54.86,54.63,54.45,54.32,54.25,54.23,54.23,54.25,54.29,54.34,54.33,54.25,54.13,54.03,53.94,53.83,53.66,53.45,53.22,52.98,52.73,52.48,52.22,51.96,51.72,51.51,51.35,51.24,51.17,51.16,51.2,51.24,51.28,51.36,51.51,51.74,52.01,52.27,52.49,52.68,52.84,52.99,53.13,53.27,53.4,53.52,53.61,53.68,53.76,53.83,53.87,53.87,53.86,53.88,53.91,53.96,54.01
52.39,52.55,52.69,52.79,52.86,52.91,52.96,53.03,53.12,53.24,53.39,53.54,53.68,53.78,53.81,53.78,53.67,53.51,53.32,53.13,52.93,52.75,52.57,52.41,52.28,52.19,52.14,52.1,52.1,52.14,52.19,52.23,52.23,52.21,52.2,52.2,52.18,52.12,52.03,51.92,51.8,51.66,51.5,51.31,51.13,50.94,50.78,50.64,50.52,50.43,50.38,50.38,50.41,50.5,50.63,50.83,51.07,51.34,51.6,51.83,52.02,52.21,52.4,52.61,52.82,53.01,53.16,53.27,53.36,53.44,53.52,53.56,53.55,53.51,53.46,53.44,53.44,53.48
48.99,49.13,49.24,49.32,49.38,49.42,49.47,49.53,49.6,49.7,49.82,49.95,50.08,50.18,50.26,50.28,50.27,50.22,50.15,50.07,49.98,49.9,49.82,49.74,49.68,49.62,49.59,49.56,49.55,49.57,49.6,49.63,49.67,49.71,49.77,49.83,49.89,49.93,49.95,49.95,49.94,49.91,49.84,49.76,49.66,49.56,49.45,49.34,49.23,49.14,49.09,49.1,49.16,49.28,49.46,49.68,49.93,50.2,50.46,50.7,50.92,51.13,51.34,51.58,51.82,52.05,52.25,52.43,52.59,52.74,52.87,52.97,53.01,53.0,52.98,52.97,52.99,53.04
45.68,45.78,45.87,45.93,45.99,46.02,46.05,46.08,46.12,46.18,46.24,46.32,46.4,46.47,46.54,46.59,46.62,46.63,46.64,46.65,46.65,46.66,46.68,46.7,46.71,46.73,46.75,46.76,46.77,46.78,46.79,46.82,46.86,46.93,47.02,47.12,47.23,47.33,47.43,47.52,47.59,47.65,47.69,47.7,47.69,47.66,47.61,47.55,47.48,47.42,47.41,47.44,47.52,47.66,47.85,48.07,48.32,48.56,48.8,49.02,49.22,49.42,49.63,49.85,50.09,50.33,50.57,50.81,51.05,51.29,51.51,51.69,51.83,51.92,52.0,52.07,52.18,52.32
41.97,42.09,42.2,42.3,42.39,42.47,42.54,42.59,42.63,42.68,42.72,42.76,42.8,42.85,42.88,42.92,42.96,43.0,43.04,43.1,43.16,43.23,43.3,43.38,43.46,43.54,43.61,43.67,43.72,43.76,43.8,43.86,43.92,44.02,44.13,44.27,44.41,44.56,44.71,44.85,44.97,45.09,45.19,45.28,45.34,45.38,45.4,45.4,45.4,45.41,45.46,45.55,45.67,45.82,46.0,46.19,46.38,46.57,46.74,46.91,47.07,47.24,47.42,47.61,47.83,48.06,48.3,48.56,48.83,49.1,49.36,49.61,49.83,50.02,50.2,50.39,50.6,50.84
37.78,37.9,38.02,38.14,38.26,38.36,38.46,38.55,38.63,38.7,38.76,38.82,38.88,38.93,38.99,39.06,39.13,39.22,39.32,39.43,39.55,39.68,39.82,39.96,40.1,40.24,40.36,40.48,40.58,40.67,40.76,40.85,40.95,41.07,41.21,41.36,41.52,41.69,41.86,42.02,42.18,42.33,42.48,42.61,42.72,42.83,42.91,43.0,43.09,43.19,43.31,43.44,43.59,43.73,43.89,44.04,44.19,44.35,44.5,44.65,44.8,44.96,45.13,45.3,45.48,45.66,45.86,46.06,46.28,46.5,46.74,46.98,47.24,47.5,47.76,48.03,48.31,48.6
33.81,33.9,34.0,34.09,34.19,34.29,34.39,34.49,34.58,34.67,34.76,34.84,34.92,35.0,35.09,35.18,35.28,35.39,35.51,35.65,35.79,35.95,36.11,36.28,36.46,36.63,36.81,36.98,37.15,37.31,37.48,37.65,37.83,38.02,38.21,38.42,38.62,38.83,39.03,39.22,39.41,39.58,39.74,39.9,40.05,40.2,40.34,40.48,40.63,40.77,40.92,41.07,41.23,41.38,41.55,41.72,41.9,42.07,42.24,42.4,42.55,42.7,42.85,42.99,43.13,43.27,43.42,43.58,43.75,43.96,44.19,44.44,44.72,45.01,45.3,45.59,45.87,46.16
29.86,30.01,30.16,30.31,30.45,30.58,30.71,30.82,30.93,31.04,31.13,31.23,31.31,31.4,31.49,31.59,31.69,31.81,31.94,32.08,32.24,32.41,32.59,32.78,32.98,33.18,33.39,33.59,33.79,34.0,34.2,34.4,34.6,34.81,35.02,35.24,35.46,35.68,35.9,36.11,36.32,36.53,36.73,36.93,37.13,37.32,37.52,37.72,37.91,38.1,38.3,38.5,38.7,38.91,39.13,39.35,39.57,39.78,39.97,40.14,40.3,40.44,40.58,40.71,40.85,40.99,41.15,41.33,41.52,41.75,41.99,42.25,42.53,42.8,43.07,43.34,43.59,43.85
25.66,25.85,26.03,26.22,26.42,26.61,26.8,26.98,27.17,27.34,27.51,27.68,27.83,27.99,28.13,28.28,28.42,28.57,28.72,28.87,29.03,29.2,29.37,29.55,29.74,29.93,30.13,30.34,30.55,30.76,30.98,31.21,31.43,31.66,31.89,32.12,32.35,32.57,32.79,33.0,33.21,33.42,33.62,33.82,34.03,34.23,34.44,34.65,34.87,35.09,35.32,35.56,35.8,36.06,36.32,36.57,36.83,37.07,37.3,37.51,37.71,37.9,38.09,38.28,38.48,38.68,38.89,39.12,39.36,39.61,39.87,40.14,40.4,40.67,40.93,41.18,41.44,41.69
