wind-weather/data/weather/current/current-temp-isobaric-700hPa-gfs-1.0.json
{"header": {"discipline":0,"disciplineName":"Meteorologicalproducts","gribEdition":2,"gribLength":38964,"center":7,"centerName":"USNationalWeatherService-NCEP(WMC)","subcenter":0,"refTime":"2015-09-28T00:00:00.000Z","significanceOfRT":0,"significanceOfRTName":"Analysis","productStatus":0,"productStatusName":"Operationalproducts","productType":0,"productTypeName":"Analysisproducts","productDefinitionTemplate":0,"productDefinitionTemplateName":"Analysis/forecastathorizontallevel/layeratapointintime","parameterCategory":0,"parameterCategoryName":"Temperature","parameterNumber":0,"parameterNumberName":"Temperature","parameterUnit":"K","genProcessType":0,"genProcessTypeName":"Analysis","forecastTime":0,"surface1Type":100,"surface1TypeName":"Isobaricsurface","surface1Value":70000.0,"surface2Type":255,"surface2TypeName":"Missing","surface2Value":0.0,"gridDefinitionTemplate":0,"gridDefinitionTemplateName":"Latitude_Longitude","numberPoints":65160,"shape":6,"shapeName":"Earthsphericalwithradiusof6,371,229.0m","gridUnits":"degrees","resolution":48,"winds":"true","scanMode":0,"nx":360,"ny":181,"basicAngle":0,"subDivisions":0,"lo1":0.0,"la1":90.0,"lo2":359.0,"la2":-90.0,"dx":1.0,"dy":1.0}, "data":
[rows 34 to 67 of 181, columns 77 to 153 of 360]
264.7,263.8,262.5,261.5,260.6,259.7,259.0,258.6,258.5,258.5,258.6,258.7,258.9,259.0,259.0,258.8,258.8,259.4,259.9,260.2,260.4,260.4,260.6,260.7,260.8,261.0,261.4,262.1,262.7,263.2,263.8,263.8,263.2,262.7,262.8,263.2,263.0,262.5,262.4,262.3,262.4,262.3,262.1,261.7,261.3,261.4,261.1,260.8,261.2,260.8,260.8,260.9,260.9,260.7,260.1,260.3,260.2,260.6,261.2,260.6,260.5,260.2,262.8,264.5,265.4,266.4,266.5,267.3,267.3,267.2,267.2,267.2,267.2,267.0,266.9,266.9,267.0
263.0,261.6,260.5,259.6,258.9,258.4,258.1,258.0,258.1,258.3,258.4,258.7,258.7,259.0,258.9,259.2,259.2,259.3,259.4,259.1,259.6,259.9,260.2,260.1,260.3,260.8,261.3,261.7,261.9,261.9,262.2,262.9,263.0,263.0,263.3,263.3,263.2,262.7,262.6,262.1,262.1,261.9,261.5,261.8,262.2,261.8,261.8,261.6,261.1,260.9,260.5,260.7,261.0,261.1,261.2,260.9,261.1,261.5,260.9,260.5,260.7,261.3,263.4,266.0,267.2,267.0,267.2,268.3,268.6,268.1,267.9,268.1,268.0,268.3,268.5,268.5,268.1
260.8,259.8,259.0,258.4,257.8,257.6,257.4,257.5,257.7,257.8,258.1,258.4,258.5,258.7,258.7,258.9,259.3,259.6,259.9,260.0,259.9,259.8,260.1,260.5,260.6,261.2,261.5,261.5,261.9,262.3,262.6,263.1,262.0,262.9,263.4,263.4,263.2,262.8,262.3,262.0,262.0,261.3,260.9,262.0,261.7,261.6,261.1,261.2,261.3,261.0,261.1,261.7,261.5,261.4,261.6,261.6,261.6,261.1,260.6,260.3,261.0,261.2,262.8,265.6,267.8,266.7,267.9,267.8,268.0,267.7,268.0,268.3,268.4,268.0,268.3,269.3,268.7
259.6,258.8,258.0,257.5,257.2,257.0,257.1,257.3,257.5,257.9,257.3,258.2,258.5,258.6,259.2,259.3,259.3,259.5,260.1,260.2,260.2,260.6,260.6,260.8,261.5,262.3,262.9,262.7,262.6,262.7,262.4,262.9,262.6,263.0,263.5,263.7,263.7,263.2,263.0,262.5,262.0,261.6,261.3,261.3,262.1,262.4,262.0,262.0,261.5,261.4,261.7,262.1,262.3,262.4,262.0,261.9,261.4,261.3,261.2,261.3,261.6,262.0,263.0,264.1,266.7,266.9,266.7,266.7,266.9,266.6,266.7,267.2,267.5,268.3,267.7,268.6,269.5
258.7,257.9,257.3,257.1,256.9,256.7,256.7,256.6,256.7,256.6,256.9,257.1,257.3,258.0,258.7,258.9,259.4,260.5,260.5,260.9,261.0,261.7,262.0,262.6,262.3,262.5,263.9,263.9,264.1,264.1,263.7,263.2,263.1,263.2,263.1,263.3,263.4,263.3,263.0,262.8,262.1,261.7,261.7,262.1,262.6,262.9,262.5,262.1,262.1,262.1,262.1,262.3,263.0,263.1,262.3,261.8,261.6,261.7,261.6,261.7,262.2,262.1,262.9,263.3,264.0,265.1,265.7,265.5,265.5,265.8,266.2,266.6,266.9,268.2,268.4,269.0,269.9
258.1,257.5,257.3,257.2,257.0,256.7,256.8,256.8,256.3,256.7,256.5,257.4,257.3,257.6,258.5,259.6,260.4,261.1,260.8,262.1,262.4,262.3,263.2,264.0,264.5,264.9,264.9,264.7,265.1,265.1,264.9,264.3,263.8,263.1,262.9,263.1,263.2,263.3,262.9,262.8,262.2,261.9,262.6,263.3,263.5,263.6,263.3,262.9,262.9,263.0,263.0,263.2,263.5,263.3,263.1,262.9,262.2,262.3,261.5,261.2,261.9,262.4,263.2,263.6,263.3,263.7,264.5,264.4,265.3,265.8,266.3,267.3,267.9,268.6,269.0,269.1,270.0
257.5,256.7,256.7,257.0,257.0,257.0,257.3,256.9,257.0,256.8,257.0,257.7,257.5,258.8,259.5,260.0,260.7,261.7,262.5,263.5,263.3,264.5,264.9,265.1,265.8,265.7,266.5,266.4,266.0,266.0,266.1,265.6,264.8,263.9,263.4,263.3,263.3,263.3,263.0,262.5,262.4,262.4,263.4,264.4,264.5,264.2,263.5,263.4,264.0,263.9,263.6,263.6,263.7,263.3,263.6,263.8,263.5,262.9,262.4,262.3,262.4,263.2,263.6,264.0,264.2,264.6,264.7,264.9,265.8,266.2,266.9,268.0,268.5,269.2,269.9,269.8,270.2
257.3,257.0,256.9,256.9,257.2,257.4,258.0,258.0,258.5,258.1,257.6,257.5,258.4,259.5,260.3,262.5,263.2,263.8,263.8,264.0,265.5,266.3,266.5,267.0,267.7,267.9,267.9,268.5,268.4,267.5,267.4,266.6,265.8,265.3,264.4,264.0,263.6,263.2,263.0,262.9,262.4,262.9,263.6,264.1,264.6,264.5,264.3,264.4,264.5,264.4,264.2,264.4,264.5,264.1,263.9,264.0,264.0,263.3,263.6,262.8,262.7,263.1,263.5,263.8,264.5,265.1,265.0,265.7,266.2,266.6,267.5,268.9,269.0,269.8,270.3,270.4,270.6
257.6,257.1,256.7,257.3,257.0,257.1,257.2,257.5,257.8,258.6,259.6,259.8,260.2,260.9,262.0,263.4,264.1,264.9,265.7,266.3,266.5,267.8,267.9,269.1,269.9,270.4,270.7,269.9,269.0,268.9,268.1,268.0,267.2,266.3,265.3,264.1,263.4,263.1,263.1,263.2,263.1,263.3,263.3,263.3,264.1,264.2,264.4,264.9,265.0,265.0,265.1,264.7,264.5,265.5,263.9,263.7,263.9,264.0,263.7,262.6,262.3,262.5,263.4,263.9,265.0,265.8,266.2,266.1,266.3,266.8,268.0,269.0,269.3,270.4,270.8,271.0,270.9
259.1,258.5,259.0,259.1,259.7,260.1,258.9,258.8,259.8,259.6,260.7,261.2,261.9,262.4,263.2,265.4,266.7,267.0,268.0,268.4,268.9,268.4,269.5,269.2,270.3,271.7,272.1,271.4,270.3,269.6,269.2,268.7,267.9,267.0,266.0,265.1,264.3,263.4,263.4,262.9,263.1,263.3,263.4,263.9,263.9,263.5,264.0,264.3,264.3,264.6,265.0,265.0,265.5,264.5,264.0,263.9,263.6,263.4,263.6,262.5,263.2,263.8,263.2,264.7,265.6,265.8,266.4,266.3,266.6,267.4,268.7,269.4,270.1,271.1,271.3,271.3,271.2
263.6,262.9,262.2,261.9,262.2,262.7,261.4,262.7,262.0,261.5,262.1,263.1,264.2,265.0,265.7,266.4,267.4,268.9,270.2,270.4,270.7,271.5,271.8,271.2,270.6,270.3,270.8,270.6,270.4,270.4,270.3,269.9,269.1,268.3,267.2,266.8,266.0,265.1,264.1,263.6,263.7,263.6,263.8,264.0,263.9,263.4,263.7,263.7,263.8,263.6,263.8,264.6,264.3,264.3,264.8,264.3,264.1,263.6,263.5,263.2,265.6,264.7,265.0,265.5,265.7,266.4,266.8,267.1,267.6,268.5,269.8,270.7,270.8,271.6,272.0,272.0,270.9
266.1,265.9,264.7,264.5,263.5,264.2,264.9,264.7,265.3,265.3,265.4,265.9,266.3,267.6,268.0,269.6,270.2,271.2,270.0,272.1,272.1,271.4,271.4,271.8,272.0,271.3,271.4,271.1,271.0,270.8,270.7,270.3,269.5,268.9,268.5,267.9,267.3,267.0,266.2,265.1,264.6,264.2,264.4,265.1,264.9,264.9,265.3,265.1,264.6,264.3,264.1,263.8,263.7,264.4,264.7,265.1,264.6,264.5,264.6,266.5,265.5,265.1,265.9,266.5,267.5,268.6,269.0,268.5,269.0,269.9,270.6,271.3,271.7,272.1,272.0,271.8,271.5
267.2,267.1,267.3,266.6,266.4,266.2,266.6,266.7,266.1,267.0,266.2,267.7,267.8,268.5,269.4,270.5,271.6,271.6,272.7,273.5,274.0,273.3,273.1,272.2,272.0,271.5,271.4,271.2,271.7,271.5,271.5,270.8,270.2,269.4,268.8,268.3,268.0,267.9,268.0,267.7,266.9,266.5,265.3,265.2,265.2,265.6,266.3,266.5,266.5,266.1,265.6,265.5,264.6,265.2,265.5,265.1,265.0,265.7,267.2,266.1,265.8,266.0,266.3,267.3,268.2,268.9,269.4,269.5,270.7,271.3,271.8,272.3,272.4,272.4,272.1,272.4,271.7
268.7,268.7,267.6,268.6,268.2,268.4,268.3,267.9,269.0,269.0,271.4,270.8,271.6,272.0,273.0,273.5,274.3,274.0,273.7,274.4,274.4,274.6,274.2,273.5,272.7,272.1,272.0,271.9,272.1,272.0,272.0,271.3,270.9,270.6,269.9,269.2,268.8,268.8,268.8,268.8,268.7,268.2,267.9,267.4,267.3,267.4,267.4,267.2,267.2,267.5,267.4,267.1,267.2,267.0,266.6,266.2,267.7,267.5,266.7,267.0,266.9,267.3,267.7,268.4,269.2,268.6,270.4,270.9,271.5,272.1,272.7,273.3,273.4,272.9,272.7,272.6,272.5
269.7,270.4,271.8,270.2,272.7,273.0,274.0,273.9,274.4,274.4,274.7,275.1,274.8,274.8,275.0,275.4,275.8,275.6,275.1,275.5,275.1,275.2,274.8,274.2,274.3,273.6,273.0,272.7,272.4,272.2,272.2,271.9,272.0,271.2,270.5,270.2,269.9,270.0,270.1,270.2,270.4,269.8,270.0,269.8,269.5,269.2,269.1,269.2,269.2,269.0,268.9,268.4,268.3,268.5,267.5,267.0,268.0,267.8,267.9,268.3,268.6,269.1,269.4,269.2,270.8,270.8,271.4,271.8,272.4,273.0,273.7,274.1,274.0,272.9,273.0,273.2,273.2
270.2,274.7,275.0,274.7,274.9,275.6,276.3,276.9,277.2,277.0,277.4,276.8,277.2,276.8,276.8,276.6,276.3,276.2,276.9,276.9,277.3,277.2,276.2,276.0,275.4,274.5,274.5,273.9,273.5,273.3,273.1,272.9,272.9,272.2,271.7,271.7,271.3,271.1,271.1,270.7,270.6,271.1,271.2,271.0,270.9,270.6,270.4,270.7,271.0,271.0,270.9,270.9,271.6,270.6,270.3,269.9,269.9,269.8,269.9,270.0,270.0,270.2,270.8,271.3,271.5,271.4,272.0,272.8,273.5,274.1,274.7,275.0,274.3,274.0,274.0,273.8,273.7
278.5,277.5,278.4,278.4,278.4,278.2,278.1,278.1,278.4,278.5,278.4,278.8,278.0,277.6,277.5,277.6,277.5,277.4,277.8,278.5,278.7,278.7,278.0,277.9,277.9,276.0,275.6,274.3,274.1,273.6,273.8,273.9,274.2,274.1,274.0,274.2,273.9,273.7,273.4,272.6,273.0,272.7,272.4,272.4,272.1,272.2,272.1,272.4,272.6,272.7,273.4,273.6,273.6,273.2,272.6,271.9,271.8,271.5,271.4,271.5,271.6,271.8,272.4,272.5,273.1,272.5,273.7,274.2,274.8,275.6,275.9,275.5,275.2,275.0,274.6,274.1,274.0
278.1,279.3,279.4,279.1,279.0,278.9,279.0,279.3,279.3,279.2,279.3,279.5,279.0,278.8,277.3,277.1,279.0,279.0,279.8,278.6,279.3,278.8,279.0,278.6,278.5,278.4,275.7,274.9,275.1,274.4,274.8,275.6,275.9,275.8,275.4,275.4,274.2,274.4,274.6,274.6,274.2,274.3,274.9,275.1,275.3,275.3,274.6,274.4,274.1,273.9,274.1,274.1,274.2,274.8,275.1,274.8,274.3,273.8,273.6,273.6,274.1,274.5,274.5,274.6,274.1,274.7,275.2,275.8,276.4,276.6,276.7,276.6,276.5,276.0,275.8,274.7,275.1
277.6,277.6,278.3,279.2,279.4,279.1,279.3,279.7,279.2,279.2,278.3,277.1,276.9,277.6,276.3,277.3,278.7,280.3,281.9,281.3,280.4,279.9,279.2,278.1,278.1,277.5,276.6,276.0,275.2,275.9,276.8,277.7,277.4,277.3,275.6,275.7,274.0,274.2,275.0,275.6,275.5,275.4,275.7,276.2,275.9,275.8,275.6,275.3,275.2,275.2,275.0,275.0,275.1,275.6,275.6,275.5,275.3,275.1,275.3,275.6,275.9,275.9,276.1,276.2,275.9,276.4,276.6,276.9,277.2,277.8,278.0,277.9,277.6,276.9,276.2,276.0,275.9
278.0,277.2,278.3,279.0,279.4,279.5,279.5,279.2,277.3,277.0,277.5,278.2,277.2,277.9,279.8,276.9,278.2,279.4,280.9,282.1,283.1,280.5,278.9,277.5,278.0,276.6,274.4,276.1,277.3,276.6,279.1,279.4,278.3,277.8,277.4,276.7,275.3,274.9,275.3,275.2,275.3,275.5,275.7,275.8,276.2,276.6,276.9,276.8,276.7,276.7,276.6,276.4,276.5,276.8,276.9,277.0,277.0,277.1,277.2,277.3,277.4,276.7,276.8,277.6,277.9,278.0,278.0,278.2,278.9,279.7,280.3,279.9,278.9,278.1,278.0,277.1,278.0
274.9,275.9,277.4,278.2,277.1,277.9,277.8,279.0,279.5,280.1,282.4,281.4,282.0,282.7,282.2,281.6,280.4,279.3,279.9,280.8,280.8,282.6,282.6,280.4,279.7,277.7,276.0,277.2,277.8,277.6,279.1,279.3,279.5,279.2,278.7,277.5,276.3,276.6,277.1,277.2,277.4,277.2,277.0,277.4,277.6,277.8,278.2,278.5,278.6,278.5,278.6,278.5,278.8,278.5,278.4,278.6,278.8,278.8,278.8,279.3,279.4,279.9,280.0,281.3,281.0,280.3,280.2,280.5,281.0,281.3,281.4,280.8,279.9,279.6,279.0,279.3,280.0
277.4,276.3,275.0,279.3,279.0,281.3,281.1,280.6,280.7,282.2,282.2,282.8,283.3,283.7,285.0,282.1,281.1,281.4,281.5,282.2,281.4,283.1,284.0,283.7,283.5,280.6,278.8,274.8,277.5,278.7,279.6,279.9,279.8,279.6,279.6,279.1,279.0,279.0,279.0,279.1,279.2,279.3,279.4,279.2,279.2,279.3,279.3,279.6,279.9,280.3,280.5,280.7,280.8,280.7,280.6,280.6,280.6,280.8,281.0,281.4,281.8,282.1,282.9,283.5,283.3,282.6,282.5,282.5,282.4,282.4,282.3,281.9,281.4,282.4,282.9,282.4,281.6
278.5,278.3,278.5,280.7,282.5,283.1,283.5,283.3,283.3,284.2,285.4,286.6,285.5,286.4,287.1,287.3,288.5,287.6,288.8,287.7,287.4,287.0,286.9,285.7,285.0,283.2,281.5,280.0,278.5,280.0,280.5,280.1,280.4,280.8,280.9,280.5,280.5,280.3,280.5,280.5,280.6,280.7,280.8,280.8,280.9,280.9,281.0,281.2,281.5,281.7,281.9,282.1,282.2,282.4,282.6,282.8,282.8,282.7,283.4,283.6,283.9,284.3,284.5,284.5,284.4,283.9,283.5,283.2,283.3,283.5,283.6,283.5,283.5,283.7,284.3,284.4,283.9
277.1,276.9,280.2,281.1,282.7,284.1,284.0,284.8,284.5,284.5,284.9,286.0,286.6,287.6,287.3,287.0,287.8,287.2,287.4,286.6,287.6,287.8,287.9,287.8,286.6,284.7,283.1,281.1,279.5,280.4,280.9,280.9,280.9,281.1,281.4,281.5,281.9,281.2,281.3,281.5,281.8,281.9,282.2,282.0,282.2,282.4,282.7,283.1,283.4,283.6,283.4,283.4,283.7,284.0,284.1,284.2,284.4,284.4,284.5,284.6,284.8,284.8,284.4,283.9,283.6,283.2,283.1,283.2,283.3,283.3,283.4,283.2,283.3,283.7,284.4,284.9,284.3
281.0,280.8,279.9,281.6,284.3,283.2,283.2,284.5,285.7,285.8,287.8,287.7,289.2,288.7,288.8,287.4,287.6,286.7,285.7,286.5,286.4,285.8,286.7,287.4,287.3,285.9,283.1,279.7,279.7,281.0,281.8,282.0,282.5,282.7,282.6,282.0,282.3,282.4,282.6,282.9,283.4,283.2,283.5,283.8,284.2,284.2,283.8,283.4,282.7,282.2,282.3,282.6,282.9,283.3,283.5,283.9,284.1,284.5,284.2,284.2,283.9,283.7,283.5,283.3,283.1,282.8,282.7,282.8,282.7,283.1,283.6,283.8,283.3,283.4,283.6,283.7,283.4
281.6,280.4,279.3,281.3,281.5,280.8,281.4,284.4,286.1,286.9,287.9,288.1,287.7,288.5,287.5,287.5,286.3,287.3,285.1,284.2,285.1,284.8,285.0,286.0,286.6,285.5,281.4,279.8,280.6,281.6,282.5,282.4,282.5,282.8,282.7,282.7,282.9,283.4,283.3,284.3,284.6,284.2,283.9,283.6,283.2,283.2,283.4,283.4,283.4,283.4,283.5,283.5,283.3,283.3,283.5,283.7,284.1,284.3,284.3,284.3,284.1,283.8,283.4,283.0,283.0,283.1,283.3,283.5,283.5,283.5,283.8,284.0,284.0,284.1,284.3,284.5,284.4
281.2,281.2,281.0,280.8,280.8,280.2,283.1,284.4,284.6,285.1,287.1,287.2,286.6,286.7,287.6,288.0,286.8,285.7,283.4,283.6,283.9,284.8,283.8,284.3,284.7,283.5,280.7,280.9,281.8,282.8,283.0,282.7,282.8,283.2,282.8,283.0,283.4,283.8,284.0,285.2,285.4,283.7,283.5,283.0,283.6,283.4,283.8,284.4,284.4,284.4,284.1,283.6,283.4,283.5,283.7,283.6,283.8,284.0,284.2,284.2,284.0,283.7,283.3,282.9,282.7,283.1,283.7,284.4,284.7,284.9,285.1,285.1,285.2,285.3,285.5,285.5,285.3
280.7,281.1,281.6,281.8,281.6,281.0,282.6,283.6,283.0,284.3,286.5,288.0,286.6,286.3,286.8,287.3,285.8,283.5,282.8,284.4,282.6,283.3,284.0,283.9,284.6,285.2,281.4,281.2,282.7,283.4,283.3,282.9,283.8,283.7,283.2,283.3,283.8,284.4,285.0,286.0,286.0,284.0,284.7,284.0,283.8,282.9,284.4,284.9,285.0,284.4,284.1,283.9,283.8,283.9,284.0,284.0,283.9,283.8,284.1,284.2,284.4,284.3,283.7,283.1,283.3,283.8,284.4,285.5,285.7,285.9,285.7,285.4,285.3,285.4,285.6,285.7,285.6
280.0,280.2,280.3,280.2,280.8,280.5,281.1,281.4,282.6,282.8,284.2,285.7,283.6,283.5,283.8,284.5,282.4,282.7,283.1,283.6,284.6,283.3,282.1,283.8,284.9,284.7,284.2,283.8,284.1,284.0,284.2,284.0,284.1,283.0,283.7,284.1,284.5,285.2,285.7,286.4,285.4,283.8,285.1,284.6,284.3,284.2,285.0,285.4,285.5,285.4,285.0,284.5,284.0,283.8,283.6,283.5,283.7,283.8,284.0,284.2,284.4,284.3,284.2,284.4,284.8,285.0,285.2,285.7,285.9,285.9,285.6,285.3,285.5,285.6,285.6,285.6,285.6
279.3,279.4,278.8,279.8,281.1,280.9,279.4,280.2,282.2,282.6,283.2,283.5,283.7,283.6,283.7,283.3,283.4,283.0,283.3,283.3,284.2,283.8,282.8,284.0,284.1,284.5,284.3,284.6,284.1,284.4,284.5,284.4,283.5,283.7,284.3,284.5,285.2,285.6,285.7,286.4,285.1,284.5,285.4,284.1,285.5,284.7,285.5,285.5,285.6,285.7,285.7,285.2,284.3,283.7,283.3,283.3,284.0,284.0,284.1,284.1,284.4,284.6,285.1,285.5,285.4,285.4,285.8,285.8,285.6,285.7,285.5,285.8,286.1,286.1,286.0,286.0,286.0
279.5,279.6,279.2,278.9,279.3,281.2,280.1,280.7,282.4,282.8,283.2,283.2,283.6,284.1,284.4,283.9,283.8,283.9,283.2,283.7,283.9,284.0,283.7,283.8,283.8,284.0,284.7,283.6,283.8,283.9,283.9,282.7,283.7,284.4,285.1,284.8,285.4,285.8,285.8,286.1,284.7,285.9,283.7,284.6,285.1,285.1,285.4,286.0,285.8,286.4,286.4,285.7,284.7,284.0,284.1,284.4,284.5,284.4,284.4,284.3,284.8,285.4,285.7,285.5,285.7,286.0,285.6,285.4,285.6,285.7,286.2,286.5,286.5,286.0,285.9,286.0,286.0
280.0,280.1,279.8,279.5,280.4,280.7,280.7,281.9,282.9,283.9,284.3,284.5,283.6,284.5,284.9,284.5,284.5,283.7,283.7,283.7,283.8,284.0,283.9,283.8,283.8,284.7,284.3,284.2,284.3,283.6,283.7,283.1,284.3,285.2,285.0,285.0,285.8,285.7,285.6,285.5,284.8,284.7,284.8,285.7,284.8,284.0,285.5,285.8,285.4,285.5,286.0,286.2,285.6,284.3,284.5,284.5,284.7,284.5,284.6,285.0,285.6,285.6,285.5,285.8,286.1,285.6,285.2,285.4,285.9,286.2,286.5,286.4,285.8,285.6,285.6,285.6,285.6
279.4,279.7,279.9,280.1,279.9,280.2,279.7,280.4,281.5,283.2,284.6,284.2,284.0,284.5,284.9,284.9,284.4,283.8,283.9,284.1,284.0,284.0,284.0,284.3,284.1,284.1,284.5,284.9,284.4,284.2,284.4,285.2,285.1,286.0,285.0,284.8,285.0,285.7,285.6,285.0,284.7,285.3,285.9,286.7,284.9,284.6,285.9,287.1,285.9,284.9,285.6,285.7,285.9,284.9,284.6,284.5,284.9,284.6,285.0,285.0,285.7,285.7,285.6,286.1,286.0,285.7,285.7,286.0,286.2,286.3,286.1,285.5,285.2,285.2,284.9,284.7,284.7
279.9,280.0,280.4,280.1,280.2,280.2,280.1,280.5,281.9,283.8,284.4,283.7,283.7,284.3,284.5,284.7,283.7,283.9,284.2,284.4,283.9,283.9,284.1,284.2,283.9,284.0,284.3,284.7,285.0,285.6,285.2,285.7,285.5,285.7,284.8,284.8,285.1,285.1,285.6,285.3,284.8,284.8,284.1,286.8,286.5,284.1,287.1,289.8,286.6,284.8,285.3,285.4,285.5,284.9,284.5,284.7,285.1,285.0,285.1,284.9,285.9,285.8,285.8,286.2,286.1,286.0,286.2,286.3,286.4,286.0,285.2,284.9,284.6,284.6,284.4,284.5,284.5
