wind-weather/data/weather/current/current-temp-isobaric-250hPa-gfs-1.0.json
{"header": {"discipline":0,"disciplineName":"Meteorologicalproducts","gribEdition":2,"gribLength":32965,"center":7,"centerName":"USNationalWeatherService-NCEP(WMC)","subcenter":0,"refTime":"2015-09-28T00:00:00.000Z","significanceOfRT":0,"significanceOfRTName":"Analysis","productStatus":0,"productStatusName":"Operationalproducts","productType":0,"productTypeName":"Analysisproducts","productDefinitionTemplate":0,"productDefinitionTemplateName":"Analysis/forecastathorizontallevel/layeratapointintime","parameterCategory":0,"parameterCategoryName":"Temperature","parameterNumber":0,"parameterNumberName":"Temperature","parameterUnit":"K","genProcessType":0,"genProcessTypeName":"Analysis","forecastTime":0,"surface1Type":100,"surface1TypeName":"Isobaricsurface","surface1Value":25000.0,"surface2Type":255,"surface2TypeName":"Missing","surface2Value":0.0,"gridDefinitionTemplate":0,"gridDefinitionTemplateName":"Latitude_Longitude","numberPoints":65160,"shape":6,"shapeName":"Earthsphericalwithradiusof6,371,229.0m","gridUnits":"degrees","resolution":48,"winds":"true","scanMode":0,"nx":360,"ny":181,"basicAngle":0,"subDivisions":0,"lo1":0.0,"la1":90.0,"lo2":359.0,"la2":-90.0,"dx":1.0,"dy":1.0}, "data":
[rows 102 to 135 of 181, columns 154 to 230 of 360]
232.7,232.4,232.1,232.0,232.0,232.1,232.0,232.1,232.4,232.4,232.5,232.2,232.1,232.3,232.4,232.5,232.4,232.9,233.5,233.6,233.5,233.3,233.1,233.2,233.1,233.1,232.9,232.9,232.9,232.8,233.0,232.8,232.9,232.7,232.7,232.7,232.7,232.3,232.3,232.2,232.0,231.9,232.0,232.2,232.2,232.4,232.5,232.6,232.5,232.6,232.6,232.7,232.7,232.8,232.8,232.9,232.9,232.9,232.9,232.7,232.6,232.5,232.4,232.3,232.3,232.4,232.6,232.7,232.7,232.6,232.5,232.4,232.4,232.4,232.4,232.5,232.5
232.6,232.3,232.1,232.0,231.8,232.0,232.1,232.3,232.6,232.5,232.5,232.2,232.2,231.9,232.0,232.3,232.4,232.4,233.0,233.7,233.6,233.4,233.2,233.2,233.1,233.1,233.0,232.8,232.9,233.0,232.8,232.8,232.8,232.8,232.4,232.4,232.3,232.4,232.3,232.1,232.0,232.0,232.0,232.0,232.0,232.1,232.2,232.4,232.4,232.5,232.5,232.6,232.6,232.6,232.7,232.7,232.8,232.8,232.8,232.7,232.6,232.6,232.6,232.4,232.2,232.1,232.2,232.4,232.5,232.5,232.4,232.4,232.4,232.4,232.3,232.4,232.4
232.5,232.3,232.0,231.8,231.9,231.7,232.0,232.4,232.6,232.5,232.5,232.5,232.1,231.8,231.8,232.0,232.2,232.4,232.4,233.3,233.3,233.2,233.2,233.1,233.1,232.9,232.9,232.8,232.8,232.8,232.7,232.6,232.4,232.5,232.3,232.3,232.3,232.3,232.3,232.2,232.1,232.1,232.1,232.0,232.0,232.1,232.1,232.2,232.2,232.3,232.4,232.4,232.3,232.3,232.4,232.5,232.6,232.6,232.6,232.7,232.7,232.6,232.6,232.5,232.3,232.2,232.1,232.0,232.1,232.2,232.3,232.3,232.3,232.3,232.3,232.3,232.3
232.6,232.3,232.0,231.7,231.8,231.8,231.7,232.3,232.7,232.5,232.4,232.7,232.4,231.9,231.7,231.9,232.0,232.4,232.7,232.8,232.8,233.0,233.1,233.0,232.9,232.6,232.6,232.6,232.5,232.6,232.6,232.5,232.4,232.4,232.3,232.3,232.3,232.2,232.1,232.1,232.0,232.0,232.0,232.0,232.0,232.1,232.1,232.2,232.3,232.4,232.3,232.2,232.2,232.2,232.1,232.0,232.1,232.3,232.3,232.3,232.4,232.3,232.3,232.2,232.2,232.1,232.1,231.9,231.9,231.9,232.0,232.1,232.1,232.1,232.1,232.1,232.1
232.0,232.4,232.2,231.9,231.7,231.8,231.8,232.0,232.5,232.6,232.4,232.3,232.6,232.0,231.6,231.8,232.1,232.3,232.5,232.6,232.6,232.6,232.7,232.8,232.7,232.5,232.3,232.2,232.2,232.2,232.2,232.2,232.3,232.3,232.2,232.1,232.0,232.0,232.0,232.0,231.9,231.9,231.9,231.9,232.0,232.1,232.1,232.2,232.3,232.3,232.3,232.2,232.1,232.1,232.0,231.9,231.9,231.9,231.9,232.0,232.1,232.1,232.1,232.0,231.9,231.8,231.9,231.8,231.8,231.9,231.9,232.0,232.0,232.0,232.0,232.0,231.9
231.7,231.9,232.3,232.1,231.8,231.9,231.9,232.0,232.4,232.7,232.3,232.2,232.3,232.2,231.7,231.3,231.6,232.1,232.4,232.4,232.6,232.7,232.6,232.6,232.6,232.3,232.1,232.0,231.9,231.9,232.0,232.0,232.1,232.2,232.1,232.0,231.9,231.8,231.8,231.7,231.7,231.7,231.8,231.8,231.9,232.0,232.0,232.0,232.2,232.3,232.2,232.2,232.1,232.0,232.0,231.9,231.9,231.8,231.7,231.7,231.6,231.6,231.7,231.8,231.7,231.7,231.7,231.8,231.9,232.0,232.0,232.0,232.0,231.9,231.9,231.9,231.9
232.1,231.9,231.8,232.2,232.0,231.9,231.8,231.9,232.2,232.5,232.5,232.2,231.9,232.1,232.0,231.4,231.4,231.5,232.0,232.3,232.2,232.5,232.5,232.5,232.5,232.5,232.2,232.1,232.0,231.9,231.8,231.9,231.9,232.1,232.0,231.8,231.8,231.7,231.5,231.5,231.5,231.6,231.7,231.7,231.7,231.7,231.8,231.9,231.9,232.0,232.0,232.0,231.9,231.9,231.9,231.8,231.8,231.7,231.7,231.6,231.6,231.6,231.5,231.5,231.7,231.7,231.8,231.8,231.8,231.9,231.9,231.9,231.9,231.8,231.7,231.7,231.7
231.8,232.0,231.9,231.8,232.1,232.0,231.9,231.9,232.0,232.3,232.6,232.4,231.8,231.9,232.0,231.7,231.5,231.3,231.5,231.9,232.1,232.1,232.3,232.4,232.5,232.4,232.3,232.2,232.0,231.8,231.8,231.8,231.8,231.9,231.9,231.8,231.7,231.6,231.4,231.5,231.5,231.4,231.5,231.7,231.7,231.7,231.8,231.8,231.9,231.9,231.9,231.9,231.9,231.9,231.9,231.9,231.9,231.9,231.9,231.8,231.7,231.7,231.7,231.6,231.6,231.7,231.7,231.8,231.8,231.8,231.7,231.6,231.6,231.6,231.7,231.7,231.7
232.2,231.7,231.8,231.9,231.8,232.1,232.0,231.9,231.9,232.1,232.4,232.5,232.2,231.8,231.8,231.9,231.6,231.4,231.1,231.5,232.0,232.1,232.0,232.1,232.2,232.2,232.3,232.3,232.2,232.0,231.9,231.9,231.9,231.8,231.9,231.9,231.8,231.8,231.6,231.5,231.5,231.5,231.6,231.7,231.8,231.8,231.9,231.9,231.8,231.8,231.8,231.8,231.8,231.9,231.9,231.9,231.9,231.8,231.8,231.7,231.7,231.6,231.7,231.7,231.8,231.8,231.8,231.8,231.7,231.6,231.6,231.5,231.4,231.4,231.4,231.4,231.5
232.8,232.0,231.4,231.7,231.9,231.8,232.0,232.0,231.9,232.0,232.3,232.3,232.4,232.2,231.7,231.8,231.8,231.6,231.3,231.1,231.2,231.7,231.9,231.9,231.9,232.0,231.9,232.0,232.1,232.0,232.0,232.0,231.9,231.8,231.7,231.8,232.0,232.0,232.0,231.8,231.7,232.1,232.0,231.8,231.7,231.7,231.7,231.7,231.7,231.6,231.5,231.4,231.4,231.5,231.6,231.7,231.8,231.8,231.8,231.8,231.8,231.8,231.8,231.8,231.9,231.9,231.9,231.9,231.8,231.7,231.6,231.5,231.4,231.3,231.3,231.3,231.3
232.6,232.3,231.7,231.2,231.5,231.7,231.8,231.9,232.0,232.0,232.1,232.2,232.3,232.4,232.0,231.7,231.7,231.8,231.5,231.3,231.1,231.1,231.2,231.5,231.5,231.5,231.6,231.7,231.7,231.8,231.8,231.9,231.8,231.7,231.7,231.7,231.7,231.6,231.9,232.0,231.9,231.6,231.3,231.3,231.3,231.2,231.1,231.1,231.3,231.4,231.4,231.4,231.4,231.5,231.6,231.7,231.8,231.9,231.9,232.0,232.0,232.0,232.0,231.8,231.8,231.7,231.6,231.6,231.5,231.5,231.5,231.4,231.3,231.3,231.2,231.2,231.2
231.9,232.0,231.9,231.5,231.0,231.5,231.6,231.7,232.0,231.9,232.0,232.2,232.2,232.3,232.4,232.1,231.8,231.7,231.7,231.5,231.3,231.2,231.2,231.1,231.1,231.1,231.0,231.1,231.3,231.4,231.3,231.3,231.4,231.2,231.2,231.2,231.1,231.3,231.4,231.6,231.6,231.7,231.8,231.8,231.9,232.0,231.9,231.8,231.8,231.8,231.8,231.8,231.9,231.9,232.0,232.1,232.2,232.2,232.1,232.1,232.1,232.1,231.9,231.9,231.7,231.6,231.4,231.3,231.3,231.3,231.3,231.3,231.3,231.3,231.2,231.2,231.2
230.6,231.3,231.6,231.6,231.4,230.9,231.4,231.6,231.7,231.9,231.9,232.0,232.2,232.3,232.2,232.4,232.3,232.0,231.9,231.7,231.6,231.4,231.3,231.2,231.2,231.0,230.8,230.8,230.7,230.7,230.7,230.8,230.8,231.0,231.0,230.9,231.0,231.1,231.2,231.4,231.8,232.0,232.1,232.1,232.2,232.3,232.6,232.7,232.7,232.8,232.8,232.7,232.7,232.7,232.7,232.7,232.6,232.4,232.4,232.3,232.2,232.1,231.9,231.9,231.7,231.6,231.4,231.3,231.3,231.2,231.3,231.3,231.2,231.3,231.3,231.3,231.3
229.9,230.3,230.8,231.3,231.5,231.4,230.9,231.4,231.6,231.7,231.8,231.8,231.9,232.2,232.5,232.5,232.5,232.5,232.3,232.1,231.9,231.8,231.6,231.4,231.3,231.2,231.1,231.0,230.9,230.8,230.8,230.8,230.9,231.0,231.1,231.2,231.3,231.3,231.5,231.5,231.7,231.8,232.0,232.3,232.4,232.8,233.0,233.1,233.3,233.3,233.4,233.4,233.4,233.3,233.2,233.2,233.0,232.9,232.8,232.7,232.5,232.3,232.1,231.9,231.8,231.7,231.6,231.5,231.4,231.3,231.3,231.4,231.3,231.3,231.2,231.2,231.2
228.8,229.6,230.4,230.7,231.2,231.4,231.4,231.0,231.4,231.6,231.7,231.7,231.8,231.9,232.0,232.3,232.6,232.7,232.8,232.6,232.4,232.2,232.0,231.8,231.6,231.4,231.2,231.2,231.1,231.0,231.0,231.1,231.1,231.2,231.3,231.5,231.6,231.7,231.8,231.9,232.0,232.1,232.2,232.3,232.4,232.6,232.8,233.0,233.1,233.2,233.3,233.4,233.4,233.4,233.3,233.3,233.2,233.1,232.9,232.7,232.5,232.4,232.3,232.2,232.1,231.9,231.8,231.6,231.5,231.5,231.3,231.3,231.3,231.2,231.1,231.0,231.0
227.6,228.5,229.7,230.9,231.4,231.6,231.7,231.5,231.1,231.4,231.6,231.6,231.7,231.7,231.8,232.0,232.1,232.4,232.7,232.9,232.9,232.8,232.5,232.3,232.1,232.0,231.8,231.7,231.7,231.6,231.6,231.7,231.7,231.8,231.8,231.9,232.0,232.2,232.3,232.4,232.5,232.6,232.7,232.7,232.8,232.9,233.0,233.2,233.1,233.2,233.2,233.2,233.1,233.2,233.4,233.4,233.4,233.2,233.1,232.9,232.8,232.6,232.5,232.4,232.4,232.3,232.1,232.0,231.8,231.6,231.4,231.3,231.2,231.1,231.0,230.7,230.5
225.9,226.9,228.2,229.7,231.2,231.8,232.1,232.0,231.8,231.4,231.3,231.6,231.6,231.7,231.7,231.7,231.9,232.1,232.3,232.5,232.7,232.8,232.9,232.8,232.6,232.4,232.2,232.2,232.1,232.1,232.1,232.2,232.3,232.4,232.5,232.6,232.8,232.8,232.9,233.0,233.0,233.0,233.0,233.1,233.2,233.2,233.3,233.4,233.4,233.5,233.6,233.6,233.8,234.0,234.1,234.1,234.2,234.1,234.1,234.0,233.8,233.5,233.3,233.0,232.8,232.5,232.3,232.0,231.8,231.7,231.5,231.3,231.2,230.9,230.7,230.6,230.5
225.2,225.9,226.8,227.7,229.4,231.4,232.2,232.5,232.4,232.2,231.8,231.5,231.6,231.6,231.6,231.7,231.8,231.9,232.0,232.2,232.4,232.5,232.6,232.6,232.6,232.6,232.5,232.5,232.5,232.6,232.7,232.7,232.8,232.9,233.0,233.0,233.1,233.1,233.2,233.2,233.3,233.3,233.4,233.5,233.6,233.7,233.9,234.0,234.2,234.3,234.4,234.5,234.6,234.6,234.5,234.5,234.5,234.5,234.1,234.0,233.8,233.6,233.3,233.1,233.0,232.8,232.5,232.3,232.0,231.7,231.4,231.1,230.9,230.6,230.3,230.2,229.9
224.8,225.9,226.7,228.0,229.0,230.3,232.0,232.5,233.0,232.6,232.2,232.0,231.9,231.6,231.7,231.7,231.7,231.8,231.9,232.0,232.2,232.2,232.3,232.4,232.5,232.5,232.5,232.5,232.6,232.6,232.7,232.8,232.9,232.9,233.0,233.0,233.1,233.2,233.3,233.4,233.5,233.6,233.8,234.0,234.2,234.4,234.5,234.7,234.7,234.7,234.7,234.6,234.5,234.4,234.3,234.1,234.2,233.9,234.1,234.1,233.8,233.4,233.2,233.1,233.0,232.9,232.7,232.5,232.1,231.7,231.3,230.9,230.5,230.3,229.5,229.5,229.6
224.2,225.2,226.6,228.3,230.1,230.8,231.6,232.6,232.9,232.8,232.4,232.1,232.2,232.3,231.8,231.7,231.7,231.7,231.8,231.9,231.9,232.0,232.1,232.2,232.2,232.2,232.3,232.4,232.4,232.5,232.6,232.7,232.8,232.9,233.0,233.0,233.1,233.3,233.4,233.6,233.8,234.1,234.3,234.4,234.5,234.5,234.5,234.3,234.1,233.9,233.8,233.6,233.5,233.3,233.1,233.0,233.0,233.0,232.9,232.8,232.6,232.4,232.5,232.5,232.6,232.6,232.5,232.4,232.0,231.6,231.4,231.3,230.8,230.2,229.1,228.3,228.8
223.9,225.6,227.8,229.5,231.5,232.0,232.0,232.5,232.3,232.2,232.0,231.8,231.8,232.1,232.1,231.6,231.6,231.6,231.7,231.6,231.7,231.8,231.9,232.0,232.1,232.1,232.1,232.2,232.3,232.4,232.5,232.6,232.7,232.8,232.9,233.1,233.2,233.5,233.7,233.8,233.9,233.9,233.9,233.8,233.6,233.4,233.2,232.8,232.6,232.3,232.0,231.7,231.5,231.2,231.0,230.9,230.9,231.0,231.0,230.8,230.6,230.9,230.7,230.5,230.9,231.1,231.3,231.1,231.0,230.8,230.5,230.4,230.1,229.5,228.4,227.7,227.9
223.4,225.3,228.0,230.5,232.3,232.6,232.2,231.8,232.0,231.5,231.2,231.4,231.3,231.4,231.5,231.4,231.5,231.3,231.2,231.4,231.6,231.7,231.8,231.8,231.8,231.9,232.0,232.1,232.1,232.2,232.3,232.5,232.7,232.8,233.0,233.1,233.2,233.2,233.1,233.1,232.9,232.7,232.5,232.3,232.0,231.6,231.2,230.9,230.5,230.2,229.8,229.4,229.0,228.8,228.7,228.6,228.6,228.7,228.5,228.4,228.3,228.7,228.2,228.6,228.9,229.3,229.2,229.2,229.2,228.9,228.6,228.2,228.6,228.3,227.6,226.5,225.4
222.8,225.0,227.8,230.1,231.7,232.1,231.4,230.9,231.1,230.6,230.3,230.2,230.3,230.5,230.6,230.7,230.7,231.0,231.2,231.2,231.2,231.4,231.6,231.7,231.8,231.9,232.0,232.1,232.1,232.2,232.3,232.4,232.4,232.5,232.5,232.3,232.2,232.1,231.9,231.7,231.4,231.1,230.7,230.3,229.9,229.5,229.1,228.7,228.3,228.0,227.8,227.7,227.6,227.4,227.2,227.1,226.9,227.0,226.5,226.2,226.2,226.3,226.4,226.5,227.1,227.2,227.7,227.7,227.3,227.1,227.1,226.8,227.3,226.5,225.8,224.9,224.7
222.0,224.1,226.8,229.0,230.1,230.1,229.6,229.2,229.1,229.2,229.3,229.2,229.1,229.2,229.3,229.9,230.2,230.4,230.6,230.8,231.0,231.2,231.4,231.6,231.6,231.6,231.7,231.7,231.6,231.5,231.5,231.5,231.4,231.3,231.2,231.0,230.8,230.6,230.3,229.9,229.5,229.0,228.6,228.0,227.6,227.0,226.8,226.8,226.9,227.0,227.0,226.9,226.8,226.7,226.5,226.2,225.8,225.5,225.4,225.1,225.1,225.1,225.5,225.5,226.0,226.2,226.3,226.7,226.2,225.8,225.0,224.7,224.6,224.3,223.7,223.0,222.5
220.9,222.6,224.9,226.8,227.6,227.6,227.5,227.6,227.5,227.3,227.3,227.3,227.5,227.9,228.2,228.2,228.7,229.3,229.6,229.9,230.4,230.4,230.9,231.5,231.2,231.2,231.2,230.9,230.6,230.3,230.3,230.1,229.9,229.8,229.6,229.4,229.2,228.9,228.6,228.1,227.5,226.8,226.1,225.4,225.2,225.4,225.8,226.1,226.2,226.2,226.1,226.0,225.9,225.8,225.6,225.3,225.0,224.6,224.5,224.4,224.5,224.7,224.7,224.9,225.0,225.1,225.3,225.4,224.6,224.4,223.8,223.6,223.4,223.2,222.9,222.4,222.1
219.7,220.9,222.7,224.3,225.0,225.5,225.6,225.8,225.9,225.9,225.9,225.9,225.9,225.9,226.1,226.4,227.0,227.7,228.3,229.0,229.3,230.0,230.3,230.2,231.0,231.1,230.0,229.5,228.9,228.8,228.7,228.6,228.4,228.2,228.1,227.9,227.6,227.1,226.4,225.7,225.0,224.4,224.0,224.0,224.2,224.3,224.5,224.5,224.6,224.5,224.5,224.4,224.4,224.3,224.1,223.9,223.8,223.8,223.8,223.8,223.8,223.9,224.0,223.9,224.0,223.9,224.0,224.1,223.8,223.5,223.6,223.9,223.3,222.6,222.4,222.2,222.1
218.6,219.4,220.5,221.8,222.6,223.1,223.6,223.8,223.8,223.8,223.9,223.9,223.8,223.7,223.9,224.3,225.0,225.9,226.7,227.7,228.8,229.3,229.2,229.2,229.3,230.1,227.7,227.9,227.8,227.7,227.6,227.3,227.0,226.8,226.6,226.2,225.5,224.7,224.0,223.4,222.8,222.6,222.7,222.8,222.7,222.5,222.4,222.2,222.3,222.4,222.4,222.5,222.5,222.4,222.4,222.4,222.4,222.5,222.5,222.7,222.8,222.9,223.0,223.0,222.9,223.0,223.0,223.0,223.0,223.0,222.9,222.8,222.9,222.7,222.4,222.4,222.4
217.8,218.3,218.7,219.5,220.5,221.2,221.5,221.8,222.0,222.0,221.9,221.8,221.6,221.5,221.7,222.0,222.6,223.5,224.4,225.6,227.0,228.1,228.8,228.5,228.0,227.6,227.3,227.0,226.9,226.7,226.6,226.4,225.9,225.4,224.7,224.2,223.4,222.6,222.1,221.6,221.4,221.6,221.6,221.1,220.8,220.4,220.1,220.0,220.0,220.1,220.1,220.2,220.1,220.1,220.2,220.3,220.4,220.6,220.8,221.0,221.3,221.3,221.4,221.5,221.5,221.6,221.7,221.9,222.0,222.0,222.0,222.0,222.0,222.1,222.3,222.4,222.7
217.4,217.6,217.9,218.1,218.7,219.3,219.8,219.9,219.9,219.9,219.9,219.7,219.5,219.4,219.6,220.3,220.9,221.6,222.8,223.8,224.8,226.0,225.8,226.3,226.1,226.0,226.0,226.2,226.3,226.2,225.8,225.1,224.2,223.6,222.9,222.3,221.5,221.0,220.5,220.3,220.5,220.3,219.9,219.5,219.0,218.6,218.3,218.2,218.2,218.2,218.2,218.2,218.3,218.3,218.3,218.4,218.6,218.7,218.8,218.9,219.1,219.2,219.3,219.4,219.5,219.6,219.6,219.6,219.7,219.8,219.9,220.1,220.4,220.9,221.4,221.9,222.4
217.1,217.2,217.5,217.5,217.9,218.1,218.4,218.6,218.7,218.7,218.5,218.3,218.1,218.3,218.7,219.0,219.4,219.9,220.8,220.6,221.8,222.6,222.7,223.4,223.7,223.9,224.2,224.7,224.9,224.7,224.3,223.7,222.8,222.1,221.3,220.8,220.1,219.6,219.4,219.4,219.2,218.9,218.6,218.2,217.7,217.3,217.0,216.8,216.8,216.7,216.7,216.6,216.6,216.5,216.6,216.7,216.8,216.9,217.0,217.1,217.3,217.6,217.8,218.0,218.1,218.1,218.2,218.2,218.3,218.4,218.6,218.9,219.3,219.7,220.2,220.6,221.0
216.7,216.9,217.0,217.3,217.4,217.6,217.7,217.8,217.9,217.9,217.8,217.7,217.7,217.7,217.7,217.8,218.1,218.3,218.5,218.2,219.1,219.5,220.0,220.5,221.0,221.5,222.1,222.8,223.2,223.0,222.6,222.2,221.6,220.7,220.2,219.5,219.0,218.6,218.6,218.2,218.0,217.7,217.5,217.2,216.8,216.4,216.1,215.9,215.8,215.7,215.6,215.4,215.3,215.3,215.3,215.4,215.5,215.6,215.7,215.8,216.0,216.1,216.3,216.4,216.4,216.4,216.5,216.5,216.7,216.9,217.1,217.5,218.0,218.5,219.1,219.7,220.2
216.1,216.4,216.7,217.0,217.2,217.2,217.5,217.6,217.7,217.8,217.7,217.6,217.4,217.3,217.2,217.1,217.0,217.2,217.1,217.2,217.4,217.7,218.0,218.5,218.9,219.4,220.0,220.7,221.3,221.2,220.9,220.7,220.2,219.7,219.1,218.3,217.8,217.5,217.2,216.9,216.6,216.6,216.5,216.4,216.2,215.9,215.7,215.5,215.3,215.2,215.0,214.8,214.7,214.7,214.8,214.9,215.0,215.1,215.2,215.2,215.3,215.4,215.4,215.4,215.5,215.5,215.6,215.8,216.1,216.4,216.6,216.9,217.2,217.4,217.8,218.1,218.5
215.6,215.9,216.2,216.5,216.8,216.9,216.9,217.1,217.3,217.4,217.4,217.3,217.3,217.1,217.2,216.5,216.7,216.7,216.6,216.5,216.6,216.7,216.8,217.0,217.2,217.5,217.7,218.1,218.5,218.7,218.5,218.4,218.5,218.2,217.6,217.0,216.5,216.2,216.0,215.7,215.6,215.5,215.5,215.6,215.6,215.6,215.5,215.3,215.1,214.9,214.7,214.6,214.5,214.5,214.6,214.7,214.8,214.9,215.1,215.1,215.1,215.1,215.1,215.2,215.3,215.3,215.4,215.6,215.8,216.0,216.3,216.6,216.9,217.2,217.5,217.9,218.2
214.9,215.2,215.6,215.9,216.2,216.5,216.6,216.6,216.6,216.7,216.7,216.7,216.6,216.8,216.4,216.5,216.3,216.4,216.4,216.2,216.1,216.1,216.1,216.2,216.3,216.3,216.4,216.5,216.5,216.6,216.6,216.5,216.3,216.0,215.6,215.2,214.9,214.7,214.6,214.6,214.7,214.8,215.0,215.1,215.2,215.3,215.4,215.4,215.2,215.0,214.8,214.6,214.5,214.4,214.5,214.6,214.7,214.8,215.0,215.1,215.2,215.2,215.1,215.1,215.0,215.1,215.1,215.1,215.2,215.3,215.5,215.8,216.0,216.3,216.6,217.0,217.5
