wind-weather/data/weather/current/current-relative_humidity-isobaric-850hPa-gfs-1.0.json
{"header": {"discipline":0,"disciplineName":"Meteorologicalproducts","gribEdition":2,"gribLength":75136,"center":7,"centerName":"USNationalWeatherService-NCEP(WMC)","subcenter":0,"refTime":"2015-09-28T00:00:00.000Z","significanceOfRT":0,"significanceOfRTName":"Analysis","productStatus":0,"productStatusName":"Operationalproducts","productType":0,"productTypeName":"Analysisproducts","productDefinitionTemplate":0,"productDefinitionTemplateName":"Analysis/forecastathorizontallevel/layeratapointintime","parameterCategory":1,"parameterCategoryName":"Moisture","parameterNumber":1,"parameterNumberName":"Relative_humidity","parameterUnit":"percent","genProcessType":0,"genProcessTypeName":"Analysis","forecastTime":0,"surface1Type":100,"surface1TypeName":"Isobaricsurface","surface1Value":85000.0,"surface2Type":255,"surface2TypeName":"Missing","surface2Value":0.0,"gridDefinitionTemplate":0,"gridDefinitionTemplateName":"Latitude_Longitude","numberPoints":65160,"shape":6,"shapeName":"Earthsphericalwithradiusof6,371,229.0m","gridUnits":"degrees","resolution":48,"winds":"true","scanMode":0,"nx":360,"ny":181,"basicAngle":0,"subDivisions":0,"lo1":0.0,"la1":90.0,"lo2":359.0,"la2":-90.0,"dx":1.0,"dy":1.0}, "data":
[rows 38 to 75 of 181, columns 0 to 83 of 360]
19.6,19.4,18.9,18.4,21.6,26.9,33.1,52.5,53.6,62.0,55.5,62.7,97.2,93.5,68.7,78.3,87.5,87.5,76.9,47.6,36.5,40.4,44.0,63.8,74.1,60.8,56.6,53.3,52.6,68.7,96.1,97.5,88.6,65.5,80.0,43.5,37.3,40.6,42.6,43.3,41.2,43.5,45.6,40.6,48.7,63.0,65.0,53.4,52.7,54.1,58.2,59.0,66.1,71.8,49.2,57.2,85.8,93.7,99.7,91.0,76.9,54.7,29.8,3.9,1.2,5.2,16.2,23.5,26.1,30.8,35.4,29.8,32.5,42.8,58.3,62.7,57.1,62.2,68.2,82.2,85.6,84.8,75.7,69.8
15.8,18.1,19.0,20.6,22.6,25.4,31.3,40.9,39.4,56.1,68.2,78.5,98.2,89.8,87.2,80.0,80.6,80.3,81.7,63.4,68.2,76.7,73.9,78.2,79.2,66.6,67.4,70.8,80.3,95.8,96.8,96.6,60.0,82.5,52.3,49.3,42.4,45.8,43.4,43.9,44.4,42.9,45.8,42.3,53.6,59.5,47.5,31.8,43.6,54.6,55.3,65.5,71.4,68.1,63.6,74.6,80.7,92.7,81.2,63.5,30.0,2.5,0.4,5.3,10.2,17.6,22.6,25.1,29.8,28.7,24.8,30.3,40.3,47.6,63.5,71.8,74.5,69.4,73.4,85.4,92.0,80.5,65.7,60.6
12.3,12.7,14.3,17.6,19.2,27.7,33.7,33.4,61.2,72.7,82.0,83.1,91.4,90.6,89.4,88.1,81.6,77.5,91.1,94.0,96.6,93.8,93.8,92.2,80.9,68.1,67.1,86.3,93.6,97.0,95.3,65.4,65.7,73.8,44.1,57.6,51.3,48.0,42.7,35.1,42.0,45.2,44.7,45.5,50.0,52.4,46.3,34.9,33.3,53.0,60.7,60.7,65.7,69.9,74.3,75.7,87.2,69.0,45.6,16.9,1.5,1.8,5.4,9.7,16.0,19.4,22.0,23.7,25.5,27.4,37.4,42.9,54.8,63.7,71.6,84.5,89.5,93.7,90.3,89.7,89.2,81.9,65.6,83.2
11.3,14.3,15.2,14.4,20.7,23.9,43.8,48.9,60.5,72.6,67.3,75.0,76.8,68.4,83.5,81.0,81.4,90.4,93.7,80.3,94.6,93.0,70.2,99.7,95.2,80.1,87.2,91.3,91.9,87.9,67.2,59.0,80.2,57.0,45.2,64.7,62.5,51.0,44.8,26.5,27.6,40.2,44.6,45.9,45.9,42.9,39.4,37.7,37.5,38.8,58.0,61.8,63.1,69.4,72.5,76.6,56.0,39.5,22.2,17.4,14.1,7.2,7.4,13.0,15.7,18.5,21.8,23.6,29.1,35.2,40.6,52.1,67.3,65.7,65.5,84.0,87.4,91.0,86.8,94.9,93.0,81.1,63.8,66.6
23.5,28.5,36.4,40.6,44.0,47.4,49.1,64.5,66.1,70.9,80.2,82.5,77.0,76.8,83.6,80.9,85.3,85.5,93.1,38.1,63.5,44.8,69.0,85.4,75.4,96.1,97.8,98.3,88.4,78.1,69.7,75.9,74.7,55.5,48.6,56.1,61.1,63.1,48.8,33.4,20.3,25.8,32.0,41.0,44.6,46.1,47.4,41.5,43.6,41.9,47.7,57.2,62.4,56.1,51.0,43.2,42.5,36.2,31.8,35.0,29.6,32.6,23.0,14.6,13.6,22.2,25.0,42.4,42.7,42.6,42.4,47.6,53.9,67.5,66.3,72.1,71.4,75.1,87.8,79.7,82.1,80.5,79.2,76.2
57.8,66.3,64.5,54.5,42.9,43.1,31.1,47.5,86.4,95.0,92.6,100.0,92.7,92.7,100.0,72.0,83.5,85.6,96.2,67.1,37.8,62.0,92.9,95.6,96.1,85.5,97.8,94.7,89.1,84.7,83.1,77.9,66.4,60.0,45.9,34.9,26.5,45.7,56.6,41.3,21.2,22.3,24.7,35.1,42.4,43.2,42.1,40.3,36.7,36.6,45.2,51.9,55.6,47.6,43.0,42.2,42.4,42.1,42.4,45.3,47.8,46.4,41.4,26.9,18.7,14.1,30.0,59.9,60.3,50.8,41.0,40.8,48.9,59.4,53.8,53.9,56.1,59.1,55.7,62.2,71.0,64.5,64.3,59.9
41.2,39.7,46.8,72.0,51.3,44.0,41.8,97.2,100.0,98.5,91.6,82.2,82.8,74.4,69.8,75.9,78.5,96.3,98.5,69.6,56.6,91.6,96.8,97.6,96.9,89.2,90.1,95.4,89.0,76.4,73.2,71.1,67.8,71.1,49.2,26.7,26.4,53.5,55.8,43.1,36.7,27.3,29.3,27.3,32.7,43.0,44.8,43.4,40.1,36.2,35.6,48.2,51.0,51.1,53.9,50.1,44.7,41.8,46.7,51.0,50.4,50.8,49.3,46.7,49.2,51.6,62.3,58.7,56.4,45.0,32.9,25.2,28.4,40.6,40.3,40.6,46.7,48.6,47.2,42.9,45.6,87.3,77.2,75.9
65.1,70.1,84.4,64.5,83.9,53.0,84.7,100.0,78.5,71.8,86.6,77.0,65.4,60.8,56.7,60.4,86.2,96.9,98.9,84.4,93.4,97.8,96.2,95.0,97.9,99.0,98.6,87.0,69.9,66.7,62.4,53.1,42.7,46.2,38.5,39.3,25.2,51.2,62.9,54.2,45.0,45.5,41.1,43.6,33.1,27.4,34.1,37.0,41.3,43.7,45.9,39.6,44.9,49.5,52.2,50.8,48.5,40.8,46.8,54.8,54.5,51.8,52.4,48.0,43.9,53.5,60.2,69.5,76.8,68.2,61.6,64.6,56.1,53.2,68.6,65.4,58.0,52.3,50.5,60.3,69.5,72.2,88.9,93.5
56.1,73.3,78.0,85.0,60.7,52.2,73.3,64.8,67.4,68.1,61.1,76.7,99.7,97.3,77.2,60.7,47.0,97.3,95.8,98.2,96.6,99.7,97.4,87.1,99.6,99.5,99.2,87.1,70.9,59.6,53.0,57.7,56.0,54.8,53.9,34.5,26.1,57.6,59.5,49.7,53.9,54.8,60.6,58.5,55.1,43.2,31.8,31.9,33.6,37.7,42.9,46.3,40.7,44.8,46.9,50.2,49.1,43.0,43.1,53.4,53.7,50.0,48.0,46.7,42.3,44.8,48.9,50.4,51.9,66.2,65.6,65.8,66.4,68.7,65.1,75.9,59.8,48.5,45.1,41.3,73.6,93.3,74.8,88.9
75.7,71.9,50.8,88.6,54.7,59.5,82.1,79.4,86.8,79.0,67.4,56.6,71.7,94.5,97.1,74.0,70.9,63.7,55.1,91.8,95.7,98.3,93.5,89.2,94.0,93.0,95.7,94.8,75.6,68.1,63.7,51.4,47.3,37.2,32.7,24.0,30.4,66.7,69.9,73.5,46.6,41.3,52.1,49.5,46.1,33.6,32.6,38.3,39.4,37.8,37.8,43.2,47.8,47.6,49.2,53.6,49.2,44.0,49.0,50.9,46.6,47.3,46.1,46.1,46.9,46.9,44.2,43.2,50.2,49.1,54.7,77.8,71.8,74.4,80.9,71.2,100.0,99.5,98.1,80.7,69.8,62.3,75.6,100.0
75.5,86.1,70.9,57.8,52.0,72.9,73.3,61.4,69.6,67.9,63.6,48.3,76.4,70.4,99.0,93.6,76.7,65.7,77.3,68.3,78.0,79.2,90.4,78.8,97.9,98.9,99.5,72.0,71.8,56.5,44.7,35.7,29.3,25.4,21.0,18.6,45.3,68.6,74.8,74.2,83.1,54.8,40.4,65.2,53.9,45.9,49.4,83.4,45.7,43.8,38.9,37.4,40.9,48.3,47.8,47.0,53.4,50.0,47.5,45.1,39.7,37.4,38.1,40.1,42.1,43.4,43.8,44.9,42.3,45.7,47.8,65.9,60.4,50.0,88.3,76.7,92.9,100.0,99.1,52.7,67.2,70.6,34.0,43.8
50.5,81.8,58.0,44.4,68.7,59.8,60.4,74.2,65.5,70.5,70.4,67.4,74.4,76.9,51.9,77.4,62.3,52.7,74.9,68.5,76.7,88.8,74.9,88.8,85.8,77.1,76.2,77.6,64.9,57.0,56.3,44.0,33.0,41.9,22.3,17.0,37.9,61.9,41.4,49.7,52.6,69.7,74.9,91.4,92.6,69.2,85.2,60.8,35.9,43.8,38.8,37.5,41.2,43.1,44.7,44.6,45.2,50.4,47.0,40.9,29.7,35.8,39.0,37.0,42.4,41.8,39.8,43.2,42.2,37.9,32.9,36.6,30.0,40.0,78.9,85.7,100.0,80.0,43.6,51.3,38.6,33.0,33.1,31.0
70.2,72.8,71.5,63.8,63.0,58.2,64.6,64.7,79.9,72.4,59.8,67.1,68.2,61.3,80.5,83.8,75.5,68.1,69.5,70.9,83.4,92.9,82.1,79.9,88.9,88.5,75.2,68.5,60.6,58.6,59.5,47.4,35.2,36.9,38.7,47.9,41.9,64.0,49.1,43.3,42.2,37.0,52.7,78.1,54.4,72.5,93.6,55.2,44.3,40.8,38.1,37.8,38.5,36.1,33.1,35.2,37.9,37.1,37.6,34.8,30.9,33.6,35.3,33.8,40.3,35.4,33.7,34.3,37.9,37.0,40.3,34.0,54.4,73.8,85.0,59.6,25.6,25.6,24.8,33.7,32.9,29.0,28.8,25.2
59.3,55.1,65.9,52.6,56.6,68.7,68.2,73.9,81.5,79.9,69.4,80.7,62.9,83.6,74.6,82.3,71.5,71.2,71.7,67.4,58.9,48.5,73.4,78.3,63.0,73.9,60.7,82.1,63.5,59.5,57.8,57.4,36.4,31.4,38.3,41.0,39.4,48.6,27.3,23.8,23.0,27.6,31.6,39.0,51.9,62.4,65.3,74.4,81.4,42.9,31.5,43.0,34.7,32.7,34.6,35.3,34.4,35.8,35.6,37.6,37.8,38.0,35.8,37.3,38.7,31.5,28.6,24.5,68.6,67.2,49.7,67.0,80.8,57.0,37.0,20.9,26.9,17.1,19.3,19.5,17.8,17.4,19.3,16.9
46.0,43.6,61.4,59.9,65.7,71.0,68.5,68.8,78.0,83.5,79.1,62.3,74.6,75.2,80.3,94.8,85.0,89.2,81.9,60.8,63.9,55.6,88.2,71.1,76.6,63.9,65.8,31.1,89.7,57.5,62.2,49.0,53.0,35.7,30.0,30.5,46.5,52.1,32.0,29.1,29.0,30.2,30.3,43.6,46.9,62.4,51.9,70.3,75.3,53.9,59.8,56.0,67.2,42.6,33.7,36.4,39.7,36.7,37.4,36.0,34.4,35.7,36.1,35.6,37.8,30.7,25.5,31.5,29.5,35.2,24.8,57.8,52.1,33.1,23.4,40.1,42.2,21.6,17.6,18.3,16.0,20.1,20.7,19.6
40.0,38.4,48.4,56.7,61.0,67.8,65.2,74.0,77.5,77.2,77.0,68.9,67.8,66.0,72.0,84.5,49.2,74.5,68.3,75.5,77.9,67.1,63.8,72.6,65.3,62.2,68.5,46.7,15.2,45.0,57.2,24.6,77.1,57.6,54.7,53.7,51.7,37.7,38.6,41.3,38.5,39.6,32.0,28.1,21.5,45.5,41.5,67.1,67.0,66.9,74.2,45.7,59.6,72.8,50.6,42.5,33.5,29.9,44.2,43.8,35.3,35.8,35.0,35.0,31.5,25.5,26.0,27.7,27.4,29.7,28.6,15.6,44.3,15.5,73.2,69.8,34.0,47.9,68.6,34.7,28.1,25.7,26.0,26.9
35.4,32.4,27.3,48.0,54.4,67.9,70.8,72.0,67.5,70.1,72.0,74.1,72.4,69.0,68.6,57.3,81.3,67.5,55.0,77.5,74.0,75.4,74.6,65.3,74.4,75.8,48.7,28.3,16.8,16.7,16.5,29.7,31.3,30.1,34.0,40.6,64.0,37.7,50.9,55.8,37.2,36.4,41.5,32.4,26.2,21.3,27.7,49.0,56.0,66.3,53.6,14.4,30.2,54.7,49.6,35.9,22.8,25.3,30.0,34.0,37.2,33.8,30.7,25.8,25.5,30.6,33.2,35.2,31.0,25.7,49.5,52.5,21.6,90.4,35.5,87.3,97.9,90.1,55.4,73.4,59.8,93.0,74.4,85.7
38.3,32.4,52.1,33.9,50.4,49.3,35.9,46.7,54.6,66.6,68.9,70.4,71.6,66.8,58.6,47.2,45.5,66.1,79.7,72.4,77.8,66.6,75.8,91.2,87.8,78.0,69.9,62.6,62.5,35.4,18.5,24.4,27.1,53.8,50.2,53.2,51.2,42.9,60.3,33.4,37.6,36.8,37.2,34.9,30.7,23.0,18.8,23.6,24.6,19.0,15.3,20.4,19.8,19.3,33.4,21.6,17.5,20.9,27.4,29.6,37.3,30.4,29.0,31.5,28.1,45.0,45.2,49.5,31.3,25.4,35.2,28.8,27.9,26.6,80.3,80.3,61.8,72.8,69.8,72.3,51.1,45.2,37.4,70.4
31.8,28.0,32.2,24.4,25.5,25.9,28.7,38.1,45.0,48.7,61.1,59.6,64.0,67.7,62.7,54.2,49.7,61.5,88.4,71.7,72.8,85.6,99.4,98.5,85.9,89.5,74.5,65.2,59.3,53.7,37.2,36.1,28.5,24.0,30.1,28.1,80.8,57.3,34.5,34.4,34.9,34.7,26.6,28.7,31.0,25.6,22.2,25.4,30.6,34.1,36.4,27.5,20.0,20.3,15.6,15.4,16.6,19.2,22.2,32.0,32.5,19.3,27.0,40.2,37.1,24.8,17.3,21.7,27.8,32.1,60.9,60.9,57.7,48.5,63.8,34.4,38.2,67.2,75.3,72.8,63.7,27.5,29.0,43.4
26.6,31.5,44.9,39.7,46.2,40.9,35.0,47.7,42.1,46.6,52.8,66.8,62.9,55.1,54.6,57.5,48.0,56.1,61.0,57.2,92.9,97.0,86.3,69.9,67.7,71.4,70.8,61.7,54.6,53.9,46.4,41.8,33.1,24.0,26.2,15.2,40.5,31.6,32.9,25.5,26.5,27.6,26.3,25.9,23.4,24.5,22.2,20.2,23.7,26.5,38.6,24.9,20.3,22.6,22.2,21.9,25.4,24.2,17.1,28.6,32.4,20.7,20.6,13.1,17.0,14.7,14.2,20.6,17.3,38.6,48.2,54.5,54.3,51.9,51.6,20.2,50.1,46.2,36.8,53.4,59.7,47.2,48.0,46.4
34.1,43.2,39.0,39.6,42.6,46.0,42.0,39.6,50.0,51.7,55.4,58.9,60.3,67.8,65.5,52.7,51.2,61.6,55.2,76.2,80.6,73.5,67.1,58.4,50.1,54.5,58.9,51.9,48.2,48.5,45.9,39.1,34.2,24.2,18.2,12.4,24.4,24.2,25.0,20.9,20.6,23.1,21.8,20.7,20.3,20.4,18.5,20.0,20.6,21.6,26.5,25.9,15.6,14.7,14.6,19.6,18.8,21.6,13.0,15.5,29.0,16.6,6.2,10.4,10.5,10.6,12.5,14.3,17.1,35.4,48.7,41.8,56.2,47.3,50.9,42.5,37.3,11.0,44.5,76.2,67.2,49.2,46.0,45.4
34.0,33.7,34.4,37.3,40.3,43.6,42.3,47.7,49.8,55.0,61.4,63.8,66.0,82.4,63.9,61.6,57.6,61.6,65.6,70.6,64.9,64.0,53.5,43.9,42.1,42.7,49.2,59.1,46.9,43.9,43.9,37.6,33.9,18.6,12.4,32.3,40.8,27.7,27.9,24.8,22.7,19.1,18.8,19.5,20.8,21.6,22.9,22.5,21.7,23.3,23.8,35.7,21.3,16.6,14.4,15.5,15.8,15.6,12.6,11.0,16.7,16.9,6.1,9.0,11.0,9.7,11.0,13.4,13.5,23.1,40.8,46.3,54.6,42.9,46.8,46.8,42.8,31.2,39.1,66.6,52.7,48.7,73.9,53.7
36.4,33.7,30.8,35.6,38.5,41.4,49.3,50.8,50.7,48.6,43.3,60.4,68.4,67.9,59.3,55.5,59.0,54.7,60.6,64.4,54.6,46.5,43.6,37.8,37.2,46.0,38.2,47.1,50.6,41.0,40.0,36.3,32.2,27.7,16.3,41.6,37.3,27.5,26.7,19.6,18.9,18.8,18.4,17.5,19.3,20.1,20.8,20.2,20.6,23.0,24.0,25.7,21.2,18.9,17.5,14.2,19.7,15.4,9.0,11.0,16.0,18.8,8.0,12.8,12.0,12.2,11.7,11.8,8.4,12.0,35.5,51.5,51.4,35.9,45.9,44.0,44.2,42.5,41.7,77.4,43.1,98.4,31.1,63.9
39.0,37.0,33.3,29.4,32.4,38.1,41.1,42.4,43.2,41.1,49.4,65.0,61.4,61.2,60.4,59.9,67.1,67.8,70.4,56.5,46.0,44.9,40.3,37.0,35.1,35.3,32.9,39.5,40.2,38.7,39.1,33.0,26.5,10.4,65.1,54.8,30.1,21.7,18.5,17.9,17.8,17.6,17.8,15.8,13.0,14.0,15.5,17.4,17.9,20.4,23.9,24.0,26.7,16.0,19.0,8.9,35.8,22.3,16.0,9.5,10.0,15.5,11.2,9.3,10.6,12.5,10.8,12.0,25.3,38.2,35.4,49.7,57.8,44.8,56.5,48.1,41.0,43.1,46.8,45.5,43.3,63.6,97.3,36.5
35.6,37.6,36.6,37.2,35.5,37.9,42.0,40.5,42.0,45.5,51.8,55.0,56.5,60.2,60.5,67.8,65.2,56.8,53.1,48.1,41.6,43.3,34.2,31.8,31.3,31.1,32.0,32.4,33.6,32.5,33.1,29.4,24.0,13.5,38.0,24.1,29.7,22.7,20.6,17.1,18.5,17.0,15.3,11.8,11.6,12.5,14.5,15.2,16.3,18.9,21.1,22.3,24.3,25.5,22.9,46.7,39.8,31.4,18.0,9.5,9.6,12.8,14.5,11.4,11.0,12.3,11.3,20.5,31.9,29.2,29.0,32.7,40.9,43.4,37.2,52.9,48.0,48.9,47.9,47.8,51.4,48.1,59.0,72.8
30.4,31.3,34.7,35.1,37.8,39.0,39.4,45.8,50.7,53.9,59.9,63.9,63.8,60.6,55.0,53.7,52.1,52.2,43.4,30.8,34.1,31.7,29.3,27.8,27.7,30.1,26.7,28.5,30.2,24.0,26.6,27.2,19.2,10.3,26.6,27.0,23.4,22.7,22.8,20.0,18.1,15.9,12.3,12.6,12.8,13.3,12.2,14.2,14.8,18.5,18.3,19.9,20.5,22.7,17.0,8.5,23.7,20.1,32.0,13.8,9.8,28.1,11.8,9.2,11.7,7.4,12.1,27.1,29.2,18.3,15.7,30.6,47.3,39.1,40.7,48.0,43.4,46.5,56.2,55.0,52.7,40.0,59.6,65.6
28.8,28.4,32.3,33.2,33.4,39.7,43.5,50.4,59.2,67.8,58.1,61.8,56.5,55.2,52.9,53.8,48.3,39.1,31.6,29.1,31.4,28.1,25.4,24.6,28.3,29.7,27.1,24.9,25.0,23.7,21.6,21.4,17.6,18.2,33.4,25.5,24.2,21.0,20.5,21.1,18.5,13.3,10.9,11.9,13.4,12.8,12.4,14.6,15.1,17.5,15.5,17.8,17.9,22.6,16.4,8.0,11.4,18.8,25.2,22.0,18.4,19.0,22.5,13.7,8.8,13.1,16.3,27.7,22.7,38.2,39.9,38.1,57.2,29.9,47.7,54.4,42.1,35.3,42.5,50.0,46.6,46.9,49.5,58.2
27.5,26.0,26.9,26.6,23.8,25.0,37.0,31.7,44.6,45.2,48.9,55.8,49.3,47.1,43.3,40.2,37.1,33.3,30.9,31.5,25.7,23.2,21.0,21.8,29.3,27.4,25.4,28.7,23.5,23.1,18.1,18.4,19.8,27.4,26.3,29.3,26.3,23.4,21.4,21.0,16.7,7.9,10.8,12.7,12.3,12.3,12.7,13.2,16.6,17.9,13.8,11.0,11.4,10.8,10.6,11.3,7.9,37.6,21.4,14.2,13.0,21.9,19.1,14.0,9.3,10.1,15.6,16.3,14.7,40.0,36.5,49.3,37.2,45.8,41.4,43.9,50.4,47.3,42.7,47.1,46.1,52.7,56.6,58.7
23.7,25.7,25.7,24.5,21.5,14.5,21.5,37.9,33.3,40.3,37.8,44.7,41.5,37.4,33.2,34.0,27.3,27.5,26.0,18.8,19.2,19.7,23.7,22.6,24.8,20.7,28.8,30.3,27.1,24.3,21.3,21.7,23.8,26.7,25.3,25.8,21.9,19.5,16.7,18.8,17.3,6.4,9.7,10.8,10.8,12.4,13.1,13.7,13.8,14.3,17.4,12.9,13.1,13.5,15.0,12.6,20.0,12.8,11.3,10.6,8.7,10.5,9.5,12.2,14.8,15.0,13.6,14.3,6.3,17.9,25.0,31.4,25.1,52.5,50.6,47.8,57.2,46.7,43.9,44.2,55.8,57.5,54.7,60.7
27.8,26.4,23.5,18.8,27.0,27.8,31.3,29.5,36.1,35.0,31.1,25.9,27.9,27.8,25.9,22.1,26.0,22.7,21.6,18.5,18.5,18.3,18.0,16.5,20.2,24.1,24.4,24.5,28.7,29.7,27.3,25.9,23.4,23.0,22.2,18.9,19.9,19.9,16.5,13.8,8.6,5.4,6.9,9.1,11.0,12.9,13.5,13.7,14.3,13.1,15.5,18.9,19.8,22.1,16.6,19.5,21.9,27.0,18.5,17.4,12.0,8.1,8.5,13.8,16.4,19.1,15.9,15.6,17.9,25.0,33.6,38.4,30.1,53.9,55.4,61.3,56.3,54.1,61.6,57.5,58.4,59.4,60.8,63.5
34.1,32.3,30.1,28.4,29.6,27.6,26.7,26.5,23.8,25.5,22.2,21.7,21.6,19.0,20.0,17.7,20.7,20.6,19.6,22.1,16.5,15.0,15.3,15.4,17.6,26.5,24.8,24.9,28.1,28.8,27.9,24.9,21.9,20.7,20.6,16.4,15.7,18.0,17.6,13.8,15.2,4.9,7.8,7.0,10.5,15.1,14.2,14.2,15.3,17.0,16.8,15.3,21.6,17.1,16.3,23.3,24.1,27.9,27.9,26.2,11.4,13.5,11.5,15.8,16.4,14.9,15.1,17.3,18.5,22.4,34.8,49.9,47.4,46.5,63.8,63.5,66.7,64.8,66.1,63.9,63.4,63.8,66.4,67.5
35.1,38.1,36.2,31.3,29.6,26.7,24.3,25.8,24.5,24.5,18.2,17.7,12.4,14.1,15.5,16.0,15.0,24.3,21.0,18.7,14.5,13.9,14.1,15.4,17.0,20.9,22.9,23.1,25.7,26.6,24.1,21.4,19.3,17.5,17.0,15.7,15.6,15.2,20.4,20.1,24.6,2.9,13.2,8.4,9.9,11.2,11.4,13.3,14.9,18.5,17.3,15.8,18.1,20.7,23.8,25.1,23.3,24.7,24.7,27.7,23.0,17.9,13.9,15.0,12.7,13.6,14.1,15.2,16.1,17.6,42.9,41.5,45.5,50.7,57.3,60.2,67.4,70.1,70.8,64.8,70.0,63.5,62.4,64.5
40.9,39.8,33.9,31.7,24.4,26.1,22.3,23.0,24.4,26.9,18.8,15.2,12.6,12.9,13.2,14.6,14.2,13.4,13.9,13.1,13.3,13.3,14.6,16.2,17.0,17.4,20.3,23.1,23.7,23.3,21.2,17.6,16.0,16.7,15.2,16.3,15.4,19.2,17.2,16.8,23.9,16.4,8.0,14.0,13.7,13.5,12.0,12.1,13.9,16.2,19.8,19.3,18.7,18.4,19.9,22.3,24.1,24.6,26.8,26.6,12.1,14.4,13.7,14.9,15.4,15.7,16.6,25.9,25.6,22.1,44.1,35.8,50.0,70.8,51.7,68.9,76.2,71.1,68.4,64.2,55.3,60.1,67.8,69.6
39.2,38.2,32.6,30.8,27.0,24.9,18.9,20.6,20.9,21.9,15.0,11.5,13.2,14.7,14.0,15.5,13.0,10.7,11.9,12.7,13.0,14.2,14.3,15.0,17.0,17.1,17.5,19.2,19.7,20.1,18.5,16.8,14.3,14.0,17.1,12.4,10.1,16.5,14.0,16.6,18.1,33.9,20.7,20.9,18.5,14.0,12.8,13.0,16.2,15.7,18.9,18.1,20.4,23.7,22.1,24.3,23.7,23.0,19.2,12.9,11.5,13.8,15.7,16.5,17.3,18.3,43.1,60.3,41.9,25.4,31.1,28.4,50.9,42.8,66.0,65.0,77.5,68.6,61.9,56.8,65.4,66.3,87.9,78.6
36.7,30.3,30.2,31.7,28.6,23.7,20.6,20.2,18.8,16.3,14.8,13.9,15.2,15.7,16.3,11.0,10.9,11.8,11.5,12.3,12.5,11.7,13.8,14.6,17.2,16.6,17.4,17.9,18.9,18.9,16.6,15.5,15.2,15.5,16.9,12.2,9.8,25.2,25.9,25.0,22.3,18.5,28.0,37.8,18.9,14.2,16.4,16.0,18.3,17.8,15.5,14.5,17.2,24.2,28.5,23.4,18.1,18.2,17.1,15.2,14.1,15.0,18.4,27.1,43.6,79.8,87.5,80.3,55.6,44.4,28.6,13.6,29.4,56.4,66.8,68.2,70.3,66.3,64.0,59.0,60.8,65.6,91.3,79.6
34.1,30.0,31.2,32.5,27.4,22.2,23.3,22.9,20.1,18.5,17.7,17.4,15.2,14.3,15.2,15.3,14.4,15.8,15.8,14.6,13.9,14.2,15.2,16.2,17.0,17.0,18.3,18.8,18.1,16.4,16.4,17.9,18.4,20.6,19.6,20.0,8.1,29.0,21.4,36.8,29.2,26.8,25.1,34.2,21.3,17.8,16.9,15.8,16.0,16.5,16.2,17.6,20.9,19.9,18.5,18.5,14.0,14.0,14.6,16.1,18.7,22.5,31.2,73.5,99.3,93.1,84.6,79.4,56.2,40.3,39.0,23.6,4.1,57.5,58.7,63.5,61.3,69.5,65.2,78.2,70.7,81.2,81.4,81.0
31.5,31.0,31.5,31.0,31.8,26.0,27.0,20.9,19.5,19.9,20.5,21.2,17.1,17.3,18.3,19.6,19.1,20.3,16.2,16.6,14.6,14.0,15.8,15.9,15.7,16.2,17.1,16.4,15.2,17.1,18.4,18.4,19.0,20.6,19.6,24.2,24.4,21.5,15.5,37.2,30.5,33.6,34.1,54.2,45.4,19.8,33.6,26.3,34.6,25.6,21.4,17.3,16.8,15.6,11.2,12.3,19.1,28.3,32.4,35.5,35.8,34.6,42.2,64.0,93.3,91.8,88.0,84.7,66.4,38.9,32.6,33.5,18.2,61.2,58.6,72.8,74.9,80.0,77.8,74.6,81.3,67.1,76.3,75.8
29.6,31.1,36.8,40.6,29.7,33.1,30.6,23.5,23.3,22.7,21.1,24.5,23.5,21.4,23.3,21.3,21.5,22.9,22.0,23.5,22.5,15.4,15.9,15.4,16.0,16.5,18.5,16.5,18.0,23.2,32.6,46.0,44.0,28.5,21.3,24.5,34.7,39.7,38.2,29.4,35.4,31.5,33.0,53.0,54.2,46.8,40.7,26.1,48.8,50.6,25.6,13.9,11.3,16.2,28.3,35.1,38.7,38.3,40.8,45.2,48.7,52.9,55.8,46.7,72.7,89.1,89.5,84.1,79.2,51.1,25.3,24.1,68.0,72.1,63.4,69.4,81.7,89.0,91.2,87.6,76.7,68.5,75.4,85.5
