wind-weather/data/weather/current/current-relative_humidity-surface-level-gfs-1.0.json
{"header": {"discipline":0,"disciplineName":"Meteorologicalproducts","gribEdition":2,"gribLength":67911,"center":7,"centerName":"USNationalWeatherService-NCEP(WMC)","subcenter":0,"refTime":"2015-09-28T00:00:00.000Z","significanceOfRT":0,"significanceOfRTName":"Analysis","productStatus":0,"productStatusName":"Operationalproducts","productType":0,"productTypeName":"Analysisproducts","productDefinitionTemplate":0,"productDefinitionTemplateName":"Analysis/forecastathorizontallevel/layeratapointintime","parameterCategory":1,"parameterCategoryName":"Moisture","parameterNumber":1,"parameterNumberName":"Relative_humidity","parameterUnit":"percent","genProcessType":0,"genProcessTypeName":"Analysis","forecastTime":0,"surface1Type":100,"surface1TypeName":"Isobaricsurface","surface1Value":100000.0,"surface2Type":255,"surface2TypeName":"Missing","surface2Value":0.0,"gridDefinitionTemplate":0,"gridDefinitionTemplateName":"Latitude_Longitude","numberPoints":65160,"shape":6,"shapeName":"Earthsphericalwithradiusof6,371,229.0m","gridUnits":"degrees","resolution":48,"winds":"true","scanMode":0,"nx":360,"ny":181,"basicAngle":0,"subDivisions":0,"lo1":0.0,"la1":90.0,"lo2":359.0,"la2":-90.0,"dx":1.0,"dy":1.0}, "data":
[rows 76 to 113 of 181, columns 0 to 83 of 360]
35.8,32.9,36.5,38.9,44.2,46.7,48.7,43.6,33.1,27.2,28.8,37.3,41.6,47.6,46.3,35.2,41.1,25.7,22.8,25.0,28.7,32.8,25.1,28.8,28.3,23.2,30.7,43.2,50.1,47.7,48.3,41.3,39.8,41.9,43.3,46.7,48.8,56.6,30.7,39.7,38.4,45.3,48.6,66.0,56.3,54.7,49.1,45.8,67.3,71.7,68.7,78.6,80.2,81.4,75.9,80.3,78.3,78.3,79.8,81.5,77.1,66.6,68.1,69.6,75.6,77.6,77.7,77.8,74.5,73.7,71.6,68.3,73.8,72.8,70.9,90.7,84.6,82.1,73.0,67.2,71.6,65.9,68.3,70.3
32.8,44.1,47.2,41.1,43.8,47.5,53.7,53.3,50.7,43.4,41.9,43.5,50.3,52.9,49.2,39.9,39.6,41.6,46.3,34.0,33.8,33.0,37.3,34.4,42.5,38.4,40.7,46.2,48.2,62.6,54.1,49.7,42.6,46.6,50.5,55.6,65.1,62.1,36.6,31.3,31.2,31.6,46.7,72.3,49.8,73.7,68.6,65.3,63.3,60.1,68.4,76.2,84.6,84.1,77.0,83.5,79.4,79.3,81.6,82.3,79.7,76.8,66.7,70.6,74.9,76.7,75.4,76.6,77.0,74.9,73.1,69.7,66.9,70.8,72.1,86.3,87.6,88.6,82.1,72.5,72.9,67.5,67.9,67.7
50.2,49.7,46.2,50.8,50.0,53.7,60.0,70.2,74.3,57.3,48.0,49.6,51.5,46.6,49.3,47.3,49.3,51.4,51.7,52.0,50.3,50.2,53.2,50.3,50.8,44.4,43.3,48.2,52.3,58.0,62.9,56.7,50.8,62.9,64.2,66.9,69.4,73.1,48.7,51.7,29.8,40.3,67.3,90.1,69.2,73.3,75.7,70.8,57.2,59.9,62.3,66.3,86.4,86.9,82.3,83.4,82.6,77.2,80.9,82.3,79.6,77.3,73.6,69.7,76.2,77.1,73.8,75.8,76.8,76.2,73.9,76.0,71.7,71.2,70.7,74.5,92.0,90.0,80.6,73.0,72.2,69.0,69.2,72.9
64.1,73.1,75.3,61.6,69.8,60.7,54.7,64.9,76.6,70.8,55.4,55.7,46.9,47.9,43.1,41.6,41.5,43.1,51.8,52.8,58.3,57.7,59.0,55.4,50.6,45.1,46.2,49.5,49.3,52.2,49.2,53.4,63.4,59.8,68.7,80.5,62.5,80.3,67.2,80.5,42.5,53.1,62.5,86.3,74.4,71.0,72.0,55.7,56.7,56.8,65.1,80.2,86.2,89.3,87.3,85.6,84.8,80.9,76.4,80.5,78.4,77.1,75.5,76.3,76.0,75.3,76.4,74.0,78.3,75.5,74.6,76.7,77.2,75.9,78.0,71.0,88.7,80.8,76.8,75.1,68.8,70.8,72.1,73.0
83.8,61.7,64.4,69.8,64.2,62.2,58.3,58.4,69.1,69.9,63.8,64.4,55.9,51.2,49.9,46.3,53.5,60.0,60.6,61.4,64.3,62.0,57.5,64.6,61.9,54.9,60.0,54.8,51.2,52.0,53.9,64.4,60.4,56.8,65.6,74.8,61.2,82.8,57.3,48.1,35.0,43.6,39.8,58.8,70.2,68.4,51.0,41.6,45.3,65.3,71.0,82.1,85.7,89.5,87.6,86.5,84.7,83.0,74.2,74.8,76.9,77.4,76.1,78.9,77.5,78.1,78.4,74.8,76.8,78.4,76.4,76.7,75.0,75.6,75.1,77.3,76.5,82.2,75.8,67.6,68.0,74.3,74.2,75.1
72.6,65.3,80.2,83.5,90.7,85.2,90.2,77.7,73.8,66.1,75.4,75.4,72.2,52.7,61.1,64.8,71.4,71.0,68.3,60.6,72.2,68.7,62.5,68.6,75.6,81.2,72.6,62.5,57.1,60.1,60.2,67.7,58.8,54.7,77.7,78.2,71.8,71.7,58.5,48.0,37.0,60.1,57.0,51.8,48.2,41.7,40.1,35.4,39.0,54.6,70.6,86.1,87.1,87.3,86.8,86.8,85.1,82.1,74.6,74.9,77.1,77.9,75.6,77.0,77.7,76.9,80.8,77.2,78.8,80.5,79.5,76.5,73.9,74.8,67.9,73.3,73.3,84.7,70.8,66.5,72.2,88.6,74.9,72.6
72.4,67.7,85.9,90.9,96.2,98.9,95.7,91.4,92.3,91.9,79.5,75.4,79.0,65.6,75.9,85.3,80.2,79.4,76.9,77.6,81.5,66.6,69.5,69.9,72.2,70.4,75.4,81.4,73.0,75.0,60.0,64.5,58.2,64.7,79.3,90.8,89.2,82.7,79.8,58.9,61.2,48.3,40.4,43.3,44.8,37.0,40.1,39.9,54.6,65.4,82.4,87.8,84.4,84.9,85.3,85.8,83.9,81.9,77.8,77.4,75.9,74.6,75.8,76.4,76.4,74.9,76.8,77.2,76.3,79.4,80.0,79.6,75.3,74.4,74.8,68.8,70.3,74.8,73.4,73.8,83.0,83.7,75.6,75.1
86.3,95.8,95.0,90.6,92.7,98.5,97.5,95.3,92.0,94.4,84.4,78.2,74.0,78.7,81.3,84.8,76.7,69.5,66.5,73.7,69.6,65.1,65.6,72.0,64.0,71.0,74.0,83.4,81.1,79.3,75.9,67.1,61.0,71.4,71.1,79.5,58.1,74.1,77.6,79.4,75.4,47.0,39.8,42.7,44.1,44.9,53.0,54.4,62.9,64.2,88.9,86.1,85.1,85.9,85.6,85.1,83.2,80.1,77.1,74.0,71.8,72.9,75.2,72.6,76.1,76.3,76.6,76.2,76.7,78.7,79.5,79.7,78.2,73.3,71.1,72.0,70.5,73.0,74.1,74.9,88.4,86.8,78.8,77.6
96.0,87.8,86.4,83.8,79.3,78.2,95.8,97.0,95.1,92.1,81.9,73.5,87.0,83.4,85.2,81.6,80.9,74.8,72.3,73.4,70.2,69.9,71.0,75.7,82.8,78.8,73.2,77.7,71.3,70.9,75.2,75.0,69.3,71.7,63.8,56.1,44.8,46.6,70.5,62.7,50.4,44.6,61.9,52.7,56.9,61.9,63.2,63.9,65.9,79.4,88.7,85.8,85.3,85.5,84.1,83.8,82.1,81.2,75.0,72.6,65.0,68.7,70.1,74.3,73.0,75.7,72.7,77.2,77.7,78.7,79.6,78.3,77.6,77.3,75.3,76.9,77.8,71.0,70.6,73.1,75.4,78.7,77.4,75.2
88.5,88.7,84.0,78.6,77.1,75.1,91.6,92.5,93.6,99.5,100.0,99.0,100.0,92.2,86.1,76.4,79.4,79.3,83.6,73.0,79.9,71.3,74.7,69.3,74.1,69.5,69.6,70.9,74.2,76.1,74.5,81.0,63.3,71.3,59.4,34.6,35.1,42.2,62.9,51.0,69.1,69.7,57.5,67.4,66.7,63.7,68.4,66.8,76.1,86.8,87.0,85.8,83.6,81.5,83.8,80.5,78.0,78.0,72.2,69.1,70.4,67.5,67.6,69.3,72.4,73.7,75.5,75.5,77.1,78.3,77.4,77.2,75.7,76.0,77.1,76.1,76.1,74.4,72.0,70.1,71.3,72.3,71.9,71.7
86.3,85.1,84.0,81.6,80.8,81.0,80.3,81.8,84.3,79.3,96.4,99.0,99.7,91.2,85.3,82.4,77.6,79.7,79.0,81.5,67.9,65.3,63.6,74.3,74.9,82.8,70.3,71.9,69.9,73.1,71.4,83.5,74.5,57.7,44.7,39.3,51.4,48.2,61.7,81.2,71.8,66.3,65.4,70.2,78.3,75.3,77.5,78.1,83.7,84.5,84.0,84.7,81.4,79.0,77.3,74.2,73.2,73.5,68.0,67.6,65.0,64.8,66.2,71.0,72.4,73.1,74.0,74.6,76.1,76.1,76.1,74.7,76.2,78.1,78.0,75.5,76.9,76.5,77.8,79.8,79.4,78.1,76.1,73.2
86.2,85.1,85.1,82.3,79.4,81.8,87.5,86.5,87.0,87.7,92.0,98.6,96.8,96.8,90.0,93.9,89.8,82.1,76.0,71.0,61.3,64.1,81.0,75.4,72.0,70.5,78.2,69.3,79.7,77.9,79.2,90.7,85.2,77.8,45.9,45.0,48.4,53.3,59.7,66.4,72.5,72.7,79.1,81.6,84.2,78.3,83.6,81.0,81.9,81.6,82.6,84.5,82.3,80.3,76.3,74.3,70.7,67.3,69.5,69.8,66.2,71.0,70.9,73.6,72.4,72.0,74.5,74.6,75.3,75.0,76.7,76.5,77.1,76.3,78.2,78.3,79.0,79.9,79.8,80.7,79.3,77.4,73.8,73.4
83.6,84.2,84.3,84.0,85.4,86.2,85.9,86.2,87.2,87.9,100.0,100.0,99.7,95.6,92.4,95.3,90.1,86.9,77.8,67.4,67.9,72.6,79.2,80.1,67.0,69.5,76.4,71.5,89.2,90.4,83.8,69.0,83.9,82.0,83.2,42.6,38.6,72.2,65.0,66.1,69.8,73.3,80.2,86.1,88.3,84.8,81.6,80.6,79.7,80.0,81.9,83.4,84.3,84.1,79.9,71.3,71.2,70.9,67.5,68.2,68.3,71.3,70.9,72.5,71.5,71.1,73.8,74.3,75.4,75.6,75.0,73.6,74.9,77.1,76.7,76.3,76.2,79.7,81.3,81.3,76.7,73.2,70.3,74.2
84.3,84.6,85.5,85.3,84.6,85.2,84.3,85.8,88.0,88.5,96.8,97.8,94.8,87.9,89.4,89.4,86.5,83.0,67.1,66.8,70.8,72.2,58.1,64.0,77.1,73.8,83.9,85.1,90.6,90.9,72.1,76.4,80.7,74.1,86.6,51.5,39.3,69.8,70.9,67.3,74.0,76.3,82.7,87.4,82.8,81.3,80.7,80.2,81.1,81.8,82.8,85.2,83.6,81.0,74.2,71.7,73.5,72.2,67.1,69.0,68.5,70.3,73.0,73.0,72.4,73.6,73.1,73.5,75.5,76.4,75.8,76.3,75.7,75.9,75.8,75.5,78.3,79.5,82.3,76.5,71.9,68.4,71.4,74.8
84.5,85.7,87.3,87.0,86.5,85.7,85.0,85.8,88.1,87.5,98.3,96.9,86.4,80.9,86.3,87.6,82.5,74.7,70.6,67.3,70.6,65.2,62.8,77.0,73.3,76.3,84.5,73.3,83.8,78.3,71.9,82.0,83.9,71.9,80.5,80.0,52.1,75.1,80.0,74.5,81.4,84.2,85.6,82.9,80.9,81.1,80.9,83.1,82.3,83.7,85.3,84.6,80.1,79.2,75.4,73.9,72.6,71.7,66.3,68.6,67.6,67.5,68.9,68.3,68.5,72.1,73.5,74.2,76.4,76.4,76.4,76.3,76.6,76.8,77.7,75.6,77.2,79.4,78.4,72.8,68.7,69.0,75.2,74.1
86.0,85.8,84.9,84.1,85.4,85.6,81.3,87.3,88.3,87.0,88.2,91.0,90.6,79.2,83.3,81.6,75.7,56.5,68.2,68.8,74.0,64.8,64.2,65.4,68.8,78.9,75.2,80.6,93.9,91.5,89.6,72.3,77.8,83.3,77.2,75.2,81.5,89.0,84.3,79.0,85.6,90.2,83.2,82.0,81.3,80.9,82.0,82.5,83.2,84.8,80.8,80.4,80.0,76.5,77.0,74.6,72.2,71.0,67.0,67.4,64.5,64.4,65.7,66.1,64.1,67.4,71.0,71.9,74.5,75.6,76.2,77.4,76.8,76.7,77.5,75.4,80.4,77.7,73.7,71.4,70.0,73.3,74.3,72.8
86.8,86.3,86.2,85.1,85.9,87.8,86.3,88.1,87.9,86.9,91.9,88.9,98.6,86.6,74.4,78.2,62.3,61.5,65.1,57.6,70.0,61.8,56.4,68.2,61.2,73.3,73.9,69.6,88.8,65.0,70.8,64.4,62.0,81.3,79.0,59.3,65.0,92.1,91.3,82.6,89.7,84.8,82.3,81.2,80.8,81.5,81.6,81.6,81.5,82.9,79.9,79.1,78.4,78.6,77.8,74.0,71.5,71.7,68.8,66.6,66.2,68.0,68.3,67.7,67.8,69.1,73.3,75.6,74.9,74.0,73.2,72.7,73.8,74.3,76.4,77.1,79.7,75.1,73.0,73.1,72.4,75.5,73.6,71.1
85.0,84.9,85.8,87.3,88.2,88.7,88.2,89.0,87.7,87.8,85.0,91.9,94.0,94.6,80.2,73.4,53.9,53.5,60.3,56.7,64.1,57.3,59.2,66.9,66.3,67.4,67.1,74.9,80.1,53.5,67.7,57.4,71.3,74.7,57.0,60.0,68.8,78.6,85.9,83.6,85.0,81.7,82.4,80.4,80.1,80.7,80.4,81.0,80.5,80.9,78.4,80.8,80.8,77.7,76.1,72.4,74.4,75.1,73.6,68.2,69.6,75.4,74.1,72.2,69.9,69.5,73.3,74.0,77.0,70.6,67.3,67.0,70.0,71.0,75.4,75.8,74.2,72.9,71.5,73.4,77.1,73.4,71.6,69.6
84.2,84.9,85.8,87.0,88.2,88.3,89.3,88.1,86.5,87.7,87.8,87.0,92.2,80.5,76.9,54.7,52.0,47.3,56.2,60.9,59.0,59.6,60.1,67.9,68.1,68.4,68.8,78.6,81.9,53.3,55.6,60.2,44.3,38.2,46.0,61.3,76.4,85.7,85.3,91.7,81.2,80.6,80.7,80.2,79.9,80.3,80.1,80.3,81.3,77.6,77.3,76.3,75.5,75.1,74.6,72.6,72.6,72.0,71.3,73.8,74.1,72.5,70.1,71.3,71.5,71.3,75.6,84.9,79.5,80.3,78.3,73.5,66.6,67.6,72.4,68.4,69.2,73.3,72.9,77.4,75.9,72.4,70.8,70.0
82.6,84.0,84.4,86.3,87.1,88.3,89.5,87.8,86.4,87.7,86.1,85.9,84.5,89.7,77.4,78.2,60.2,55.6,50.1,57.6,58.5,58.3,60.8,73.6,66.1,70.5,79.4,78.3,73.7,67.6,54.0,39.9,42.9,53.8,57.7,83.4,95.0,82.7,94.3,86.4,80.3,79.6,79.9,80.9,80.1,79.7,79.0,79.5,81.2,84.0,78.2,77.9,73.2,71.5,72.8,72.9,72.3,74.5,74.5,74.9,75.3,75.7,75.8,72.7,74.1,75.5,76.4,77.7,79.5,78.8,79.0,78.0,73.1,67.2,72.0,69.4,68.0,69.4,76.2,77.6,73.8,71.3,71.9,71.0
81.3,80.3,82.0,83.6,84.3,85.4,87.1,86.5,87.1,86.4,86.1,86.4,83.5,87.6,78.0,80.3,53.2,55.1,58.5,53.5,57.8,62.5,66.4,68.4,69.2,66.5,75.2,75.7,69.1,49.0,46.6,46.9,49.0,55.5,76.9,67.8,85.0,93.9,90.4,79.9,78.6,79.0,79.5,80.9,80.9,80.3,79.4,77.5,77.8,79.3,81.7,82.2,77.4,76.0,76.7,75.3,75.0,75.9,76.8,76.4,75.9,74.7,75.5,76.5,76.0,74.1,76.1,76.5,77.2,79.2,79.7,76.7,75.0,74.2,71.3,68.8,69.1,69.4,75.8,75.1,73.2,72.5,72.1,71.2
83.4,80.3,79.6,79.3,82.3,84.1,84.3,86.8,85.9,85.9,85.4,85.1,85.2,90.2,80.7,82.8,73.9,50.2,60.1,62.7,61.7,58.7,65.6,66.6,69.5,79.1,78.1,71.5,64.8,59.1,42.1,46.9,50.1,58.6,67.9,67.5,69.1,78.6,79.6,91.8,77.2,77.9,78.8,79.8,78.5,79.2,79.0,77.9,76.3,75.1,73.8,75.7,76.2,76.6,76.6,76.4,74.4,73.8,74.0,73.1,73.6,73.1,72.6,72.9,72.5,73.4,75.4,76.5,76.9,78.9,79.8,75.3,72.8,74.2,69.1,67.9,70.3,70.7,75.8,74.5,72.6,71.7,71.8,70.1
89.9,92.4,81.3,80.8,82.6,81.1,81.4,84.6,84.8,84.0,84.3,83.6,83.7,85.8,93.1,85.8,79.7,45.2,60.0,69.3,68.3,61.6,66.5,66.8,70.3,71.6,70.5,62.8,62.5,54.4,46.0,42.0,51.6,61.5,67.7,68.3,94.0,77.9,83.3,84.9,75.4,75.2,76.6,78.1,77.9,77.3,77.6,76.5,76.6,76.7,74.5,71.4,73.3,74.2,73.9,73.4,72.8,71.7,70.9,70.4,72.7,75.5,74.3,72.2,71.8,73.3,75.5,76.6,77.5,78.1,78.0,76.3,75.4,73.3,73.1,72.0,69.8,75.8,74.1,73.8,73.3,72.3,69.4,68.0
88.7,90.2,89.7,89.4,88.3,81.6,80.2,83.0,83.9,83.7,83.9,84.1,83.5,83.4,77.4,86.1,81.0,55.3,56.5,70.9,61.5,62.8,67.5,75.2,70.1,73.0,61.1,58.3,60.1,50.9,51.3,50.5,56.3,73.1,83.5,93.7,58.0,79.8,94.3,87.0,76.5,74.3,75.5,75.8,76.0,77.8,77.4,77.1,77.2,76.9,76.4,72.4,69.4,70.3,71.1,70.7,70.6,69.0,67.8,70.4,73.0,75.6,76.0,75.4,73.4,73.5,76.5,76.5,76.9,77.0,78.1,75.9,73.9,75.0,75.2,76.6,80.6,77.4,75.6,74.7,73.4,71.3,68.5,66.6
82.5,80.2,87.2,90.2,95.4,83.7,84.9,81.9,82.6,83.9,84.6,85.2,82.9,88.6,86.4,85.0,78.3,71.7,46.6,41.5,49.8,55.7,67.4,69.4,67.1,61.4,65.4,55.9,48.3,59.3,56.2,57.4,57.6,64.4,59.9,77.8,78.6,83.9,85.5,93.7,75.9,75.5,75.1,76.5,76.5,74.7,73.2,77.3,76.2,77.6,76.4,74.8,71.4,70.8,69.4,69.1,69.3,69.8,67.7,68.4,72.8,73.8,74.4,74.7,74.4,75.3,76.7,77.0,76.1,77.9,76.4,77.4,76.3,78.9,79.7,79.3,80.2,77.0,73.7,74.2,73.1,70.3,69.2,67.3
80.3,79.3,79.4,85.4,89.8,94.3,85.9,80.8,86.6,89.7,88.9,90.0,88.2,90.9,83.6,78.6,77.0,49.1,42.6,48.5,43.0,37.0,49.3,67.6,63.0,61.9,57.9,62.6,53.8,44.0,45.7,53.9,68.7,58.7,73.8,79.5,68.0,76.1,70.1,83.6,89.5,72.6,72.0,74.1,74.2,75.5,73.9,73.0,74.6,77.5,77.1,75.5,73.6,70.9,70.8,70.7,69.9,70.5,71.3,67.1,68.2,70.0,71.2,74.1,75.6,75.7,77.3,77.1,76.4,77.2,77.4,77.4,76.6,80.8,83.7,78.9,80.1,78.3,76.2,74.2,71.1,69.7,69.1,67.9
85.0,86.1,85.6,85.3,87.2,93.5,94.9,89.9,92.0,91.9,89.9,92.0,91.1,90.7,80.2,78.0,72.1,60.8,47.8,43.1,44.6,41.0,32.0,41.3,54.3,46.3,47.2,46.2,38.0,42.9,49.0,54.3,59.3,66.2,69.7,61.9,59.4,59.4,64.6,75.9,86.6,69.3,71.0,70.1,71.4,77.2,76.0,66.2,62.9,68.8,76.7,76.0,74.0,72.6,70.7,69.8,70.5,70.7,69.3,68.2,68.9,69.1,70.0,73.0,74.8,75.3,76.9,76.9,76.8,77.4,78.9,79.4,80.0,82.0,83.8,83.4,79.2,79.5,76.3,73.5,71.3,69.7,67.9,68.9
87.6,87.5,88.0,89.3,90.2,96.0,98.8,93.5,91.3,90.5,89.2,90.3,86.9,84.0,72.8,87.2,65.8,61.4,50.4,45.2,45.4,38.0,40.1,41.9,36.4,37.6,36.7,36.3,38.3,51.5,52.9,65.9,48.3,67.9,64.7,67.9,59.2,54.1,67.2,89.2,89.8,75.8,76.3,76.2,75.9,72.4,72.8,75.8,65.3,59.3,77.2,76.1,73.6,71.6,70.9,70.3,70.1,71.1,72.0,69.2,69.0,70.6,70.3,71.2,73.3,75.1,76.8,77.3,76.4,77.3,77.5,78.3,78.6,82.2,83.8,85.4,80.7,82.2,76.9,73.1,73.1,71.0,69.4,69.4
89.2,87.8,86.2,87.4,89.8,91.5,96.0,95.2,97.5,96.6,95.2,93.7,94.6,78.7,74.6,74.7,51.5,47.6,47.9,44.7,42.9,42.9,40.8,41.0,36.1,32.2,28.9,37.3,39.1,38.3,41.4,46.4,56.1,65.2,65.9,58.4,50.5,60.3,73.4,87.0,94.9,76.7,70.5,70.5,70.1,65.0,64.6,67.6,69.4,91.7,76.2,73.4,71.9,71.1,69.3,70.0,70.4,69.5,68.3,69.3,70.0,70.6,70.1,70.9,72.6,74.3,75.4,75.5,74.1,75.6,76.3,78.1,79.0,80.3,83.1,82.4,83.5,80.3,76.1,73.7,74.1,73.1,70.9,71.4
86.2,91.6,93.5,91.6,91.4,91.2,92.2,93.1,93.7,92.2,95.1,94.7,92.4,74.8,80.2,71.3,42.3,31.7,36.3,41.4,40.5,38.8,38.3,35.5,32.7,29.3,26.5,33.3,35.9,35.4,42.4,39.9,56.0,45.1,58.6,52.2,39.1,60.3,78.1,96.4,96.7,73.2,67.9,68.2,69.9,60.8,61.2,60.2,60.5,92.5,97.7,73.8,70.9,67.3,66.5,65.8,66.8,65.6,63.7,64.1,66.4,68.3,68.8,69.5,70.6,71.5,71.9,72.2,73.2,74.7,75.8,78.2,79.6,80.8,81.7,82.0,80.6,77.0,76.7,77.1,75.8,75.3,74.3,72.6
84.9,89.1,93.3,92.5,91.9,89.6,90.5,90.1,94.3,94.2,92.8,91.9,83.2,79.4,92.5,88.6,49.2,13.2,11.7,19.4,21.9,29.5,27.2,21.3,20.0,24.0,31.7,34.7,44.3,37.7,45.5,36.7,41.4,41.8,47.3,43.9,49.0,63.8,76.3,87.2,87.8,74.3,69.7,66.7,58.7,55.0,57.3,57.6,59.6,86.6,76.4,73.8,72.6,70.7,68.9,67.4,66.4,65.7,64.2,64.4,65.5,66.3,66.2,66.4,65.7,66.3,65.7,65.9,68.5,74.8,76.6,76.2,78.9,81.3,81.1,82.5,79.7,80.0,77.9,76.4,81.7,76.3,74.3,73.8
88.1,92.5,90.9,89.3,88.6,89.9,90.7,93.9,93.4,90.9,94.1,92.3,71.6,75.9,76.6,28.9,14.8,10.1,10.5,15.2,18.5,18.5,17.8,17.4,29.9,38.3,29.1,26.7,27.0,35.0,40.1,45.4,45.2,51.2,59.0,77.6,75.5,70.2,76.2,79.4,75.9,71.9,69.9,68.2,61.1,54.4,56.2,52.3,90.6,98.5,73.2,72.8,72.7,72.1,71.6,70.0,66.3,64.0,63.0,63.0,63.6,64.5,65.2,65.3,63.4,63.2,62.4,61.4,61.7,70.9,76.1,77.3,75.6,80.0,81.1,83.3,82.7,79.8,80.5,79.6,81.0,79.5,78.2,76.7
89.3,92.5,92.2,92.2,92.4,92.3,93.4,93.6,93.4,88.8,92.6,88.1,74.7,51.0,40.7,33.8,25.1,6.1,7.5,8.5,14.0,15.0,13.8,16.0,28.7,32.8,28.1,29.9,31.1,41.6,39.9,48.9,55.7,61.0,80.6,78.9,78.6,70.9,75.9,77.9,72.6,73.3,75.2,70.2,70.7,54.4,58.4,78.0,91.5,98.2,72.1,72.0,70.2,68.9,69.7,68.8,66.7,64.4,63.6,64.5,62.3,66.1,67.0,64.9,62.9,61.9,60.7,61.5,62.5,65.9,71.3,76.4,77.7,76.8,79.0,80.4,82.7,82.8,82.8,83.2,85.1,85.0,82.8,82.0
78.5,85.4,91.6,91.9,93.5,90.2,92.6,92.7,93.6,89.5,92.0,90.1,93.7,72.3,43.5,32.8,28.5,19.2,9.7,9.0,11.5,11.0,13.3,15.1,19.4,27.6,31.7,34.3,38.9,28.2,47.5,57.9,47.5,77.1,80.8,93.5,77.2,79.9,78.4,77.1,79.2,79.3,77.6,77.9,67.9,59.3,60.1,80.9,92.1,86.0,69.5,63.3,65.3,70.1,66.7,64.8,63.4,62.5,62.4,62.8,63.2,64.0,64.6,62.6,63.1,61.9,61.7,63.4,63.1,64.4,66.3,67.7,74.0,75.3,76.9,78.4,79.3,81.5,82.6,83.9,86.0,85.4,84.7,79.9
80.3,82.5,83.6,90.2,87.4,87.1,88.5,89.1,91.3,87.0,90.8,89.4,89.9,94.3,40.7,45.8,35.1,27.1,23.2,12.1,10.7,11.1,13.2,14.5,14.4,15.0,19.6,30.0,27.0,30.3,27.8,30.3,33.9,80.8,88.4,84.6,82.0,78.8,77.3,80.4,79.1,78.2,77.9,72.3,70.3,72.8,54.4,87.5,82.5,78.5,71.3,68.9,66.2,64.8,67.7,65.4,62.7,60.2,59.8,61.5,60.7,59.7,61.9,63.3,62.6,65.9,65.4,63.6,64.6,65.5,65.6,62.4,69.5,69.3,72.6,73.4,77.8,77.7,77.5,80.8,82.9,84.4,85.7,84.1
77.2,81.2,81.8,81.9,84.1,84.9,86.1,87.1,87.1,86.9,85.4,84.9,86.3,88.0,68.6,46.5,29.5,27.1,29.8,24.6,14.0,11.2,11.8,12.2,12.2,21.1,24.7,28.2,26.1,24.3,22.0,25.7,72.6,91.1,91.5,85.9,81.2,79.4,77.5,78.2,78.8,78.2,77.4,79.2,62.8,48.5,58.7,86.8,89.4,74.7,76.7,74.7,73.0,69.9,66.6,61.9,63.8,63.0,61.1,63.9,61.6,62.8,63.5,65.1,67.0,64.7,67.8,67.2,66.7,65.3,65.4,66.8,65.3,67.2,67.1,72.0,72.1,72.4,73.9,73.6,76.8,79.6,79.6,80.4
73.7,81.2,84.2,79.2,79.9,85.9,83.8,85.0,84.2,84.2,82.4,81.4,81.7,83.2,90.5,42.7,36.3,23.4,32.4,25.9,24.4,10.2,12.2,11.3,13.8,22.8,26.6,29.6,27.4,25.3,25.6,42.3,86.2,83.5,92.9,88.3,84.5,83.2,80.7,79.5,78.1,79.2,79.4,79.0,59.2,61.9,83.7,89.3,84.3,77.1,76.0,72.7,70.1,68.1,66.1,65.4,62.6,61.9,63.7,64.4,63.7,64.9,65.9,64.7,65.9,67.5,67.1,72.4,73.0,70.0,68.8,69.1,67.0,65.4,67.3,64.7,68.7,68.4,70.1,72.3,72.9,76.7,79.2,80.5
71.5,77.3,88.0,88.6,87.9,78.0,78.8,80.1,82.2,80.5,79.8,78.6,76.2,80.0,86.4,55.8,23.2,21.1,27.6,24.9,25.8,15.6,14.5,12.4,17.1,23.6,25.3,30.5,34.2,35.4,35.5,33.5,66.8,78.5,82.6,96.0,81.8,81.6,79.3,76.2,74.7,76.8,75.9,67.6,59.4,71.8,75.8,97.3,79.5,78.2,77.3,72.8,70.3,62.6,63.6,63.3,62.4,64.2,64.6,64.9,67.8,70.0,75.0,74.0,71.4,71.6,72.4,72.2,70.6,71.3,75.8,78.1,73.2,70.9,68.4,69.9,66.9,67.3,68.8,67.8,63.2,63.5,68.9,73.8
