wind-weather/data/weather/current/current-temp-isobaric-70hPa-gfs-1.0.json
{"header": {"discipline":0,"disciplineName":"Meteorologicalproducts","gribEdition":2,"gribLength":26081,"center":7,"centerName":"USNationalWeatherService-NCEP(WMC)","subcenter":0,"refTime":"2015-09-28T00:00:00.000Z","significanceOfRT":0,"significanceOfRTName":"Analysis","productStatus":0,"productStatusName":"Operationalproducts","productType":0,"productTypeName":"Analysisproducts","productDefinitionTemplate":0,"productDefinitionTemplateName":"Analysis/forecastathorizontallevel/layeratapointintime","parameterCategory":0,"parameterCategoryName":"Temperature","parameterNumber":0,"parameterNumberName":"Temperature","parameterUnit":"K","genProcessType":0,"genProcessTypeName":"Analysis","forecastTime":0,"surface1Type":100,"surface1TypeName":"Isobaricsurface","surface1Value":7000.0,"surface2Type":255,"surface2TypeName":"Missing","surface2Value":0.0,"gridDefinitionTemplate":0,"gridDefinitionTemplateName":"Latitude_Longitude","numberPoints":65160,"shape":6,"shapeName":"Earthsphericalwithradiusof6,371,229.0m","gridUnits":"degrees","resolution":48,"winds":"true","scanMode":0,"nx":360,"ny":181,"basicAngle":0,"subDivisions":0,"lo1":0.0,"la1":90.0,"lo2":359.0,"la2":-90.0,"dx":1.0,"dy":1.0}, "data":
[rows 102 to 135 of 181, columns 77 to 153 of 360]
200.1,199.8,199.8,199.8,200.0,200.0,199.9,199.8,199.6,199.4,199.2,199.0,198.9,199.1,199.2,199.1,199.2,199.3,199.4,199.7,200.1,200.5,200.7,200.9,201.0,201.1,201.3,201.3,201.3,201.0,200.7,200.5,200.5,200.5,200.6,200.7,200.8,200.7,200.6,200.6,200.8,200.9,200.8,200.8,200.8,200.8,200.8,200.7,200.8,201.0,201.1,201.0,201.0,201.4,202.0,202.3,202.4,202.5,202.5,202.5,202.6,202.6,202.6,202.2,201.5,200.8,200.4,200.3,200.5,200.8,201.0,201.1,201.0,200.8,200.7,200.8,201.0
200.5,200.2,199.9,199.7,199.7,199.8,199.9,199.7,199.6,199.5,199.5,199.4,199.4,199.4,199.6,199.7,199.8,199.8,199.8,199.9,200.2,200.5,200.8,201.0,201.1,201.2,201.4,201.5,201.4,201.3,200.9,200.7,200.5,200.4,200.4,200.4,200.6,200.8,200.8,200.9,201.0,201.0,200.9,200.8,200.9,200.9,201.0,200.9,201.0,201.2,201.4,201.4,201.4,201.4,201.8,202.2,202.5,202.6,202.7,202.5,202.3,202.4,202.5,202.5,202.4,202.2,201.6,201.0,200.7,200.8,201.2,201.4,201.4,201.1,200.7,200.6,200.7
200.9,200.6,200.3,200.1,199.7,199.5,199.6,199.5,199.6,199.7,199.8,199.9,199.9,199.9,199.9,200.1,200.2,200.2,200.3,200.3,200.4,200.6,200.8,201.1,201.2,201.2,201.3,201.4,201.5,201.4,201.2,200.9,200.7,200.5,200.4,200.4,200.6,200.8,201.0,201.1,201.1,201.1,201.0,200.9,200.9,201.1,201.2,201.3,201.2,201.4,201.7,201.8,201.8,201.5,201.2,201.5,201.9,202.4,202.8,202.8,202.5,202.2,202.4,202.2,202.1,202.6,202.9,202.6,201.9,201.3,201.1,201.3,201.5,201.4,201.2,200.8,200.7
201.1,200.9,200.7,200.3,200.1,199.6,199.6,199.5,199.7,199.8,200.1,200.3,200.3,200.4,200.4,200.4,200.4,200.5,200.6,200.7,200.8,200.9,200.9,201.0,201.1,201.2,201.2,201.3,201.3,201.3,201.2,201.1,200.9,200.7,200.5,200.5,200.7,200.9,201.0,201.1,201.3,201.3,201.3,201.1,201.1,201.2,201.5,201.6,201.6,201.6,201.8,201.9,202.0,201.8,201.3,201.1,201.4,201.8,202.3,202.7,202.8,202.2,202.2,202.5,202.0,202.0,203.0,203.5,203.4,202.7,201.7,201.0,200.8,201.1,201.4,201.4,201.1
201.3,201.3,201.2,201.0,200.5,200.0,200.2,200.1,199.8,200.0,200.3,200.7,200.7,200.7,200.7,200.7,200.7,200.7,200.8,200.9,201.1,201.3,201.3,201.3,201.2,201.2,201.2,201.2,201.1,201.1,201.1,201.1,200.9,200.8,200.6,200.6,200.7,200.9,201.1,201.3,201.6,201.8,201.8,201.7,201.6,201.5,201.7,202.0,202.2,202.2,202.0,202.0,202.2,202.4,202.2,201.8,201.7,202.0,202.2,202.6,203.0,202.4,202.0,202.6,202.7,202.5,202.5,203.2,203.8,203.4,202.4,201.5,201.1,200.9,201.1,201.5,201.7
201.4,201.5,201.7,201.8,201.1,200.9,200.7,200.4,200.1,200.3,200.6,200.9,201.0,201.1,201.1,201.1,201.0,200.9,200.9,201.1,201.3,201.4,201.4,201.4,201.4,201.4,201.4,201.3,201.2,201.2,201.1,201.0,200.9,200.8,200.8,200.8,200.7,200.8,201.0,201.4,201.7,202.0,202.2,202.3,202.2,202.0,202.0,202.3,202.7,202.7,202.6,202.7,202.4,202.3,202.5,202.4,202.0,202.2,202.4,202.5,203.3,203.0,201.6,202.6,202.9,203.4,203.6,203.5,203.3,202.9,202.2,201.9,201.7,201.4,201.2,201.1,201.5
201.8,201.8,202.1,202.3,202.0,201.5,201.3,201.2,200.8,200.9,201.0,201.2,201.3,201.7,201.7,201.7,201.6,201.4,201.3,201.4,201.5,201.6,201.6,201.5,201.5,201.5,201.6,201.6,201.6,201.6,201.4,201.2,201.0,200.9,201.0,201.1,201.0,201.1,201.2,201.5,201.8,202.1,202.6,202.8,202.8,202.7,202.6,202.6,202.7,202.8,202.8,202.8,203.0,202.9,202.7,202.7,202.9,202.8,203.1,202.7,203.1,203.6,202.7,202.1,202.6,203.8,204.5,204.7,203.8,202.2,202.0,202.1,202.1,201.9,201.6,201.3,201.2
202.4,202.4,202.5,202.6,202.9,202.5,202.4,201.8,201.8,201.6,201.4,201.8,202.0,202.3,202.3,202.1,202.1,202.1,202.0,201.9,201.9,201.8,201.8,201.8,201.8,201.9,201.9,201.9,201.9,201.9,201.8,201.5,201.2,201.1,201.3,201.4,201.5,201.5,201.7,201.8,202.1,202.4,202.9,203.1,203.0,203.1,203.2,203.4,203.3,203.2,203.0,202.8,202.9,203.0,202.6,202.8,203.2,203.6,203.7,203.1,203.2,203.3,203.5,203.0,202.9,203.7,204.8,205.2,204.6,202.7,201.8,202.0,202.5,202.4,202.3,201.9,201.5
202.9,202.9,203.0,203.2,203.4,203.3,203.4,202.8,202.7,202.4,202.0,202.4,202.6,202.9,202.9,202.6,202.7,202.7,202.7,202.7,202.5,202.3,202.3,202.3,202.4,202.5,202.5,202.5,202.4,202.4,202.2,201.9,201.6,201.5,201.6,201.8,201.9,202.1,202.2,202.3,202.6,203.0,203.5,203.5,203.3,203.2,203.6,204.0,204.1,203.9,203.6,203.2,203.1,203.3,203.1,202.5,203.0,203.9,204.5,204.2,203.3,203.3,203.0,204.0,204.3,204.3,204.2,205.4,205.1,203.4,202.2,202.4,202.7,203.0,202.9,202.4,202.0
203.6,203.4,203.5,203.8,203.9,204.0,204.1,204.0,203.6,203.3,203.1,203.1,203.3,203.6,203.7,203.2,203.4,203.6,203.6,203.5,203.3,203.3,203.2,203.1,203.2,203.3,203.3,203.2,203.1,202.9,202.8,202.5,202.0,201.9,202.1,202.2,202.4,202.5,202.6,202.8,203.2,203.5,204.0,204.2,203.9,203.6,203.7,204.0,204.3,204.6,204.6,204.1,203.8,203.6,203.5,202.8,202.6,203.1,204.4,205.3,204.6,203.7,203.1,203.7,204.9,205.4,205.3,205.1,205.1,204.1,203.2,203.0,203.0,203.2,203.2,203.1,202.8
204.4,204.2,204.1,204.3,204.6,204.7,205.0,204.8,204.7,204.3,204.2,204.0,204.0,204.3,204.5,204.1,203.9,204.4,204.5,204.2,204.3,204.3,204.0,204.0,204.1,204.2,204.2,204.1,204.0,203.8,203.5,203.2,202.6,202.4,202.8,202.8,202.9,203.1,203.2,203.4,203.8,204.1,204.3,204.6,204.7,204.4,204.1,203.9,204.0,204.6,205.0,205.0,205.0,204.9,204.5,203.8,203.1,203.0,203.5,204.6,205.6,205.4,204.4,204.1,205.0,205.5,205.9,205.6,205.5,204.7,204.1,203.6,203.7,203.8,203.8,203.7,203.8
205.0,205.0,205.0,204.9,205.1,205.4,205.7,205.8,205.6,205.5,205.3,205.3,205.1,205.1,205.3,205.1,204.8,204.9,205.3,205.1,205.2,205.1,204.9,204.9,205.0,205.1,205.1,205.1,205.0,204.8,204.4,204.0,203.5,202.9,203.5,203.6,203.7,203.8,203.9,204.2,204.6,204.7,204.5,204.8,205.2,205.3,205.0,204.6,204.3,204.4,205.0,205.4,205.6,205.8,205.6,205.2,204.4,203.9,203.7,204.3,205.1,206.0,206.0,205.3,205.6,205.9,206.0,206.0,206.1,205.6,205.1,204.5,204.3,204.5,204.8,204.5,204.6
205.6,205.7,205.8,205.8,205.8,206.0,206.2,206.5,206.5,206.4,206.3,206.4,206.4,206.3,206.4,206.3,205.9,205.7,206.0,206.1,206.1,205.9,205.7,205.8,205.9,205.9,206.0,206.1,206.0,205.8,205.3,204.9,204.5,203.8,203.9,204.3,204.5,204.5,204.7,205.2,205.5,205.2,205.1,205.1,205.6,205.7,205.5,205.3,205.2,205.4,205.7,205.8,206.1,206.3,206.3,206.0,205.6,205.2,204.7,205.0,205.3,205.8,206.4,206.4,206.4,206.7,206.7,206.5,206.5,206.3,206.0,205.4,205.1,205.4,205.9,205.3,205.3
206.5,206.5,206.5,206.6,206.7,206.8,206.9,207.2,207.3,207.4,207.3,207.3,207.3,207.4,207.5,207.6,207.3,206.9,206.8,207.0,207.1,206.9,206.8,206.7,206.8,206.9,207.0,207.1,207.0,206.8,206.4,205.8,205.3,204.6,204.4,204.7,205.2,205.4,205.3,206.2,206.3,206.2,205.9,205.9,205.9,205.7,205.6,205.7,206.1,206.6,206.7,206.5,206.7,207.0,207.1,206.7,206.5,206.3,205.8,205.9,206.1,206.3,206.8,207.0,207.1,207.3,207.6,207.3,207.2,206.9,206.6,206.2,206.2,206.5,206.9,206.1,205.9
207.5,207.6,207.6,207.5,207.5,207.7,207.8,208.0,208.1,208.3,208.3,208.3,208.2,208.4,208.6,208.8,208.7,208.3,207.9,207.8,208.0,208.0,207.9,207.7,207.7,207.8,208.1,208.1,208.0,207.9,207.5,206.8,206.3,205.6,204.7,205.0,205.7,206.2,205.6,206.6,206.9,207.4,207.1,206.6,206.6,205.9,205.9,206.3,206.7,207.0,207.2,207.1,207.2,207.6,207.8,207.6,207.3,207.2,206.9,206.9,207.0,207.2,207.4,207.6,207.9,208.1,208.2,208.0,207.9,207.8,207.3,207.0,207.0,207.4,207.7,207.1,206.7
208.2,208.5,208.7,208.7,208.6,208.6,208.6,208.8,209.0,209.2,209.3,209.4,209.3,209.4,209.6,209.9,209.9,209.8,209.5,209.1,208.9,208.8,209.0,208.9,208.7,208.6,209.0,209.1,209.1,209.0,208.8,208.2,207.5,206.8,205.6,205.5,206.3,207.1,206.6,206.5,207.3,208.1,208.6,208.1,207.8,206.2,206.4,206.9,207.5,207.8,207.8,208.1,207.9,207.9,208.4,208.6,208.2,208.1,208.1,207.8,207.9,208.1,208.3,208.4,208.8,209.1,209.0,208.7,208.6,208.5,208.3,208.0,207.7,207.9,208.3,208.1,207.7
208.9,209.2,209.5,209.7,209.7,209.7,209.7,209.7,209.8,210.1,210.3,210.5,210.5,210.5,210.6,210.8,211.0,211.0,210.9,210.7,210.4,210.0,209.8,209.7,209.5,209.5,209.6,209.8,209.9,209.8,209.8,209.4,208.9,208.1,206.9,206.1,206.9,208.0,208.1,207.0,207.5,208.2,209.7,209.8,209.4,207.2,206.7,207.7,208.3,208.5,208.8,209.0,208.9,208.9,209.0,209.3,209.3,209.2,209.2,209.0,208.9,209.0,209.1,209.3,209.6,210.0,210.0,209.6,209.3,209.1,209.0,208.8,208.6,208.6,208.8,208.9,208.9
209.6,209.9,210.2,210.5,210.7,210.7,210.8,210.8,210.9,211.0,211.1,211.3,211.6,211.7,211.7,211.8,212.0,212.0,212.0,212.0,211.9,211.6,211.1,210.8,210.5,210.4,210.4,210.6,210.6,210.5,210.7,210.4,210.1,209.5,208.6,207.4,207.5,208.5,209.0,208.5,208.1,208.9,210.1,210.7,210.5,209.5,207.8,207.8,208.7,209.3,209.8,209.8,209.7,209.8,210.0,210.1,210.2,210.2,210.2,210.2,209.9,210.0,210.0,210.1,210.3,210.7,210.8,210.6,210.3,210.0,209.7,209.5,209.4,209.4,209.5,209.7,209.9
210.4,210.6,210.9,211.2,211.4,211.6,211.7,211.8,211.9,212.0,212.1,212.2,212.4,212.7,212.9,213.0,213.0,213.1,213.1,213.1,213.0,212.9,212.6,212.2,211.9,211.7,211.6,211.4,211.3,211.4,211.5,211.3,211.2,210.9,210.3,209.2,208.6,209.0,209.7,209.6,209.2,209.7,210.5,211.4,211.5,211.0,209.9,209.3,209.2,209.8,210.3,210.6,210.5,210.6,210.7,210.9,211.0,211.2,211.2,211.1,211.0,210.9,210.9,211.0,211.1,211.4,211.5,211.4,211.2,210.9,210.6,210.2,210.0,210.0,210.1,210.4,210.6
211.3,211.5,211.7,211.9,212.1,212.3,212.5,212.7,212.9,213.1,213.2,213.4,213.5,213.6,213.8,214.0,214.1,214.2,214.2,214.1,214.0,213.9,213.8,213.6,213.3,213.1,212.9,212.5,212.2,212.4,212.3,212.3,212.2,211.9,211.6,210.9,210.0,209.8,210.2,210.4,209.9,210.2,210.9,211.9,212.4,212.2,211.5,211.0,210.5,210.3,210.7,211.1,211.1,211.3,211.3,211.5,211.7,211.9,212.1,212.0,211.9,211.8,211.7,211.7,211.8,212.1,212.1,212.2,212.1,211.9,211.5,211.1,210.8,210.6,210.7,210.9,211.2
212.3,212.5,212.7,212.9,213.1,213.2,213.3,213.4,213.7,214.0,214.3,214.5,214.6,214.6,214.8,214.9,215.1,215.2,215.2,215.2,215.1,214.9,214.8,214.7,214.5,214.2,214.0,213.8,213.2,213.3,213.2,213.3,213.1,213.0,212.7,212.3,211.6,211.1,211.0,211.1,210.8,210.5,211.2,212.3,213.0,213.1,212.6,212.4,212.1,211.6,211.3,211.6,211.8,211.8,212.0,212.1,212.2,212.4,212.7,212.8,212.7,212.6,212.5,212.4,212.5,212.7,212.8,212.8,212.9,212.8,212.4,212.0,211.6,211.4,211.2,211.3,211.5
213.3,213.4,213.6,213.8,213.9,214.1,214.3,214.5,214.6,214.8,215.2,215.5,215.7,215.7,215.7,215.8,215.9,216.0,216.1,216.0,216.0,215.9,215.8,215.7,215.5,215.3,215.0,214.8,214.4,214.2,214.2,214.2,214.2,213.8,213.7,213.3,212.9,212.7,212.2,211.9,211.8,211.5,211.5,212.4,213.4,213.7,213.5,213.2,213.2,212.9,212.6,212.5,212.6,212.8,212.8,212.9,212.9,213.0,213.2,213.5,213.4,213.2,213.2,213.1,213.2,213.2,213.3,213.4,213.5,213.5,213.2,212.8,212.5,212.2,211.9,211.9,211.9
214.2,214.4,214.5,214.6,214.7,214.9,215.2,215.6,215.9,216.0,216.2,216.3,216.5,216.6,216.6,216.7,216.6,216.7,216.8,216.8,216.7,216.7,216.5,216.5,216.4,216.3,216.1,215.7,215.5,215.3,215.1,215.0,215.1,214.8,214.6,214.2,214.1,214.0,213.5,213.0,212.8,212.6,212.6,212.8,213.6,214.1,214.2,214.0,213.8,213.7,213.6,213.5,213.5,213.7,213.8,213.8,213.7,213.6,213.7,214.0,214.1,213.8,213.8,213.8,213.7,213.7,213.8,214.0,214.0,214.1,213.9,213.6,213.2,212.9,212.6,212.5,212.4
215.4,215.6,215.8,215.8,215.8,215.9,216.2,216.5,216.9,217.3,217.3,217.2,217.3,217.4,217.4,217.4,217.4,217.3,217.3,217.4,217.4,217.3,217.1,217.1,217.1,217.1,217.0,216.7,216.4,216.3,216.1,215.8,215.9,215.9,215.4,215.2,215.1,215.0,214.6,214.1,213.8,213.7,213.7,213.8,214.0,214.2,214.6,214.7,214.3,214.2,214.2,214.2,214.2,214.4,214.5,214.5,214.5,214.4,214.3,214.4,214.6,214.5,214.3,214.4,214.3,214.3,214.3,214.5,214.4,214.5,214.4,214.1,214.0,213.7,213.3,213.1,212.9
216.6,216.8,216.9,216.9,217.1,217.3,217.5,217.8,217.9,218.1,218.2,218.2,218.2,218.1,218.1,218.1,218.1,218.0,217.9,217.9,217.9,217.8,217.7,217.6,217.5,217.6,217.6,217.4,217.2,217.0,216.9,216.6,216.6,216.8,216.3,216.1,216.1,215.8,215.5,215.1,214.8,214.8,214.8,214.9,214.7,214.7,214.9,215.0,214.9,214.8,214.8,214.7,214.8,214.9,215.0,214.9,215.0,215.1,214.9,214.8,215.0,215.1,214.9,214.7,215.0,214.8,214.8,214.9,214.8,214.9,214.7,214.5,214.4,214.3,214.0,213.7,213.5
217.8,217.9,218.1,218.2,218.3,218.5,218.7,219.0,219.2,219.1,219.0,219.1,219.2,218.9,218.8,218.7,218.7,218.7,218.6,218.5,218.4,218.4,218.2,218.1,218.0,217.9,217.9,217.8,217.8,217.6,217.5,217.3,217.2,217.3,217.1,217.0,216.8,216.3,216.1,215.9,215.6,215.7,215.7,215.7,215.6,215.4,215.3,215.2,215.3,215.3,215.3,215.3,215.4,215.4,215.4,215.4,215.3,215.4,215.5,215.3,215.2,215.4,215.5,215.2,215.3,215.5,215.2,215.3,215.2,215.3,215.1,214.9,214.7,214.7,214.5,214.3,214.1
218.9,219.1,219.3,219.4,219.5,219.6,219.9,220.2,220.3,220.1,219.9,219.9,220.0,219.7,219.5,219.3,219.2,219.2,219.1,219.0,218.9,218.8,218.7,218.5,218.4,218.3,218.2,218.1,218.0,217.9,217.8,217.7,217.5,217.5,217.5,217.4,217.3,216.8,216.6,216.4,216.4,216.4,216.3,216.3,216.2,215.9,215.7,215.6,215.6,215.6,215.6,215.7,215.8,215.9,215.9,216.0,215.9,215.7,215.7,215.6,215.6,215.6,215.8,215.8,215.6,215.6,215.7,215.5,215.5,215.5,215.4,215.1,215.0,214.9,214.8,214.7,214.6
219.9,220.1,220.4,220.5,220.5,220.5,220.8,221.1,221.2,221.0,220.7,220.6,220.6,220.4,220.1,219.9,219.8,219.7,219.6,219.4,219.3,219.2,219.1,219.0,218.8,218.6,218.5,218.4,218.3,218.1,218.0,218.0,217.8,217.8,217.8,217.6,217.5,217.4,217.0,216.7,216.8,216.9,216.7,216.6,216.5,216.3,216.1,215.9,215.8,215.7,215.7,215.9,216.0,216.1,216.3,216.5,216.4,216.2,215.9,215.7,215.7,215.8,215.8,216.0,216.1,215.8,215.9,215.9,215.7,215.6,215.6,215.5,215.3,215.2,215.0,214.9,214.9
220.9,221.1,221.4,221.4,221.1,221.2,221.4,221.7,221.8,221.6,221.3,221.1,221.0,220.8,220.5,220.2,220.1,220.1,220.0,219.8,219.6,219.4,219.3,219.2,219.1,218.9,218.7,218.5,218.5,218.3,218.2,218.3,218.2,217.9,218.0,217.9,217.6,217.9,217.3,217.0,217.0,217.2,217.0,216.9,216.6,216.5,216.3,216.2,216.0,215.9,215.9,216.0,216.0,216.2,216.5,216.7,216.7,216.7,216.5,216.1,215.9,215.6,215.7,215.9,216.1,216.2,215.9,216.2,215.9,215.5,215.6,215.8,215.6,215.3,215.3,215.2,215.0
221.5,221.7,222.0,221.6,221.3,221.4,221.6,221.9,222.1,222.0,221.6,221.4,221.3,221.0,220.8,220.5,220.4,220.4,220.3,220.0,219.8,219.7,219.5,219.3,219.2,219.0,218.9,218.7,218.5,218.4,218.3,218.3,218.3,218.1,218.1,218.1,217.8,217.9,217.6,217.3,217.1,217.2,217.1,216.9,216.8,216.7,216.5,216.4,216.2,216.0,216.0,216.0,216.0,216.1,216.4,216.7,216.8,216.7,216.8,216.6,216.2,215.7,215.4,215.6,215.8,216.1,216.0,216.0,216.0,215.4,215.5,215.9,215.8,215.6,215.5,215.4,215.2
222.1,222.3,222.2,221.7,221.4,221.5,221.7,221.9,221.9,222.1,221.9,221.5,221.3,221.1,220.8,220.7,220.6,220.6,220.4,220.2,220.0,219.9,219.7,219.4,219.2,219.1,218.9,218.8,218.6,218.3,218.2,218.1,218.2,218.0,217.9,218.0,218.0,217.8,217.7,217.5,217.2,217.3,217.1,217.0,216.8,216.7,216.6,216.5,216.2,216.0,215.9,215.9,215.8,215.9,216.1,216.3,216.4,216.5,216.7,216.8,216.3,215.9,215.4,215.4,215.5,215.8,215.7,215.7,215.8,215.5,215.5,215.8,216.0,215.8,215.5,215.3,215.1
222.6,222.6,222.2,221.9,221.7,221.7,221.9,221.9,222.0,222.1,221.9,221.5,221.0,221.0,220.9,220.9,220.8,220.6,220.4,220.2,220.1,219.9,219.7,219.5,219.3,219.0,218.9,218.8,218.6,218.3,218.0,217.9,217.9,217.8,217.6,217.6,217.8,217.7,217.5,217.5,217.3,217.3,217.1,217.0,216.8,216.8,216.7,216.5,216.3,216.1,216.0,215.9,215.8,215.7,215.7,215.9,215.9,216.0,216.4,216.7,216.3,215.9,215.5,215.3,215.2,215.4,215.5,215.2,215.1,215.3,215.3,215.6,215.8,215.6,215.4,215.1,214.9
223.2,223.1,222.4,222.1,221.9,221.9,222.0,222.2,222.3,222.1,221.8,221.4,220.9,220.8,221.0,221.1,220.6,220.3,220.2,220.2,220.1,219.9,219.6,219.4,219.3,219.0,218.8,218.6,218.5,218.2,218.1,218.0,217.7,217.6,217.5,217.3,217.3,217.5,217.3,217.3,217.2,217.2,217.0,216.9,216.8,216.7,216.6,216.5,216.3,216.1,216.0,215.8,215.7,215.6,215.5,215.4,215.3,215.3,215.8,216.4,216.2,215.9,215.5,215.1,215.0,215.0,215.1,214.7,214.4,214.7,215.1,215.4,215.3,215.0,215.1,215.0,214.8
223.3,223.2,222.8,222.5,222.3,222.3,222.3,222.4,222.5,222.3,221.9,221.3,220.8,220.8,220.9,220.8,220.3,220.0,220.0,219.9,219.8,219.7,219.4,219.2,219.0,218.7,218.5,218.4,218.3,218.1,218.1,217.9,217.5,217.4,217.3,217.0,216.9,217.2,217.0,216.9,216.9,216.9,216.7,216.6,216.5,216.5,216.4,216.3,216.2,216.0,215.8,215.7,215.6,215.4,215.2,214.9,214.7,214.5,214.9,215.5,215.8,215.6,215.4,215.1,214.9,214.8,214.8,214.2,214.1,214.4,214.4,214.4,214.5,214.6,214.8,214.5,214.5
