wind-weather/data/weather/current/current-mean_sea_level_pressure-gfs-1.0.json
{"header": {"discipline":0,"disciplineName":"Meteorologicalproducts","gribEdition":2,"gribLength":81278,"center":7,"centerName":"USNationalWeatherService-NCEP(WMC)","subcenter":0,"refTime":"2015-09-28T00:00:00.000Z","significanceOfRT":0,"significanceOfRTName":"Analysis","productStatus":0,"productStatusName":"Operationalproducts","productType":0,"productTypeName":"Analysisproducts","productDefinitionTemplate":0,"productDefinitionTemplateName":"Analysis/forecastathorizontallevel/layeratapointintime","parameterCategory":3,"parameterCategoryName":"Mass","parameterNumber":192,"parameterNumberName":"MSLP_Eta_Reduction","parameterUnit":"Pa","genProcessType":0,"genProcessTypeName":"Analysis","forecastTime":0,"surface1Type":101,"surface1TypeName":"Meansealevel","surface1Value":0.0,"surface2Type":255,"surface2TypeName":"Missing","surface2Value":0.0,"gridDefinitionTemplate":0,"gridDefinitionTemplateName":"Latitude_Longitude","numberPoints":65160,"shape":6,"shapeName":"Earthsphericalwithradiusof6,371,229.0m","gridUnits":"degrees","resolution":48,"winds":"true","scanMode":0,"nx":360,"ny":181,"basicAngle":0,"subDivisions":0,"lo1":0.0,"la1":90.0,"lo2":359.0,"la2":-90.0,"dx":1.0,"dy":1.0}, "data":
[rows 84 to 111 of 181, columns 63 to 125 of 360]
101041.8,101019.6,101004.6,100986.8,100979.6,100968.0,100946.0,100926.8,100903.2,100884.2,100874.2,100866.6,100854.6,100825.2,100830.0,100834.0,100850.0,100865.0,100842.8,100814.8,100819.6,100813.4,100831.4,100842.6,100834.6,100856.0,100845.0,100849.6,100894.8,100907.0,100912.4,100917.6,100940.2,100966.0,100991.4,100995.8,101001.8,101058.8,101094.8,101048.2,101012.4,100989.6,100969.6,100938.2,100919.8,100922.0,100926.2,100930.0,100961.2,100953.8,100958.4,100977.4,100975.8,100973.0,101042.8,101017.8,101011.8,101018.2,101031.0,101041.6,101050.8,101076.6,101112.2
101027.2,101013.0,100999.0,100992.0,100981.2,100970.0,100949.6,100935.2,100911.8,100896.2,100888.8,100882.0,100864.2,100855.8,100856.0,100867.2,100873.8,100872.6,100874.0,100876.0,100863.0,100861.8,100858.6,100834.8,100861.0,100863.0,100873.8,100878.2,100892.8,100916.0,100933.4,100944.0,100962.8,101044.2,101000.2,101047.4,101067.2,101088.0,101105.6,101053.4,101025.0,100982.2,100965.6,100937.0,100935.2,100941.8,100952.4,100958.8,100972.0,100989.4,100979.6,100986.4,101006.6,101040.0,101068.0,101040.0,101035.2,101025.6,101031.0,101035.0,101046.8,101071.6,101100.8
101015.4,101000.8,100993.8,100988.0,100977.2,100965.6,100952.2,100939.0,100916.6,100911.8,100911.2,100898.0,100883.8,100886.8,100907.2,100904.0,100900.6,100892.8,100892.4,100885.4,100880.2,100890.2,100881.6,100859.2,100846.4,100871.2,100879.4,100878.8,100885.8,100900.2,100925.6,100961.2,101008.0,101034.0,101098.6,101097.2,101062.8,101076.4,101064.8,101056.0,101034.0,100980.2,100959.4,100949.6,100947.8,100966.6,100974.8,100983.2,101002.8,101004.2,101005.4,101032.6,101031.2,101076.0,101081.8,101052.8,101032.8,101022.0,101026.8,101032.6,101042.4,101056.2,101081.6
101017.0,101002.0,100993.2,100987.4,100973.4,100959.6,100947.0,100935.8,100925.0,100914.0,100913.2,100908.4,100905.4,100917.4,100922.8,100929.0,100931.8,100927.6,100919.4,100907.4,100898.0,100897.8,100889.8,100880.2,100872.4,100871.8,100874.6,100881.4,100892.8,100915.8,100926.2,100949.2,100995.6,101013.0,101044.2,101095.4,101120.6,101069.8,101022.8,101054.6,101033.6,100982.2,100969.4,100966.0,100964.2,100982.2,100986.4,100995.2,101002.8,101009.8,101029.2,101041.0,101054.8,101102.4,101079.8,101042.2,101042.2,101028.6,101026.2,101034.2,101042.6,101054.8,101083.0
101025.2,101002.4,100988.6,100985.6,100976.4,100970.2,100955.6,100932.8,100916.8,100908.4,100921.4,100924.6,100928.8,100939.0,100943.4,100947.0,100963.0,100960.4,100948.0,100930.0,100919.4,100894.6,100880.8,100877.0,100874.4,100883.4,100892.6,100899.2,100907.2,100925.0,100934.8,100952.6,100964.4,100997.6,101024.6,101079.0,101125.6,101059.4,101044.0,101008.6,101020.8,101002.2,100989.0,100991.6,100983.2,100989.0,100983.6,100993.8,101008.0,101039.6,101043.6,101068.0,101114.4,101101.2,101090.0,101060.4,101036.2,101033.0,101034.8,101033.4,101052.6,101065.6,101079.0
101035.6,101012.6,100995.2,101005.4,100986.4,100976.4,100968.6,100952.6,100933.6,100925.0,100925.6,100937.0,100941.0,100957.6,100966.8,100969.0,100970.2,100974.4,100960.6,100944.2,100923.6,100903.4,100899.8,100895.0,100901.4,100909.8,100914.0,100920.4,100915.8,100930.2,100939.8,100940.6,100970.0,100997.0,101041.2,101133.8,101158.4,101032.8,101044.2,101056.2,101034.6,101016.2,100995.0,100964.4,100988.6,100998.8,100990.6,101025.2,101046.2,101052.8,101045.2,101115.4,101118.2,101122.0,101127.6,101086.6,101062.6,101042.4,101025.0,101003.2,101068.4,101062.2,101228.6
101036.8,101020.0,101003.8,101012.0,100993.0,100986.6,100969.2,100948.6,100941.8,100944.8,100951.8,100946.4,100959.2,100979.4,100985.8,100987.2,100982.0,100983.4,100968.8,100956.0,100939.0,100923.0,100920.4,100922.0,100920.6,100920.4,100922.4,100935.4,100939.4,100945.8,100943.4,100978.8,101008.6,101029.6,101055.2,101095.4,101139.4,101158.8,101043.6,101044.8,101047.0,101037.6,101012.4,100998.6,101005.6,100999.0,100988.6,101034.8,101069.8,101080.6,101123.8,101141.0,101153.8,101154.0,101126.0,101099.0,101092.6,101133.8,101135.8,101170.4,101205.8,101249.0,101234.2
101045.0,101031.2,101012.4,100995.0,100994.6,100985.2,100979.0,100957.0,100945.4,100930.2,100951.0,100962.0,100983.6,100996.4,101005.8,100999.6,101002.4,101002.8,100986.4,100972.4,100949.0,100950.2,100943.6,100935.8,100929.0,100932.2,100939.8,100945.4,100946.2,100956.8,100968.2,100968.6,100988.4,101046.8,101079.4,101076.6,101084.2,101082.6,101073.0,101099.0,101081.0,101074.0,101038.8,101019.4,101012.6,100994.6,101024.4,101060.0,101104.8,101142.0,101160.0,101140.6,101136.8,101155.4,101130.6,101111.4,101105.2,101125.2,101138.8,101178.4,101310.8,101257.8,101243.4
101042.8,101030.0,101015.8,101013.4,101000.8,100989.8,100973.6,100952.6,100931.2,100921.4,100922.6,100962.0,100992.0,101004.2,100996.0,101008.2,101010.8,101009.0,100979.4,100969.6,100959.2,100962.8,100957.8,100941.6,100944.0,100945.4,100944.0,100957.2,100966.6,100965.8,100977.0,100977.2,100988.2,101031.6,101052.2,101056.0,101059.4,101048.8,101065.8,101123.0,101085.8,101086.0,101040.4,101046.0,101031.2,101025.6,101049.8,101072.8,101111.8,101125.8,101114.2,101107.4,101128.8,101166.8,101140.4,101125.8,101136.8,101156.2,101304.6,101336.2,101298.2,101266.4,101258.6
101045.0,101037.8,101021.0,101010.6,101003.0,101006.2,100986.8,100947.8,100897.2,100875.0,100895.2,100947.0,100978.2,100998.8,101006.4,101005.0,101007.2,100998.6,100989.8,100989.4,100978.4,100977.0,100966.2,100961.0,100972.0,100969.0,100975.4,100986.8,100986.0,100986.2,100990.0,100991.4,101000.6,101004.6,101016.8,101013.0,101019.2,101035.8,100987.4,101045.4,101087.0,101063.4,101064.0,101039.0,101037.4,101045.0,101051.4,101060.2,101086.2,101092.2,101095.2,101113.6,101121.4,101174.4,101130.0,101117.6,101112.4,101236.4,101237.4,101331.0,101298.4,101266.8,101245.6
101049.8,101049.8,101046.4,101038.6,101035.6,101034.6,101007.6,100950.2,100862.8,100829.6,100852.6,100928.6,100983.2,101003.6,101010.6,101011.6,101007.2,101009.6,101005.2,101002.0,100996.2,100997.0,100996.2,100998.0,100999.4,101001.0,101008.6,101006.4,101005.2,101000.8,101007.2,101006.8,101013.2,101005.8,101015.4,101021.4,101016.8,101005.6,100993.4,100972.8,101074.6,101082.8,101076.2,101047.0,101043.0,101049.8,101058.2,101064.6,101074.8,101075.4,101082.0,101101.2,101145.6,101144.2,101122.8,101119.0,101133.0,101227.0,101241.2,101347.6,101288.8,101287.2,101273.8
101072.2,101069.6,101050.4,101031.8,101015.8,100961.4,100918.8,100865.4,100758.6,100725.4,100789.6,100931.0,100989.0,101011.8,101008.4,100988.0,101011.2,101023.6,101024.0,101017.2,101024.4,101035.6,101036.2,101028.4,101026.2,101030.4,101031.0,101027.6,101024.0,101020.4,101021.0,101025.4,101021.6,101021.4,101028.8,101025.2,101030.8,101026.4,101002.8,100985.4,101021.0,101095.0,101087.8,101055.0,101046.8,101051.8,101057.6,101063.0,101071.2,101080.8,101092.2,101113.0,101137.4,101147.8,101149.6,101142.4,101138.0,101263.6,101285.8,101306.6,101306.8,101304.0,101306.4
101096.2,101065.8,101047.8,101033.4,101006.8,100981.0,100931.4,100845.4,100707.4,100699.4,100790.2,100923.4,100985.8,101003.4,101003.4,101005.0,101021.2,101036.6,101037.4,101046.8,101055.2,101068.2,101057.8,101051.4,101051.2,101050.2,101053.2,101053.2,101050.0,101039.0,101034.0,101043.4,101046.4,101038.8,101042.6,101041.4,101052.2,101057.6,101060.0,101071.0,101081.6,101078.4,101083.8,101073.0,101063.6,101078.0,101088.8,101082.4,101092.4,101104.8,101117.8,101133.2,101146.0,101155.0,101175.4,101186.2,101198.0,101258.8,101283.2,101293.2,101315.6,101316.6,101321.0
101104.2,101096.4,101085.6,101052.8,101027.0,100994.8,100956.4,100863.4,100773.2,100737.2,100845.8,100920.6,100969.2,100999.2,101010.2,101027.0,101044.0,101055.2,101070.6,101082.2,101089.2,101091.4,101080.4,101079.0,101080.8,101086.6,101086.6,101081.8,101074.2,101065.4,101058.2,101065.4,101068.4,101058.0,101061.4,101069.8,101077.0,101086.2,101091.0,101092.0,101103.2,101113.2,101114.4,101108.4,101102.8,101130.6,101107.0,101089.6,101153.8,101167.0,101148.8,101163.2,101181.0,101191.6,101208.6,101237.2,101267.8,101283.2,101290.8,101298.2,101313.6,101324.4,101331.6
101145.6,101128.2,101114.6,101095.0,101056.4,101031.0,100987.2,100908.8,100859.8,100850.2,100885.4,100938.6,100981.0,101019.4,101032.6,101056.2,101083.6,101104.0,101106.0,101107.2,101118.4,101125.0,101118.8,101112.6,101118.4,101124.6,101118.0,101110.2,101108.6,101101.8,101083.2,101082.0,101084.2,101079.2,101086.4,101104.0,101106.4,101114.2,101116.6,101123.4,101132.4,101136.8,101138.4,101140.8,101145.0,101187.6,101195.0,101197.0,101174.4,101232.2,101246.4,101189.4,101207.4,101229.2,101236.2,101267.2,101300.2,101304.6,101311.4,101307.8,101310.6,101326.2,101341.4
101182.0,101171.0,101150.8,101124.8,101098.4,101065.8,101027.6,100975.2,100932.0,100932.6,100952.4,100982.0,101002.0,101046.8,101064.8,101086.8,101121.0,101137.4,101131.8,101142.0,101159.6,101161.4,101157.8,101161.0,101171.4,101169.4,101155.0,101145.6,101137.6,101130.2,101117.4,101105.8,101108.2,101114.8,101115.4,101130.6,101141.2,101146.2,101149.4,101155.8,101161.2,101164.6,101169.6,101174.4,101186.6,101202.0,101207.8,101210.0,101223.6,101239.8,101246.8,101257.4,101249.0,101223.4,101237.2,101292.0,101317.8,101319.6,101316.6,101314.6,101322.0,101337.6,101357.6
101228.2,101212.4,101195.2,101172.6,101146.4,101111.2,101083.0,101017.4,100987.2,100982.2,101005.0,101043.8,101057.4,101088.4,101091.4,101115.8,101153.4,101164.4,101165.4,101182.2,101197.2,101195.0,101196.2,101202.8,101208.2,101209.2,101204.4,101190.2,101186.2,101171.0,101155.0,101134.8,101134.2,101153.2,101143.8,101171.8,101185.0,101190.8,101194.2,101198.2,101200.0,101201.0,101201.6,101205.6,101214.4,101220.2,101231.6,101243.6,101252.8,101259.0,101264.6,101267.8,101262.0,101257.2,101269.6,101301.0,101321.0,101299.0,101305.6,101310.2,101335.4,101338.0,101403.4
101288.0,101275.8,101247.2,101220.4,101196.2,101172.4,101131.4,101092.6,101042.4,101021.4,101027.0,101059.6,101088.6,101105.0,101127.6,101152.2,101178.0,101189.8,101204.6,101225.4,101228.2,101236.8,101238.8,101245.8,101247.0,101245.6,101245.0,101238.6,101216.8,101196.6,101191.6,101186.0,101177.2,101172.0,101193.0,101216.0,101234.2,101240.8,101243.6,101243.4,101241.0,101242.2,101241.4,101239.8,101240.8,101251.2,101262.2,101273.0,101279.4,101283.2,101284.4,101284.0,101283.4,101289.0,101298.8,101319.8,101334.4,101339.8,101336.0,101340.4,101349.2,101373.0,101398.2
101349.4,101323.8,101309.6,101285.0,101250.4,101225.0,101202.2,101165.4,101128.8,101090.6,101080.0,101083.6,101098.4,101131.2,101153.6,101174.8,101202.0,101234.6,101255.8,101254.2,101264.4,101276.0,101291.8,101294.2,101292.6,101293.2,101290.2,101281.8,101264.6,101245.4,101217.4,101208.8,101212.2,101220.2,101242.2,101264.4,101283.6,101296.4,101298.0,101294.8,101291.4,101287.8,101283.8,101280.2,101280.0,101285.4,101291.4,101295.2,101299.2,101304.4,101305.0,101301.2,101299.8,101308.2,101319.0,101335.0,101351.4,101366.0,101378.2,101380.8,101393.4,101417.2,101437.6
101410.2,101399.2,101382.0,101351.6,101338.2,101303.4,101280.4,101249.2,101212.0,101165.4,101134.8,101123.4,101131.4,101154.6,101184.6,101220.2,101244.2,101272.8,101302.8,101294.6,101313.2,101328.0,101349.6,101351.6,101355.8,101357.0,101343.4,101334.2,101319.2,101292.6,101264.6,101256.8,101257.8,101275.8,101303.8,101320.6,101339.4,101353.2,101357.8,101354.6,101350.4,101340.6,101332.8,101328.4,101327.4,101327.4,101326.2,101322.2,101320.4,101322.2,101320.0,101319.6,101319.6,101323.0,101334.2,101349.8,101365.0,101385.0,101405.2,101419.6,101434.6,101457.8,101480.8
101480.4,101469.2,101446.0,101435.8,101421.8,101398.8,101384.4,101330.4,101294.8,101254.8,101210.8,101191.0,101182.4,101198.6,101220.4,101255.8,101285.8,101311.2,101355.8,101358.4,101363.8,101387.4,101413.2,101423.0,101425.6,101421.4,101408.0,101394.0,101373.0,101355.6,101338.4,101337.8,101340.4,101344.8,101352.0,101383.0,101402.6,101412.6,101412.2,101407.4,101399.2,101395.0,101385.4,101377.8,101376.2,101372.2,101368.2,101359.6,101353.6,101351.6,101350.0,101349.2,101347.0,101344.6,101347.4,101357.0,101373.8,101401.4,101433.4,101454.6,101469.8,101483.8,101491.6
101577.6,101567.0,101552.4,101537.0,101516.2,101490.0,101461.0,101414.4,101374.0,101332.0,101298.0,101276.6,101263.6,101266.2,101282.2,101304.8,101327.2,101373.4,101405.8,101419.8,101444.0,101441.8,101476.8,101491.6,101488.4,101478.0,101464.4,101458.6,101438.6,101424.2,101413.6,101398.8,101408.2,101400.0,101426.8,101445.4,101469.0,101471.0,101467.8,101458.8,101451.4,101445.4,101440.2,101432.8,101420.2,101412.0,101406.6,101397.2,101389.0,101380.4,101376.2,101369.6,101363.6,101361.2,101362.4,101369.2,101389.2,101425.0,101452.4,101465.8,101471.8,101480.0,101494.2
101669.6,101663.2,101651.4,101635.2,101613.8,101583.8,101548.2,101509.4,101464.6,101425.4,101394.8,101370.4,101362.2,101367.4,101368.0,101396.2,101403.4,101457.2,101475.2,101489.4,101508.2,101528.8,101529.6,101550.2,101544.8,101531.2,101522.8,101514.0,101501.8,101491.2,101482.4,101472.4,101470.8,101470.8,101483.0,101506.2,101518.8,101523.4,101519.2,101509.6,101500.2,101492.6,101486.8,101477.2,101464.8,101452.0,101440.0,101427.4,101413.0,101399.6,101390.0,101385.0,101387.0,101394.6,101398.0,101395.2,101409.4,101432.0,101454.4,101479.6,101490.4,101487.2,101485.8
101772.8,101761.0,101748.2,101734.0,101709.2,101672.4,101638.4,101604.0,101564.8,101530.0,101496.6,101473.2,101464.6,101472.0,101456.0,101502.0,101515.2,101541.2,101562.2,101559.6,101560.8,101582.8,101598.6,101610.0,101616.2,101598.4,101588.2,101574.6,101558.8,101547.8,101543.0,101535.6,101534.0,101540.2,101547.4,101558.2,101569.6,101568.4,101565.6,101556.2,101545.8,101533.8,101519.6,101510.0,101501.0,101490.0,101477.0,101461.4,101443.0,101422.8,101416.8,101421.8,101426.6,101434.8,101436.4,101429.4,101423.2,101438.4,101456.0,101471.8,101485.0,101484.8,101491.8
101862.6,101855.4,101848.6,101827.2,101806.4,101778.4,101738.4,101692.2,101666.8,101642.2,101619.2,101592.6,101582.2,101586.4,101594.0,101592.0,101603.4,101623.8,101642.8,101648.6,101631.4,101652.4,101662.2,101673.2,101678.6,101672.8,101662.2,101646.2,101625.6,101597.8,101592.6,101590.4,101592.8,101598.8,101609.4,101613.4,101618.2,101618.0,101610.4,101607.4,101593.8,101577.6,101557.4,101544.6,101534.4,101523.4,101507.2,101489.4,101468.2,101454.8,101463.6,101456.2,101451.8,101462.8,101472.6,101467.4,101454.2,101426.0,101401.2,101446.0,101483.8,101493.8,101510.6
101954.4,101940.8,101929.4,101913.8,101899.4,101878.0,101860.4,101832.6,101787.8,101760.2,101737.8,101719.6,101704.2,101693.0,101684.0,101713.6,101691.8,101705.6,101704.0,101701.4,101710.8,101714.2,101719.8,101741.4,101738.2,101740.0,101734.4,101709.8,101695.8,101661.8,101632.0,101636.2,101641.2,101648.8,101659.6,101666.8,101665.4,101658.2,101657.8,101648.4,101641.8,101624.4,101600.8,101579.8,101562.0,101543.6,101532.6,101519.2,101501.0,101491.8,101493.2,101485.2,101476.8,101474.2,101485.6,101490.0,101488.2,101477.6,101468.4,101441.4,101529.2,101556.2,101578.4
102042.0,102025.2,102008.0,101987.2,101973.8,101963.8,101949.0,101930.8,101906.6,101890.8,101867.6,101850.0,101829.4,101815.0,101807.0,101796.2,101798.0,101793.0,101789.2,101792.6,101791.0,101784.0,101797.2,101802.6,101800.8,101802.0,101793.8,101775.0,101760.6,101738.2,101702.6,101688.4,101693.0,101708.0,101704.8,101712.6,101720.0,101711.4,101704.0,101702.4,101694.8,101675.4,101650.0,101624.0,101600.4,101573.2,101557.0,101553.6,101539.2,101522.8,101508.6,101490.8,101473.0,101455.8,101462.0,101470.4,101462.6,101476.8,101501.0,101564.4,101573.4,101599.2,101640.4
102119.2,102114.6,102088.0,102061.4,102040.8,102032.0,102025.2,102015.0,101999.6,101980.8,101970.2,101954.2,101936.2,101926.8,101918.0,101914.2,101896.4,101891.2,101883.0,101879.8,101860.6,101863.0,101860.0,101855.6,101857.2,101850.0,101846.4,101831.0,101822.8,101803.8,101772.8,101738.4,101743.0,101760.4,101765.8,101760.8,101764.8,101760.6,101754.0,101757.6,101750.6,101734.8,101705.4,101671.4,101638.6,101606.6,101581.6,101577.8,101561.2,101535.8,101506.4,101484.4,101464.2,101442.6,101433.4,101454.0,101484.6,101524.8,101538.4,101601.2,101591.6,101612.8,101649.4
