wind-weather/data/weather/current/current-temp-isobaric-850hPa-gfs-1.0.json
{"header": {"discipline":0,"disciplineName":"Meteorologicalproducts","gribEdition":2,"gribLength":43647,"center":7,"centerName":"USNationalWeatherService-NCEP(WMC)","subcenter":0,"refTime":"2015-09-28T00:00:00.000Z","significanceOfRT":0,"significanceOfRTName":"Analysis","productStatus":0,"productStatusName":"Operationalproducts","productType":0,"productTypeName":"Analysisproducts","productDefinitionTemplate":0,"productDefinitionTemplateName":"Analysis/forecastathorizontallevel/layeratapointintime","parameterCategory":0,"parameterCategoryName":"Temperature","parameterNumber":0,"parameterNumberName":"Temperature","parameterUnit":"K","genProcessType":0,"genProcessTypeName":"Analysis","forecastTime":0,"surface1Type":100,"surface1TypeName":"Isobaricsurface","surface1Value":85000.0,"surface2Type":255,"surface2TypeName":"Missing","surface2Value":0.0,"gridDefinitionTemplate":0,"gridDefinitionTemplateName":"Latitude_Longitude","numberPoints":65160,"shape":6,"shapeName":"Earthsphericalwithradiusof6,371,229.0m","gridUnits":"degrees","resolution":48,"winds":"true","scanMode":0,"nx":360,"ny":181,"basicAngle":0,"subDivisions":0,"lo1":0.0,"la1":90.0,"lo2":359.0,"la2":-90.0,"dx":1.0,"dy":1.0}, "data":
[rows 0 to 33 of 181, columns 77 to 153 of 360]
260.6,260.6,260.6,260.6,260.6,260.6,260.6,260.6,260.6,260.6,260.6,260.6,260.6,260.6,260.6,260.6,260.6,260.6,260.6,260.6,260.6,260.6,260.6,260.6,260.6,260.6,260.6,260.6,260.6,260.6,260.6,260.6,260.6,260.6,260.6,260.6,260.6,260.6,260.6,260.6,260.6,260.6,260.6,260.6,260.6,260.6,260.6,260.6,260.6,260.6,260.6,260.6,260.6,260.6,260.6,260.6,260.6,260.6,260.6,260.6,260.6,260.6,260.6,260.6,260.6,260.6,260.6,260.6,260.6,260.6,260.6,260.6,260.6,260.6,260.6,260.6,260.6
259.3,259.3,259.2,259.2,259.2,259.2,259.2,259.2,259.2,259.2,259.1,259.1,259.1,259.1,259.1,259.1,259.1,259.1,259.1,259.1,259.2,259.2,259.2,259.2,259.3,259.3,259.3,259.3,259.4,259.4,259.4,259.4,259.5,259.5,259.5,259.6,259.6,259.6,259.6,259.7,259.7,259.7,259.7,259.7,259.8,259.8,259.8,259.8,259.8,259.9,259.9,259.9,259.9,259.9,259.9,260.0,260.0,260.0,260.0,260.0,260.0,260.1,260.1,260.1,260.1,260.1,260.2,260.2,260.2,260.2,260.2,260.2,260.3,260.3,260.3,260.3,260.3
259.7,259.7,259.7,259.8,259.8,259.8,259.9,259.9,259.9,260.0,260.0,260.0,260.1,260.1,260.1,260.2,260.2,260.3,260.3,260.4,260.4,260.5,260.5,260.6,260.6,260.7,260.8,260.8,260.8,260.9,260.9,261.0,261.0,261.1,261.1,261.2,261.2,261.3,261.3,261.4,261.4,261.4,261.5,261.5,261.6,261.6,261.7,261.7,261.8,261.8,261.8,261.8,261.9,261.9,261.9,261.9,262.0,262.0,262.0,262.0,262.0,262.0,262.0,262.1,262.1,262.1,262.1,262.1,262.1,262.2,262.2,262.2,262.2,262.2,262.3,262.3,262.3
260.5,260.5,260.5,260.5,260.5,260.5,260.5,260.4,260.4,260.4,260.3,260.4,260.4,260.5,260.5,260.7,260.8,261.0,261.2,261.4,261.5,261.7,261.8,261.9,262.0,262.1,262.1,262.1,262.1,262.1,262.1,262.1,262.1,262.1,262.2,262.2,262.2,262.3,262.3,262.3,262.4,262.4,262.5,262.5,262.6,262.6,262.7,262.7,262.7,262.8,262.8,262.8,262.9,262.9,262.9,262.9,263.0,263.0,263.0,263.0,263.1,263.1,263.1,263.1,263.1,263.1,263.1,263.0,263.0,263.0,263.0,262.9,262.9,262.9,262.9,262.8,262.8
260.9,260.9,260.8,260.8,260.8,260.8,260.8,260.9,260.9,261.0,261.2,261.3,261.4,261.5,261.6,261.7,261.8,261.8,261.8,261.9,261.9,261.9,262.0,262.0,262.1,262.1,262.2,262.3,262.4,262.5,262.6,262.6,262.7,262.8,262.8,262.8,262.8,262.8,262.8,262.8,262.8,262.8,262.7,262.7,262.7,262.7,262.7,262.6,262.6,262.6,262.5,262.5,262.4,262.3,262.2,262.1,262.0,261.9,261.8,261.7,261.6,261.5,261.4,261.4,261.3,261.2,261.1,261.1,261.0,260.9,260.8,260.7,260.7,260.6,260.5,260.4,260.3
261.2,261.1,261.1,261.1,261.1,261.1,261.2,261.2,261.3,261.4,261.5,261.6,261.6,261.6,261.7,261.7,261.7,261.8,261.9,262.0,262.1,262.2,262.3,262.3,262.4,262.4,262.3,262.3,262.3,262.3,262.3,262.3,262.3,262.2,262.1,262.0,261.9,261.8,261.7,261.7,261.7,261.7,261.7,261.7,261.8,261.8,261.7,261.7,261.7,261.6,261.5,261.4,261.4,261.3,261.2,261.1,261.0,260.9,260.8,260.7,260.6,260.5,260.4,260.4,260.3,260.3,260.3,260.3,260.3,260.4,260.4,260.5,260.5,260.6,260.6,260.7,260.7
261.1,261.1,261.0,261.0,260.9,260.8,260.8,260.8,260.9,260.9,261.0,261.0,261.1,261.2,261.2,261.3,261.3,261.4,261.4,261.5,261.6,261.6,261.6,261.5,261.5,261.4,261.2,261.1,261.0,260.8,260.7,260.6,260.6,260.6,260.7,260.8,260.8,260.9,261.0,261.0,261.0,261.0,261.0,261.1,261.1,261.2,261.2,261.1,261.1,261.0,261.0,260.9,260.9,260.9,260.9,260.9,260.8,260.8,260.8,260.8,260.8,260.7,260.7,260.7,260.7,260.6,260.6,260.6,260.6,260.6,260.7,260.7,260.7,260.7,260.7,260.8,260.8
260.2,260.1,260.1,260.1,260.0,260.0,260.0,260.0,260.0,260.1,260.1,260.2,260.3,260.4,260.5,260.6,260.7,260.7,260.8,260.8,260.8,260.8,260.8,260.8,260.7,260.7,260.6,260.5,260.5,260.4,260.4,260.3,260.4,260.4,260.4,260.5,260.6,260.6,260.6,260.6,260.6,260.6,260.7,260.7,260.8,260.9,260.9,261.0,261.0,261.0,261.0,261.0,261.0,260.9,260.9,260.8,260.8,260.7,260.7,260.7,260.7,260.8,260.8,260.9,261.0,261.0,261.0,261.1,261.1,261.1,261.0,261.0,261.0,261.0,260.9,260.9,260.9
259.3,259.3,259.2,259.2,259.1,259.1,259.1,259.1,259.1,259.1,259.2,259.2,259.3,259.4,259.5,259.6,259.7,259.8,259.8,259.9,259.9,259.9,260.0,260.0,260.0,260.0,260.0,259.9,259.9,259.9,259.9,259.9,259.9,259.9,260.0,260.1,260.2,260.4,260.5,260.6,260.7,260.8,260.8,260.9,261.0,261.0,261.0,261.0,260.9,260.8,260.7,260.7,260.7,260.7,260.8,261.0,261.2,261.4,261.6,261.8,262.0,262.1,262.2,262.2,262.2,262.2,262.1,262.0,261.9,261.7,261.5,261.3,261.1,261.0,260.9,260.8,260.7
258.9,258.9,258.8,258.7,258.7,258.6,258.5,258.4,258.4,258.4,258.4,258.4,258.3,258.3,258.2,258.0,257.7,257.5,257.5,257.7,257.9,258.1,258.3,258.4,258.5,258.6,258.7,258.8,258.8,258.9,259.0,259.1,259.2,259.4,259.5,259.7,259.8,260.0,260.1,260.2,260.3,260.4,260.5,260.5,260.5,260.5,260.5,260.5,260.6,260.8,261.1,261.4,261.7,262.1,262.3,262.5,262.4,262.2,262.1,262.1,262.3,262.4,262.7,262.7,262.6,262.5,262.5,262.7,262.8,262.8,262.8,262.8,262.8,262.8,262.9,262.9,262.9
258.7,258.6,258.5,258.5,258.4,258.4,258.3,258.3,258.3,258.2,258.2,258.1,258.1,258.2,258.1,258.0,257.9,257.6,257.9,257.8,257.3,257.3,257.0,257.2,257.4,257.5,257.7,257.9,258.2,258.4,258.6,258.7,258.9,259.1,259.3,259.4,259.6,259.8,260.0,260.1,260.3,260.5,260.6,260.7,260.7,260.6,260.6,260.7,260.9,261.3,261.8,262.1,262.2,262.1,261.7,261.1,260.8,260.9,261.3,262.1,263.0,263.5,263.5,263.5,263.5,263.4,263.3,263.2,263.0,262.8,262.7,262.6,262.5,262.4,262.2,262.1,262.2
258.9,259.0,259.0,258.7,258.2,257.7,257.7,258.0,258.5,258.4,258.0,257.8,257.8,257.8,257.8,257.6,257.5,257.6,257.8,258.1,258.4,258.7,256.7,257.5,257.0,255.8,256.5,256.6,257.2,257.6,257.9,258.2,258.4,258.6,258.8,259.0,259.2,259.3,259.6,259.7,259.9,260.0,260.3,260.6,260.7,260.6,260.1,260.1,260.4,260.8,261.1,260.8,261.6,261.6,261.2,260.7,260.6,260.9,261.5,262.4,262.9,263.0,262.9,262.9,262.8,262.6,262.4,262.2,262.1,261.9,261.6,261.2,260.8,260.5,260.5,260.4,260.2
257.1,256.8,256.8,256.9,257.1,257.0,257.0,257.0,256.9,256.8,256.7,256.7,256.6,256.5,256.6,256.5,256.2,256.1,256.1,256.4,256.7,257.0,257.1,256.9,256.7,256.9,257.3,257.8,258.1,258.2,258.3,258.5,258.6,258.8,259.1,259.3,259.5,259.6,259.7,259.9,260.0,260.2,260.4,260.6,260.8,260.6,260.2,259.9,259.8,259.8,259.8,259.7,259.7,259.7,259.9,260.1,260.3,260.5,260.8,261.1,261.8,262.2,262.3,262.3,262.3,262.2,262.0,261.9,261.9,261.8,261.5,260.8,259.9,259.1,258.9,259.3,260.0
257.3,257.3,257.4,257.5,257.6,257.7,257.6,257.6,257.6,257.7,257.8,257.8,257.7,257.5,257.4,257.5,257.5,257.3,256.8,256.5,256.4,256.4,256.4,256.4,256.5,257.2,256.9,257.3,257.3,257.3,257.8,258.6,258.9,259.0,259.2,259.4,259.6,259.7,259.9,260.1,260.3,260.5,260.6,260.8,260.9,261.1,261.1,261.1,260.9,260.7,260.5,260.3,260.2,260.2,260.2,260.1,260.1,260.0,260.0,260.1,260.4,260.6,260.9,261.2,261.5,261.8,262.1,262.1,262.0,261.6,261.3,260.9,260.5,260.2,259.9,259.8,260.0
257.7,257.7,257.7,257.8,257.9,258.1,258.1,258.0,257.9,257.8,257.8,257.9,258.2,258.4,258.3,258.0,257.6,257.5,257.8,257.0,256.6,256.6,256.6,257.5,258.0,258.6,259.5,260.1,260.1,260.4,260.6,259.9,260.5,260.5,260.6,260.8,261.1,261.4,261.8,261.9,262.0,262.0,262.1,262.1,262.0,261.9,261.9,261.8,261.8,261.7,261.6,261.5,261.4,261.4,261.4,261.4,261.2,261.0,260.8,260.8,260.7,260.5,260.6,260.5,260.5,260.5,260.5,260.6,260.7,261.0,261.3,261.6,261.9,262.0,262.0,261.9,261.7
258.3,258.3,258.2,258.1,258.0,258.0,258.1,258.0,257.9,257.9,257.9,257.9,258.3,258.5,259.0,258.6,258.2,257.9,257.6,257.4,257.6,258.1,259.0,259.9,260.6,261.1,262.3,263.6,264.9,266.1,266.8,266.8,266.3,265.5,265.2,265.4,265.7,266.0,266.1,266.2,266.2,266.2,266.2,266.2,266.3,266.2,266.1,266.1,266.1,266.0,265.9,265.8,265.6,265.4,265.1,264.8,264.5,264.1,263.7,263.3,263.0,262.8,262.5,262.4,262.1,262.0,261.9,261.9,261.9,261.7,261.3,261.1,261.2,261.3,261.2,261.1,261.0
259.7,259.6,259.5,259.4,259.4,259.4,259.4,259.3,259.3,259.4,259.2,258.9,259.0,258.8,259.0,259.2,258.7,258.7,259.5,260.6,261.8,261.7,262.1,262.7,263.3,264.1,265.0,265.8,266.4,266.8,266.6,266.7,266.7,266.5,266.4,266.3,266.1,266.1,266.2,266.1,266.1,266.0,265.9,265.7,265.7,265.7,265.6,265.5,265.6,265.7,265.8,265.9,265.9,266.0,266.1,266.1,266.1,266.0,265.9,265.8,265.8,265.7,265.6,265.5,265.5,265.5,265.3,265.1,264.8,264.6,264.3,264.0,263.6,263.3,263.0,262.6,262.0
260.6,260.5,260.3,260.2,260.4,260.6,260.4,260.1,259.8,259.8,260.1,260.8,261.4,261.8,262.1,262.4,262.3,262.4,262.7,263.0,263.8,264.2,264.5,265.8,266.9,267.5,267.4,267.4,267.1,266.9,266.7,266.5,266.2,266.0,265.9,265.9,265.8,265.9,265.9,265.9,265.9,266.1,266.3,266.5,266.6,266.7,266.8,266.7,266.7,266.6,266.5,266.4,266.4,266.3,266.3,266.4,266.5,266.5,266.5,266.5,266.4,266.2,266.1,265.9,265.8,265.9,265.9,266.2,266.1,266.2,266.3,266.3,266.3,266.3,266.2,266.2,266.1
265.0,265.1,265.0,264.8,264.6,264.6,265.0,265.3,265.5,265.5,265.7,265.7,265.9,266.0,266.2,266.4,266.3,266.4,266.8,267.0,267.3,268.0,268.2,268.2,268.1,267.9,267.6,267.3,267.3,266.9,266.6,266.5,266.4,266.4,266.3,266.3,266.7,266.8,266.8,266.8,267.0,267.2,267.4,267.4,267.4,267.4,267.5,267.2,267.0,267.6,267.7,267.7,267.5,267.1,266.7,266.3,266.2,266.2,266.2,266.0,265.9,265.9,265.8,265.2,265.1,265.2,265.2,265.3,265.5,265.6,265.5,265.6,265.8,265.9,266.3,266.4,266.4
269.4,269.4,269.6,269.7,269.7,269.6,269.5,269.6,269.5,269.5,269.4,269.2,269.0,268.8,268.6,268.4,268.3,268.4,268.5,268.5,268.5,268.5,268.5,268.4,267.9,267.6,267.7,267.4,267.0,266.7,266.7,266.7,267.2,267.6,268.3,268.3,267.9,268.0,268.4,268.7,268.8,268.8,269.0,269.2,269.2,269.1,268.7,269.1,269.1,268.3,268.1,267.4,268.7,269.2,268.9,268.2,267.4,266.9,266.7,266.4,266.1,265.9,265.8,265.7,265.8,266.2,266.4,266.7,266.9,267.0,266.8,266.2,265.2,265.0,265.7,266.3,266.5
271.7,271.8,272.0,271.7,271.4,271.5,271.9,272.1,272.0,271.8,271.4,270.7,270.1,269.1,269.0,268.9,270.9,270.3,270.4,269.8,269.0,268.5,268.6,268.4,268.3,267.7,267.4,266.7,266.2,266.1,267.1,267.3,267.7,268.8,268.9,269.3,268.9,269.1,269.1,269.3,269.6,269.8,270.0,270.1,270.5,270.7,270.4,269.7,269.1,268.2,266.7,266.2,266.0,267.1,269.5,268.6,267.2,266.4,266.9,266.5,266.5,266.2,265.6,265.1,266.0,265.6,265.7,265.8,266.0,265.8,265.7,264.4,265.0,266.4,267.5,267.3,265.7
273.2,273.1,272.8,272.8,272.7,272.5,272.3,272.1,271.9,271.5,271.2,270.9,270.2,268.1,268.1,267.9,268.2,267.5,266.1,267.1,267.5,268.2,270.3,271.3,269.5,268.5,267.8,267.0,266.6,266.7,267.2,267.9,268.4,268.7,269.2,269.6,270.1,270.6,271.0,271.1,271.1,271.1,270.9,271.2,271.3,271.2,270.5,270.0,269.1,267.8,266.9,265.8,267.6,269.1,270.1,269.9,270.0,269.4,268.4,268.1,267.2,267.4,266.1,266.7,266.7,266.3,266.4,266.1,266.2,266.1,265.9,265.5,266.0,266.3,266.2,266.1,266.0
273.3,273.4,273.4,273.3,273.1,272.8,272.7,272.6,272.3,272.1,271.8,271.6,271.5,271.4,270.2,268.7,267.7,266.9,266.9,267.3,267.5,267.3,269.1,269.8,270.3,269.6,268.8,268.6,268.5,268.7,269.0,269.4,269.7,270.1,270.4,270.7,270.9,271.4,271.7,271.7,271.6,271.7,271.7,271.7,271.6,271.2,270.3,269.6,269.0,268.0,267.2,267.9,266.7,271.7,272.2,271.8,271.1,270.6,270.0,269.0,267.5,266.3,266.2,267.7,267.8,267.7,267.0,266.3,265.7,265.2,264.7,265.0,265.8,265.2,265.0,264.9,264.8
274.0,273.6,273.4,273.0,272.6,272.6,272.6,272.3,271.9,271.5,271.5,271.1,270.3,269.8,268.9,268.6,268.1,267.9,268.3,268.4,267.6,268.9,268.2,269.3,269.1,269.2,269.3,269.3,269.4,269.7,270.3,270.5,270.9,271.0,270.7,271.2,271.3,271.4,271.7,271.9,271.8,271.6,271.4,271.1,271.0,270.7,270.1,269.7,269.1,267.4,266.5,267.5,271.3,272.7,272.5,272.3,271.9,271.2,270.3,269.7,268.9,267.0,265.5,264.8,269.3,268.9,267.9,265.5,267.6,265.9,265.5,265.4,265.2,264.9,264.7,264.4,264.2
275.0,274.5,273.6,273.0,272.6,272.4,272.3,272.4,272.5,272.1,271.3,270.7,270.2,270.1,270.0,269.2,268.2,268.3,268.2,268.4,268.0,268.9,268.8,268.7,269.2,269.2,269.7,269.9,269.8,269.7,269.9,269.7,270.2,270.7,270.7,270.9,270.7,270.9,270.6,270.7,270.7,270.6,270.4,270.2,270.2,269.9,269.5,269.3,268.3,267.1,266.1,266.0,265.7,272.7,272.4,271.8,271.6,271.3,270.6,269.4,268.6,267.3,266.0,265.4,265.8,269.8,267.8,266.8,266.1,264.6,262.8,267.8,267.1,266.3,265.2,264.8,264.3
275.6,274.9,274.3,273.5,272.4,272.5,272.7,272.3,271.6,271.2,270.7,270.1,269.4,269.8,269.7,269.6,269.2,268.8,268.8,268.7,268.4,269.2,269.6,269.4,269.4,269.3,269.2,269.4,269.6,269.8,269.7,269.4,269.2,269.2,269.4,269.3,269.5,269.8,269.7,269.5,269.1,269.5,269.5,269.2,268.8,268.7,268.0,267.7,267.8,267.3,267.9,268.5,266.7,267.0,267.7,270.9,272.2,271.8,271.3,270.0,268.9,267.8,265.2,262.7,263.7,263.0,262.9,260.5,259.3,263.6,265.9,264.1,266.7,266.6,265.9,265.3,264.7
276.4,274.7,273.5,272.9,272.6,272.7,272.2,271.2,270.3,270.1,269.7,269.3,269.0,268.8,268.7,269.2,269.8,269.7,269.6,269.8,270.0,270.3,270.2,270.4,270.0,270.1,269.8,269.6,269.6,269.4,269.1,269.1,268.9,268.6,268.5,268.2,267.9,267.8,268.1,267.0,267.3,267.7,267.3,268.1,268.0,268.8,268.8,268.8,269.0,269.2,269.2,270.0,270.1,269.6,269.2,268.7,269.1,268.9,268.9,268.7,267.6,266.6,266.2,264.3,263.1,263.5,262.0,261.2,261.4,262.1,259.5,267.2,265.9,265.3,265.3,264.5,263.3
275.5,274.4,273.7,272.7,272.0,271.5,271.0,270.1,269.9,269.9,269.7,269.0,268.0,267.7,268.0,268.5,269.2,270.0,269.8,270.0,270.4,270.9,271.1,271.1,270.8,270.6,270.1,270.0,269.7,269.4,269.0,268.5,268.2,267.5,266.8,267.6,268.4,268.8,269.2,269.1,269.1,268.9,269.2,269.1,269.1,269.0,268.9,268.7,268.6,268.7,268.3,268.9,269.5,269.6,269.5,268.9,268.4,268.0,267.8,267.6,267.0,266.5,265.4,265.8,264.1,263.6,262.9,261.0,261.6,263.7,262.0,262.1,262.6,264.3,263.3,263.5,262.5
275.2,273.3,272.7,271.6,271.2,270.5,269.8,270.3,270.2,269.8,268.8,267.8,267.6,267.9,268.6,268.8,269.0,269.5,269.8,270.5,270.7,270.8,271.0,270.7,270.4,270.2,270.1,269.7,269.2,268.8,268.7,268.6,268.4,268.3,268.6,268.6,268.9,268.8,268.6,269.0,269.0,268.9,269.3,269.3,269.1,269.0,269.0,268.7,268.7,268.7,268.8,268.6,268.3,268.6,268.5,268.0,267.5,267.3,267.3,267.2,266.9,264.4,264.0,264.2,265.1,263.9,263.6,262.9,262.3,262.3,263.5,262.7,262.9,263.5,263.2,262.1,262.1
274.0,271.5,271.0,270.3,270.1,270.6,271.0,270.5,269.7,268.0,267.0,266.9,267.5,268.3,268.8,269.1,268.6,268.4,269.5,270.1,270.7,270.7,270.6,270.7,270.7,270.4,270.0,269.7,269.3,269.2,269.3,269.3,269.3,269.2,269.5,269.4,268.9,268.4,268.4,268.2,268.6,268.7,268.9,269.2,268.9,268.7,268.8,268.5,268.2,268.0,267.8,267.7,267.5,267.3,267.1,267.0,266.8,266.7,266.9,266.8,266.3,266.5,265.3,264.4,265.5,265.3,265.3,264.1,264.3,264.7,264.7,263.3,264.0,262.5,262.6,262.0,262.1
270.1,269.8,271.1,271.6,271.9,271.4,270.6,269.4,267.9,266.9,266.3,266.6,267.1,268.0,268.5,268.5,268.7,268.4,268.7,269.9,270.4,270.5,270.5,270.7,270.7,270.6,270.4,270.2,270.0,269.8,269.6,269.5,269.2,269.7,270.3,270.3,270.2,270.1,269.8,269.6,269.0,268.1,268.4,269.2,268.5,268.4,268.5,267.9,267.2,267.1,266.7,266.4,266.4,266.1,266.0,265.9,265.7,265.9,266.4,266.3,265.8,265.3,264.7,264.9,265.6,266.2,266.3,266.8,265.2,265.4,265.5,264.7,264.5,264.2,263.7,263.7,262.7
272.5,273.1,273.7,273.2,271.6,270.1,268.8,268.0,267.6,267.5,266.8,266.4,267.1,267.5,268.1,268.5,267.4,267.7,268.1,268.7,269.1,270.0,270.1,270.2,270.2,270.9,271.1,271.1,270.9,270.7,270.6,270.5,270.6,270.5,270.6,270.7,270.4,270.3,269.3,269.3,268.8,268.2,267.9,267.3,266.7,267.0,266.9,266.6,266.2,265.8,265.4,265.1,264.9,264.8,264.8,264.7,264.9,265.3,265.9,265.8,264.7,264.6,265.6,266.4,267.7,268.3,268.2,267.7,267.8,267.7,267.1,266.5,265.8,265.6,266.5,263.9,263.7
273.9,273.6,272.4,270.2,268.2,267.3,267.0,266.9,267.2,266.7,267.0,267.2,267.2,267.6,268.0,268.0,268.4,268.5,268.2,268.2,268.0,268.2,268.8,269.4,269.5,269.9,270.5,270.9,271.1,271.3,271.5,271.6,271.5,271.3,271.0,271.0,271.0,270.5,269.7,268.9,269.3,268.4,267.4,266.1,266.6,265.8,265.6,265.6,265.5,265.2,264.6,264.0,265.0,264.9,264.4,263.6,264.0,264.5,265.6,265.5,265.2,266.0,268.3,268.1,269.5,269.7,269.2,268.6,268.1,268.0,268.1,268.6,268.5,268.1,267.2,266.8,267.0
272.7,271.6,268.4,266.8,267.2,267.4,267.3,267.2,267.6,267.8,267.9,267.8,267.7,267.8,268.0,268.4,268.9,269.4,268.8,268.9,268.7,268.6,268.6,269.2,269.7,270.0,269.9,270.4,270.5,270.8,271.3,271.5,271.1,271.7,272.2,272.1,271.9,271.1,270.7,269.8,269.6,268.1,266.8,266.7,266.2,265.4,264.8,264.6,265.3,266.3,264.9,265.1,264.6,264.6,264.0,263.2,263.5,264.9,265.5,265.3,265.3,269.3,270.9,270.4,270.4,270.6,271.0,271.0,271.1,271.1,270.9,270.6,270.6,270.4,270.1,270.0,270.0
