wind-weather/data/weather/current/current-wind-isobaric-70hPa-gfs-1.0.json
{"header": {"discipline":0,"disciplineName":"Meteorologicalproducts","gribEdition":2,"gribLength":54810,"center":7,"centerName":"USNationalWeatherService-NCEP(WMC)","subcenter":0,"refTime":"2015-09-28T00:00:00.000Z","significanceOfRT":0,"significanceOfRTName":"Analysis","productStatus":0,"productStatusName":"Operationalproducts","productType":0,"productTypeName":"Analysisproducts","productDefinitionTemplate":0,"productDefinitionTemplateName":"Analysis/forecastathorizontallevel/layeratapointintime","parameterCategory":2,"parameterCategoryName":"Momentum","parameterNumber":2,"parameterNumberName":"U-component_of_wind","parameterUnit":"m.s-1","genProcessType":0,"genProcessTypeName":"Analysis","forecastTime":0,"surface1Type":100,"surface1TypeName":"Isobaricsurface","surface1Value":7000.0,"surface2Type":255,"surface2TypeName":"Missing","surface2Value":0.0,"gridDefinitionTemplate":0,"gridDefinitionTemplateName":"Latitude_Longitude","numberPoints":65160,"shape":6,"shapeName":"Earthsphericalwithradiusof6,371,229.0m","gridUnits":"degrees","resolution":48,"winds":"true","scanMode":0,"nx":360,"ny":181,"basicAngle":0,"subDivisions":0,"lo1":0.0,"la1":90.0,"lo2":359.0,"la2":-90.0,"dx":1.0,"dy":1.0}, "data":
[rows 0 to 35 of 181, columns 160 to 239 of 360]
-13.99,-14.12,-14.26,-14.39,-14.51,-14.63,-14.74,-14.86,-14.96,-15.06,-15.16,-15.25,-15.34,-15.42,-15.5,-15.57,-15.64,-15.71,-15.77,-15.82,-15.87,-15.92,-15.96,-15.99,-16.02,-16.05,-16.07,-16.08,-16.09,-16.1,-16.1,-16.1,-16.09,-16.07,-16.05,-16.03,-16.0,-15.97,-15.93,-15.89,-15.84,-15.79,-15.73,-15.67,-15.6,-15.53,-15.45,-15.37,-15.28,-15.19,-15.1,-15.0,-14.89,-14.79,-14.67,-14.55,-14.43,-14.31,-14.17,-14.04,-13.9,-13.75,-13.61,-13.45,-13.3,-13.14,-12.97,-12.8,-12.63,-12.46,-12.28,-12.09,-11.91,-11.71,-11.52,-11.32,-11.12,-10.92,-10.71,-10.5
-12.86,-12.96,-13.06,-13.16,-13.25,-13.34,-13.42,-13.5,-13.58,-13.65,-13.72,-13.78,-13.84,-13.9,-13.95,-14.0,-14.04,-14.08,-14.11,-14.15,-14.17,-14.2,-14.22,-14.23,-14.25,-14.25,-14.26,-14.26,-14.26,-14.25,-14.24,-14.22,-14.2,-14.18,-14.15,-14.12,-14.09,-14.05,-14.01,-13.97,-13.92,-13.87,-13.81,-13.76,-13.69,-13.63,-13.56,-13.49,-13.41,-13.33,-13.25,-13.16,-13.07,-12.98,-12.89,-12.79,-12.69,-12.58,-12.48,-12.36,-12.25,-12.13,-12.01,-11.89,-11.77,-11.64,-11.5,-11.37,-11.23,-11.09,-10.95,-10.8,-10.65,-10.5,-10.34,-10.18,-10.02,-9.85,-9.68,-9.51
-11.61,-11.69,-11.77,-11.84,-11.91,-11.98,-12.04,-12.09,-12.15,-12.2,-12.24,-12.29,-12.32,-12.36,-12.39,-12.42,-12.45,-12.47,-12.49,-12.5,-12.51,-12.52,-12.53,-12.53,-12.53,-12.53,-12.52,-12.51,-12.5,-12.48,-12.47,-12.44,-12.42,-12.39,-12.36,-12.33,-12.3,-12.26,-12.22,-12.17,-12.13,-12.08,-12.03,-11.97,-11.92,-11.86,-11.79,-11.73,-11.66,-11.59,-11.52,-11.44,-11.36,-11.28,-11.19,-11.11,-11.02,-10.92,-10.83,-10.73,-10.63,-10.53,-10.42,-10.31,-10.2,-10.08,-9.97,-9.85,-9.72,-9.6,-9.47,-9.34,-9.21,-9.08,-8.94,-8.81,-8.67,-8.53,-8.38,-8.24
-9.96,-10.03,-10.09,-10.14,-10.2,-10.25,-10.3,-10.34,-10.38,-10.42,-10.46,-10.49,-10.52,-10.54,-10.57,-10.59,-10.61,-10.62,-10.63,-10.64,-10.65,-10.65,-10.66,-10.65,-10.65,-10.64,-10.63,-10.62,-10.61,-10.59,-10.57,-10.55,-10.52,-10.5,-10.47,-10.44,-10.4,-10.37,-10.33,-10.29,-10.24,-10.2,-10.15,-10.1,-10.05,-10.0,-9.95,-9.89,-9.83,-9.77,-9.71,-9.64,-9.58,-9.51,-9.44,-9.36,-9.29,-9.22,-9.14,-9.06,-8.98,-8.9,-8.81,-8.73,-8.64,-8.56,-8.47,-8.38,-8.29,-8.2,-8.1,-8.01,-7.91,-7.82,-7.72,-7.61,-7.51,-7.4,-7.3,-7.18
-8.41,-8.46,-8.51,-8.55,-8.6,-8.64,-8.67,-8.71,-8.74,-8.77,-8.8,-8.82,-8.84,-8.86,-8.88,-8.9,-8.91,-8.92,-8.92,-8.92,-8.93,-8.92,-8.92,-8.91,-8.9,-8.89,-8.87,-8.85,-8.83,-8.81,-8.78,-8.76,-8.73,-8.7,-8.66,-8.63,-8.59,-8.56,-8.52,-8.48,-8.44,-8.39,-8.35,-8.31,-8.26,-8.21,-8.17,-8.12,-8.07,-8.02,-7.97,-7.92,-7.87,-7.82,-7.77,-7.72,-7.67,-7.61,-7.56,-7.5,-7.45,-7.39,-7.33,-7.27,-7.21,-7.15,-7.09,-7.02,-6.95,-6.88,-6.81,-6.73,-6.65,-6.57,-6.49,-6.41,-6.33,-6.24,-6.16,-6.08
-6.79,-6.84,-6.89,-6.93,-6.97,-7.01,-7.05,-7.08,-7.11,-7.13,-7.16,-7.17,-7.19,-7.2,-7.21,-7.21,-7.21,-7.21,-7.21,-7.2,-7.18,-7.17,-7.15,-7.13,-7.11,-7.08,-7.05,-7.02,-6.99,-6.95,-6.91,-6.87,-6.83,-6.79,-6.75,-6.7,-6.65,-6.6,-6.56,-6.51,-6.46,-6.41,-6.36,-6.31,-6.25,-6.2,-6.15,-6.1,-6.05,-6.0,-5.96,-5.91,-5.86,-5.82,-5.78,-5.73,-5.69,-5.65,-5.61,-5.58,-5.54,-5.51,-5.47,-5.44,-5.41,-5.38,-5.34,-5.31,-5.29,-5.26,-5.23,-5.2,-5.17,-5.15,-5.12,-5.09,-5.06,-5.02,-4.98,-4.94
-5.12,-5.17,-5.22,-5.26,-5.3,-5.34,-5.38,-5.41,-5.43,-5.45,-5.47,-5.49,-5.5,-5.5,-5.5,-5.5,-5.5,-5.49,-5.48,-5.47,-5.45,-5.43,-5.41,-5.38,-5.36,-5.32,-5.29,-5.26,-5.22,-5.17,-5.13,-5.08,-5.03,-4.98,-4.93,-4.88,-4.82,-4.77,-4.71,-4.65,-4.6,-4.54,-4.49,-4.43,-4.38,-4.32,-4.27,-4.22,-4.17,-4.12,-4.08,-4.03,-3.99,-3.95,-3.9,-3.86,-3.83,-3.79,-3.76,-3.72,-3.69,-3.66,-3.64,-3.61,-3.59,-3.57,-3.56,-3.54,-3.53,-3.51,-3.5,-3.5,-3.49,-3.48,-3.48,-3.48,-3.48,-3.48,-3.48,-3.49
-3.39,-3.45,-3.51,-3.57,-3.62,-3.67,-3.71,-3.75,-3.78,-3.81,-3.84,-3.86,-3.88,-3.89,-3.9,-3.9,-3.9,-3.9,-3.9,-3.9,-3.89,-3.88,-3.86,-3.84,-3.82,-3.8,-3.77,-3.73,-3.7,-3.66,-3.62,-3.57,-3.53,-3.48,-3.43,-3.37,-3.31,-3.25,-3.19,-3.13,-3.06,-3.0,-2.93,-2.86,-2.79,-2.72,-2.65,-2.59,-2.52,-2.46,-2.4,-2.35,-2.3,-2.25,-2.21,-2.17,-2.14,-2.11,-2.09,-2.07,-2.05,-2.04,-2.03,-2.03,-2.03,-2.03,-2.03,-2.03,-2.04,-2.04,-2.05,-2.06,-2.06,-2.07,-2.08,-2.09,-2.1,-2.11,-2.13,-2.14
-1.61,-1.69,-1.76,-1.83,-1.89,-1.95,-2.01,-2.06,-2.11,-2.15,-2.19,-2.22,-2.25,-2.27,-2.29,-2.31,-2.32,-2.33,-2.34,-2.35,-2.35,-2.35,-2.35,-2.35,-2.34,-2.33,-2.32,-2.3,-2.28,-2.26,-2.23,-2.2,-2.17,-2.14,-2.1,-2.05,-2.01,-1.96,-1.9,-1.85,-1.79,-1.72,-1.65,-1.58,-1.51,-1.43,-1.36,-1.28,-1.2,-1.11,-1.03,-0.95,-0.87,-0.79,-0.71,-0.64,-0.58,-0.53,-0.48,-0.45,-0.43,-0.41,-0.42,-0.43,-0.44,-0.47,-0.5,-0.53,-0.57,-0.61,-0.66,-0.7,-0.75,-0.79,-0.84,-0.88,-0.92,-0.97,-1.01,-1.05
0.28,0.19,0.11,0.03,-0.05,-0.12,-0.19,-0.25,-0.32,-0.37,-0.43,-0.48,-0.52,-0.56,-0.59,-0.62,-0.64,-0.66,-0.67,-0.68,-0.69,-0.7,-0.7,-0.69,-0.69,-0.67,-0.66,-0.64,-0.61,-0.58,-0.55,-0.51,-0.47,-0.43,-0.38,-0.33,-0.28,-0.23,-0.18,-0.13,-0.08,-0.02,0.03,0.09,0.14,0.2,0.26,0.31,0.37,0.43,0.48,0.54,0.61,0.67,0.73,0.79,0.86,0.92,0.98,1.04,1.08,1.12,1.15,1.16,1.16,1.13,1.1,1.04,0.98,0.91,0.84,0.76,0.68,0.6,0.52,0.43,0.34,0.25,0.16,0.07
2.18,2.09,2.0,1.91,1.83,1.75,1.68,1.61,1.54,1.48,1.42,1.36,1.3,1.25,1.2,1.16,1.13,1.1,1.08,1.07,1.06,1.05,1.06,1.06,1.07,1.09,1.12,1.15,1.18,1.23,1.27,1.33,1.38,1.44,1.5,1.56,1.63,1.69,1.76,1.82,1.89,1.96,2.02,2.08,2.14,2.19,2.24,2.28,2.33,2.37,2.41,2.44,2.48,2.51,2.54,2.57,2.59,2.61,2.63,2.64,2.65,2.66,2.67,2.68,2.68,2.67,2.64,2.6,2.54,2.47,2.37,2.26,2.14,2.02,1.9,1.77,1.65,1.53,1.4,1.27
3.98,3.9,3.81,3.72,3.62,3.53,3.44,3.36,3.29,3.23,3.17,3.12,3.08,3.03,2.99,2.95,2.91,2.87,2.85,2.83,2.82,2.82,2.83,2.85,2.88,2.92,2.96,3.02,3.08,3.15,3.23,3.31,3.4,3.48,3.56,3.64,3.71,3.78,3.85,3.92,4.0,4.07,4.14,4.22,4.28,4.34,4.4,4.44,4.48,4.51,4.53,4.54,4.54,4.54,4.53,4.52,4.51,4.49,4.47,4.44,4.41,4.38,4.33,4.29,4.24,4.2,4.15,4.09,4.03,3.95,3.86,3.75,3.62,3.47,3.31,3.15,2.98,2.81,2.64,2.46
5.51,5.43,5.34,5.26,5.18,5.1,5.02,4.94,4.86,4.78,4.71,4.66,4.61,4.58,4.55,4.54,4.52,4.52,4.52,4.52,4.53,4.55,4.59,4.64,4.7,4.77,4.85,4.93,5.03,5.12,5.23,5.33,5.45,5.56,5.68,5.79,5.91,6.02,6.12,6.2,6.28,6.35,6.42,6.49,6.55,6.62,6.67,6.73,6.77,6.8,6.82,6.82,6.81,6.78,6.73,6.68,6.61,6.53,6.44,6.35,6.25,6.15,6.06,5.96,5.87,5.78,5.69,5.59,5.5,5.4,5.3,5.18,5.04,4.88,4.71,4.52,4.32,4.11,3.89,3.67
6.83,6.73,6.62,6.5,6.39,6.31,6.24,6.17,6.12,6.06,5.99,5.93,5.87,5.83,5.81,5.8,5.8,5.81,5.84,5.87,5.92,5.98,6.05,6.13,6.22,6.33,6.44,6.56,6.69,6.82,6.95,7.08,7.2,7.33,7.47,7.63,7.81,8.0,8.19,8.38,8.55,8.69,8.81,8.91,8.98,9.04,9.09,9.12,9.13,9.14,9.14,9.13,9.11,9.07,9.01,8.94,8.84,8.71,8.57,8.4,8.21,8.02,7.84,7.67,7.51,7.37,7.23,7.11,6.98,6.86,6.73,6.59,6.44,6.28,6.09,5.88,5.65,5.4,5.13,4.86
7.78,7.73,7.66,7.55,7.43,7.31,7.19,7.11,7.05,7.01,6.98,6.94,6.9,6.87,6.84,6.82,6.81,6.82,6.85,6.9,6.96,7.03,7.11,7.2,7.31,7.44,7.58,7.75,7.93,8.13,8.33,8.53,8.73,8.91,9.1,9.29,9.51,9.75,10.0,10.26,10.51,10.74,10.95,11.13,11.27,11.38,11.46,11.51,11.53,11.51,11.47,11.41,11.34,11.28,11.2,11.11,10.98,10.83,10.65,10.44,10.2,9.95,9.69,9.45,9.23,9.02,8.84,8.66,8.49,8.32,8.15,7.98,7.81,7.62,7.42,7.19,6.93,6.65,6.36,6.06
8.49,8.37,8.27,8.19,8.1,8.0,7.89,7.8,7.74,7.71,7.7,7.7,7.69,7.69,7.7,7.71,7.73,7.76,7.83,7.91,8.0,8.1,8.2,8.3,8.41,8.55,8.72,8.93,9.18,9.45,9.75,10.04,10.33,10.59,10.84,11.07,11.31,11.57,11.84,12.11,12.38,12.63,12.86,13.05,13.21,13.35,13.47,13.56,13.62,13.64,13.61,13.53,13.42,13.31,13.2,13.08,12.94,12.76,12.56,12.35,12.11,11.85,11.56,11.28,10.99,10.73,10.48,10.24,10.0,9.77,9.53,9.3,9.08,8.85,8.63,8.38,8.12,7.82,7.49,7.14
8.78,8.61,8.5,8.46,8.43,8.39,8.34,8.28,8.25,8.24,8.25,8.28,8.31,8.35,8.4,8.45,8.53,8.65,8.79,8.95,9.12,9.29,9.45,9.6,9.74,9.91,10.1,10.35,10.64,10.95,11.28,11.61,11.95,12.29,12.62,12.93,13.22,13.48,13.73,13.98,14.22,14.43,14.6,14.73,14.83,14.9,14.97,15.05,15.13,15.21,15.25,15.25,15.2,15.12,15.02,14.9,14.77,14.6,14.4,14.19,13.96,13.7,13.41,13.09,12.77,12.44,12.12,11.81,11.49,11.17,10.85,10.54,10.24,9.96,9.69,9.42,9.14,8.82,8.46,8.08
8.62,8.54,8.55,8.6,8.65,8.67,8.66,8.65,8.66,8.71,8.77,8.84,8.91,8.98,9.07,9.2,9.37,9.58,9.82,10.06,10.3,10.52,10.72,10.92,11.13,11.36,11.64,11.95,12.27,12.6,12.93,13.26,13.58,13.89,14.19,14.45,14.67,14.84,15.0,15.15,15.32,15.5,15.69,15.88,16.05,16.2,16.32,16.44,16.56,16.69,16.82,16.92,16.98,16.99,16.94,16.87,16.75,16.6,16.4,16.16,15.89,15.58,15.25,14.88,14.51,14.12,13.73,13.33,12.92,12.51,12.11,11.71,11.34,10.98,10.65,10.34,10.03,9.72,9.39,9.01
8.54,8.63,8.75,8.86,8.95,9.01,9.06,9.12,9.2,9.29,9.39,9.49,9.61,9.73,9.87,10.05,10.28,10.55,10.86,11.18,11.5,11.8,12.05,12.28,12.54,12.82,13.14,13.46,13.75,14.01,14.23,14.42,14.6,14.79,14.99,15.18,15.37,15.54,15.72,15.92,16.15,16.43,16.74,17.08,17.43,17.76,18.03,18.21,18.32,18.37,18.42,18.5,18.58,18.63,18.63,18.57,18.47,18.33,18.16,17.93,17.64,17.27,16.85,16.43,16.0,15.58,15.16,14.74,14.31,13.86,13.39,12.92,12.47,12.04,11.64,11.29,10.96,10.63,10.27,9.87
8.86,9.01,9.13,9.22,9.3,9.38,9.47,9.58,9.72,9.88,10.04,10.2,10.35,10.51,10.69,10.91,11.18,11.48,11.81,12.15,12.48,12.8,13.1,13.37,13.64,13.9,14.14,14.34,14.52,14.73,14.94,15.17,15.41,15.68,15.94,16.19,16.41,16.63,16.85,17.1,17.42,17.78,18.16,18.54,18.91,19.25,19.56,19.79,19.91,19.92,19.89,19.86,19.87,19.9,19.93,19.92,19.85,19.71,19.52,19.32,19.08,18.75,18.28,17.78,17.3,16.85,16.42,16.0,15.59,15.16,14.7,14.22,13.74,13.25,12.78,12.34,11.94,11.56,11.17,10.75
9.08,9.19,9.29,9.39,9.51,9.66,9.85,10.05,10.25,10.43,10.6,10.77,10.96,11.18,11.45,11.72,11.99,12.26,12.56,12.86,13.14,13.4,13.62,13.83,14.06,14.33,14.62,14.9,15.17,15.46,15.8,16.17,16.55,16.92,17.26,17.58,17.9,18.23,18.55,18.86,19.14,19.38,19.58,19.76,19.96,20.2,20.46,20.7,20.89,21.01,21.09,21.12,21.09,21.11,21.21,21.32,21.31,21.12,20.81,20.5,20.26,19.99,19.54,18.98,18.51,18.14,17.74,17.3,16.87,16.43,15.96,15.49,15.01,14.52,14.01,13.49,12.98,12.49,12.02,11.59
9.18,9.27,9.4,9.58,9.8,10.05,10.28,10.51,10.7,10.86,11.0,11.19,11.4,11.63,11.88,12.1,12.33,12.59,12.89,13.2,13.45,13.67,13.91,14.18,14.5,14.91,15.37,15.86,16.36,16.84,17.3,17.68,17.95,18.1,18.18,18.3,18.48,18.72,18.96,19.15,19.26,19.28,19.35,19.47,19.63,19.86,20.13,20.37,20.6,20.78,20.89,20.94,20.92,20.92,21.01,21.1,21.2,21.18,21.05,20.97,21.0,20.98,20.73,20.31,19.94,19.56,19.08,18.52,17.98,17.47,16.96,16.46,15.98,15.52,15.03,14.51,13.99,13.49,13.03,12.57
9.28,9.44,9.64,9.84,10.06,10.31,10.55,10.74,10.89,11.06,11.28,11.51,11.72,11.97,12.2,12.43,12.66,12.9,13.14,13.44,13.84,14.35,14.85,15.29,15.67,16.01,16.32,16.61,16.93,17.3,17.63,17.85,17.94,17.97,18.05,18.24,18.51,18.8,19.08,19.31,19.48,19.63,19.8,19.99,20.23,20.52,20.8,21.01,21.19,21.26,21.35,21.39,21.37,21.31,21.22,21.13,21.04,20.88,20.69,20.55,20.52,20.61,20.72,20.79,20.77,20.54,20.14,19.65,19.06,18.43,17.83,17.29,16.8,16.32,15.78,15.2,14.64,14.14,13.71,13.33
9.32,9.53,9.77,10.02,10.27,10.5,10.69,10.9,11.13,11.31,11.46,11.6,11.76,11.94,12.17,12.49,12.88,13.33,13.77,14.14,14.47,14.83,15.24,15.63,15.94,16.15,16.34,16.6,16.97,17.38,17.72,17.9,18.0,18.16,18.41,18.69,18.95,19.16,19.33,19.48,19.64,19.8,19.94,20.14,20.36,20.55,20.71,20.83,20.94,21.04,21.16,21.3,21.43,21.57,21.66,21.63,21.5,21.25,20.88,20.47,20.19,20.09,20.09,20.2,20.35,20.37,20.28,20.28,19.94,19.38,18.67,17.93,17.28,16.73,16.21,15.67,15.15,14.69,14.31,14.03
9.54,9.74,9.93,10.16,10.42,10.72,11.03,11.32,11.6,11.84,12.06,12.23,12.35,12.48,12.71,13.0,13.34,13.72,14.14,14.55,14.91,15.19,15.39,15.56,15.71,15.85,16.06,16.42,16.95,17.46,17.8,17.96,18.05,18.21,18.36,18.41,18.42,18.44,18.41,18.44,18.59,18.71,18.82,19.01,19.23,19.35,19.35,19.33,19.38,19.51,19.69,19.92,20.17,20.49,20.78,20.97,21.06,21.05,20.93,20.61,20.36,20.23,20.06,19.95,19.75,19.41,19.16,19.17,19.21,19.17,18.91,18.51,18.02,17.47,16.89,16.29,15.67,15.16,14.79,14.54
10.12,10.29,10.43,10.58,10.78,11.01,11.26,11.52,11.76,11.99,12.25,12.52,12.84,13.19,13.51,13.76,14.04,14.29,14.47,14.63,14.8,15.0,15.19,15.36,15.53,15.72,16.03,16.4,16.74,16.93,16.94,16.93,17.02,17.17,17.28,17.33,17.34,17.37,17.43,17.62,17.91,18.13,18.22,18.29,18.36,18.45,18.4,18.27,18.23,18.28,18.36,18.47,18.63,18.95,19.26,19.52,19.73,19.99,20.18,20.15,19.9,19.67,19.34,19.06,18.86,18.71,18.53,18.49,18.5,18.33,18.17,18.13,18.01,17.88,17.65,17.25,16.79,16.36,15.86,15.29
10.33,10.41,10.52,10.64,10.83,11.15,11.6,12.09,12.54,13.0,13.46,13.8,13.97,14.03,14.04,13.95,13.86,13.93,14.08,14.28,14.56,14.87,15.07,15.05,14.92,14.82,14.91,15.2,15.49,15.64,15.76,16.0,16.32,16.5,16.45,16.34,16.4,16.62,16.82,16.98,17.16,17.26,17.33,17.49,17.67,17.63,17.38,17.29,17.5,17.5,17.35,17.44,17.65,18.09,18.18,18.07,18.13,18.41,18.73,18.74,18.76,18.8,18.76,18.61,18.42,18.18,17.94,17.74,17.58,17.51,17.61,17.68,17.74,17.81,17.98,17.92,17.72,17.29,16.7,16.17
11.29,11.51,11.7,11.94,12.37,13.0,13.62,14.0,14.09,14.06,13.99,13.85,13.67,13.57,13.53,13.5,13.68,14.0,14.2,14.22,14.13,13.99,13.82,13.62,13.53,13.66,14.07,14.54,14.82,14.92,15.0,15.28,15.66,15.74,15.57,15.46,15.52,15.67,15.88,16.03,16.13,16.28,16.46,16.54,16.59,16.49,16.25,16.17,16.41,16.49,16.41,16.13,16.69,17.32,17.52,17.33,17.12,17.22,17.39,17.61,17.76,17.66,17.74,17.96,18.11,18.24,18.15,17.86,17.49,17.12,16.91,16.87,17.01,17.34,17.53,17.66,17.47,17.17,16.85,16.49
13.07,13.09,13.02,12.98,13.13,13.42,13.63,13.69,13.69,13.66,13.58,13.5,13.52,13.66,13.64,13.43,13.33,13.32,13.28,13.21,13.17,13.16,13.13,13.11,13.21,13.3,13.53,13.94,14.21,14.3,14.32,14.49,14.76,14.8,14.74,14.75,14.81,14.9,15.02,15.19,15.37,15.59,15.85,15.86,15.75,15.57,15.4,15.46,15.62,15.85,16.06,15.54,15.5,16.31,16.78,16.7,16.28,16.11,16.67,16.98,16.47,16.29,16.58,17.17,17.72,17.92,17.84,17.72,17.56,17.16,16.61,16.06,15.91,16.18,16.47,16.54,16.74,16.91,16.83,17.05
12.87,12.95,12.81,12.81,13.15,13.46,13.59,13.65,13.73,13.67,13.58,13.54,13.42,13.22,13.06,12.98,12.86,12.75,12.76,12.87,12.9,12.85,12.78,12.75,12.88,13.13,13.27,13.41,13.54,13.61,13.69,13.91,14.18,14.22,14.21,14.17,14.09,14.07,14.15,14.3,14.61,14.83,14.89,14.82,14.63,14.53,14.66,14.87,14.67,14.75,15.09,15.0,14.92,15.22,15.78,15.95,15.51,15.19,15.67,16.15,15.5,15.45,16.15,16.58,16.72,16.82,17.06,17.32,17.18,16.76,16.26,15.54,15.32,15.62,15.64,15.72,16.23,16.74,17.17,17.56
13.02,13.01,12.56,12.55,12.91,13.07,13.26,13.49,13.7,13.74,13.67,13.58,13.47,13.22,13.01,12.96,12.9,12.73,12.56,12.52,12.55,12.67,12.75,12.77,12.74,12.8,12.92,12.98,13.01,13.11,13.24,13.35,13.63,13.74,13.69,13.6,13.39,13.15,13.11,13.26,13.66,14.14,14.3,14.03,13.55,13.46,13.87,13.99,13.75,13.74,13.98,14.19,14.22,14.2,14.45,14.73,14.69,14.45,14.47,14.68,14.65,15.25,15.74,15.62,15.8,15.88,15.96,16.22,16.28,16.32,16.24,15.91,15.73,15.62,15.41,15.5,16.13,16.88,17.39,17.23
12.17,12.27,12.1,12.63,13.05,13.19,13.44,13.57,13.77,13.94,13.98,13.86,13.63,13.46,13.26,13.12,12.99,12.77,12.63,12.66,12.68,12.69,12.69,12.65,12.56,12.57,12.62,12.57,12.54,12.65,12.77,12.82,13.09,13.3,13.17,12.97,12.75,12.49,12.41,12.54,12.84,13.14,13.4,13.54,13.02,12.73,13.13,13.26,12.82,12.73,12.93,13.09,13.16,13.16,13.22,13.33,13.45,13.51,13.57,13.72,13.98,14.68,14.93,14.61,14.87,15.06,15.09,15.2,15.21,15.43,15.84,15.95,16.13,16.14,16.28,16.48,16.72,17.05,16.85,16.42
12.51,12.84,13.18,13.5,13.62,13.66,13.73,13.82,13.96,14.1,14.16,14.13,13.9,13.54,13.16,12.85,12.72,12.69,12.72,12.67,12.61,12.58,12.58,12.47,12.3,12.27,12.25,12.16,12.15,12.25,12.37,12.37,12.49,12.72,12.74,12.58,12.33,12.08,12.0,12.11,12.48,12.76,12.58,12.75,12.79,12.48,12.36,12.57,12.41,12.17,12.21,12.32,12.31,12.16,12.08,12.11,12.28,12.47,12.63,12.9,13.24,13.7,14.03,14.11,14.14,14.27,14.38,14.32,14.5,14.7,15.05,15.41,15.86,16.26,16.67,16.77,17.01,17.44,17.59,17.07
13.42,13.97,14.28,14.14,14.02,13.99,14.08,14.19,14.28,14.34,14.27,14.03,13.63,13.1,12.69,12.5,12.4,12.32,12.34,12.34,12.34,12.34,12.3,12.15,11.97,11.93,11.93,11.83,11.76,11.78,11.89,12.07,12.2,12.28,12.3,12.27,12.09,11.96,11.85,11.74,11.91,12.28,12.24,12.06,12.16,12.17,11.96,11.8,11.71,11.51,11.42,11.45,11.38,11.22,11.09,11.09,11.23,11.43,11.71,12.12,12.45,12.69,12.89,13.01,12.99,13.13,13.44,13.7,13.94,14.09,14.29,14.66,15.3,15.84,16.25,16.42,17.01,17.5,17.57,17.06
13.65,14.19,14.38,14.21,14.06,13.84,13.77,13.83,13.91,13.9,13.78,13.5,13.04,12.56,12.22,12.06,12.01,12.02,12.04,12.02,11.99,11.99,11.96,11.83,11.62,11.51,11.54,11.56,11.51,11.5,11.55,11.71,11.94,12.07,12.0,12.03,11.8,11.74,11.83,11.52,11.18,11.19,11.4,11.38,11.29,11.28,11.21,11.01,10.75,10.6,10.51,10.37,10.24,10.16,10.06,10.14,10.29,10.46,10.75,11.1,11.42,11.53,11.58,11.61,11.69,11.89,12.17,12.68,13.13,13.44,13.91,14.54,14.74,15.08,15.54,15.77,16.18,16.56,16.29,15.39
13.74,14.07,14.07,13.99,13.84,13.67,13.55,13.46,13.44,13.4,13.24,12.92,12.42,12.0,11.84,11.78,11.78,11.83,11.81,11.78,11.73,11.62,11.49,11.34,11.2,11.15,11.25,11.35,11.36,11.34,11.37,11.51,11.64,11.8,11.62,11.59,11.54,11.36,11.29,11.14,10.78,10.47,10.35,10.43,10.54,10.63,10.5,10.17,9.92,9.75,9.61,9.4,9.19,9.02,8.98,9.1,9.22,9.4,9.63,9.86,10.07,10.22,10.26,10.24,10.27,10.53,11.06,11.75,12.17,12.41,13.04,13.61,14.14,14.61,14.61,14.26,14.06,14.22,13.79,13.67
