wind-weather/data/weather/current/current-temp-isobaric-700hPa-gfs-1.0.json
{"header": {"discipline":0,"disciplineName":"Meteorologicalproducts","gribEdition":2,"gribLength":38964,"center":7,"centerName":"USNationalWeatherService-NCEP(WMC)","subcenter":0,"refTime":"2015-09-28T00:00:00.000Z","significanceOfRT":0,"significanceOfRTName":"Analysis","productStatus":0,"productStatusName":"Operationalproducts","productType":0,"productTypeName":"Analysisproducts","productDefinitionTemplate":0,"productDefinitionTemplateName":"Analysis/forecastathorizontallevel/layeratapointintime","parameterCategory":0,"parameterCategoryName":"Temperature","parameterNumber":0,"parameterNumberName":"Temperature","parameterUnit":"K","genProcessType":0,"genProcessTypeName":"Analysis","forecastTime":0,"surface1Type":100,"surface1TypeName":"Isobaricsurface","surface1Value":70000.0,"surface2Type":255,"surface2TypeName":"Missing","surface2Value":0.0,"gridDefinitionTemplate":0,"gridDefinitionTemplateName":"Latitude_Longitude","numberPoints":65160,"shape":6,"shapeName":"Earthsphericalwithradiusof6,371,229.0m","gridUnits":"degrees","resolution":48,"winds":"true","scanMode":0,"nx":360,"ny":181,"basicAngle":0,"subDivisions":0,"lo1":0.0,"la1":90.0,"lo2":359.0,"la2":-90.0,"dx":1.0,"dy":1.0}, "data":
[rows 68 to 101 of 181, columns 231 to 307 of 360]
286.1,286.4,286.7,287.0,286.5,285.6,285.5,285.1,284.5,284.1,283.7,283.6,283.7,284.0,284.1,283.7,283.5,283.2,283.0,283.0,283.2,283.0,283.0,283.3,283.9,283.4,284.4,284.5,282.5,282.1,282.1,281.5,282.1,282.5,282.9,283.3,283.6,284.2,284.9,284.7,284.5,284.4,284.1,283.6,283.4,283.5,283.3,282.8,283.1,282.7,283.1,283.3,283.4,283.4,283.4,283.1,283.1,282.7,282.4,282.1,282.3,282.2,282.3,282.4,282.8,283.2,283.5,283.4,283.8,283.9,283.9,282.5,282.0,281.7,282.1,282.3,283.0
286.0,286.4,286.7,286.7,286.2,285.7,285.3,284.9,284.5,284.2,283.7,283.6,283.7,284.0,284.0,283.9,284.1,283.9,283.2,283.3,283.4,283.3,283.1,283.3,283.4,282.2,284.2,284.6,284.2,282.1,281.7,282.3,282.3,282.8,282.6,282.8,283.3,284.1,284.3,284.4,283.9,284.3,284.5,283.2,283.4,283.6,283.5,283.1,282.9,282.7,282.7,283.3,283.6,283.6,283.3,283.1,282.6,282.3,282.3,282.3,282.5,282.7,282.9,283.0,283.4,283.4,283.8,283.5,283.8,284.2,284.2,283.6,283.1,281.8,282.0,282.7,282.5
285.6,286.3,286.6,286.1,285.8,285.5,285.2,284.7,284.6,284.4,283.9,283.6,283.8,284.0,284.1,284.7,284.7,283.8,283.1,283.2,283.4,283.3,282.9,283.1,283.3,282.9,284.5,284.5,284.1,285.4,283.4,281.7,282.0,282.7,282.5,282.8,283.3,283.4,283.8,284.2,283.9,284.4,283.8,283.5,283.7,283.4,283.5,283.5,283.6,283.1,283.2,283.3,283.5,284.0,283.2,283.2,282.9,282.6,282.9,283.1,283.0,283.4,283.7,284.0,283.9,283.8,284.1,283.8,283.8,284.3,284.4,284.3,283.1,282.4,282.5,282.5,282.7
284.8,286.0,286.1,285.8,285.6,285.4,285.2,284.7,284.7,284.5,284.3,284.1,284.1,284.1,284.3,284.7,284.4,284.0,283.6,283.5,283.8,283.4,282.9,283.3,283.1,283.1,283.5,283.8,283.4,282.7,281.4,281.2,282.1,282.2,282.7,282.9,283.1,283.8,284.0,284.0,284.0,284.1,283.8,283.5,283.6,283.3,283.4,283.7,283.6,283.6,283.6,283.6,283.8,283.7,284.0,283.7,283.3,284.2,283.2,283.6,283.4,283.8,284.2,284.4,284.1,284.0,284.1,284.0,284.1,284.4,284.6,284.0,282.7,282.6,283.0,282.9,283.0
284.7,285.6,285.7,285.6,285.5,285.4,285.2,285.0,284.8,284.8,284.6,284.4,284.2,284.2,284.3,284.3,284.2,283.9,283.6,283.6,283.1,283.2,283.2,283.2,282.6,282.5,283.1,283.2,283.1,282.6,281.8,281.9,283.0,282.8,283.2,283.0,283.4,283.4,283.9,284.2,284.1,283.7,283.7,283.8,283.5,283.1,283.3,284.1,283.8,283.5,284.0,284.5,284.0,284.4,284.5,284.4,284.1,284.1,283.9,283.9,284.1,284.2,284.1,284.4,284.0,284.1,284.0,284.0,284.0,284.4,284.7,284.4,283.8,283.1,283.1,282.7,282.9
284.9,285.1,285.3,285.5,285.4,285.4,285.4,284.9,284.5,284.3,284.3,284.4,284.5,284.4,284.4,284.5,284.4,284.5,283.9,283.5,282.9,282.8,283.0,283.3,283.3,283.6,283.4,282.6,281.7,281.0,281.4,282.3,282.3,282.7,283.4,283.6,283.4,283.4,283.8,283.8,284.3,283.8,283.7,283.5,283.5,282.9,283.6,284.4,284.1,283.8,283.6,284.0,284.2,284.3,284.3,284.3,284.2,284.0,284.0,284.1,284.2,284.2,284.3,284.2,284.1,284.1,283.9,283.9,284.0,284.5,284.9,284.9,284.7,284.7,284.1,283.0,283.4
284.4,284.9,285.1,285.1,285.3,285.4,285.4,284.9,284.6,284.3,284.0,283.7,283.6,283.8,284.0,284.1,284.3,284.6,284.2,283.6,283.2,283.0,283.2,283.6,284.4,283.6,286.8,283.8,282.4,281.1,281.7,282.1,283.8,284.2,283.9,284.3,283.9,284.2,283.7,284.0,283.8,283.9,283.6,283.1,283.4,283.5,284.3,284.6,284.8,284.0,283.8,284.0,284.5,284.8,284.9,284.9,284.7,284.5,284.3,284.3,284.2,283.9,284.1,284.3,284.3,284.2,283.9,283.6,284.0,284.2,284.7,284.8,284.7,284.5,283.9,283.8,283.9
284.6,284.7,284.8,284.7,285.0,285.3,285.3,284.5,283.9,283.7,283.9,283.8,283.8,283.5,283.6,283.9,284.0,283.9,284.0,283.8,283.4,283.0,283.1,283.4,284.3,284.0,287.9,282.7,282.2,281.8,282.2,282.3,283.7,283.9,283.8,284.2,284.5,283.8,283.4,283.9,283.9,284.0,283.9,283.5,283.4,284.0,284.5,284.8,285.3,284.6,284.0,284.1,284.6,284.9,284.9,284.7,284.6,284.6,284.3,284.3,284.4,284.2,284.2,284.5,284.5,284.3,284.2,283.8,283.5,284.0,284.2,284.2,284.2,284.4,284.2,283.8,283.8
284.6,284.6,284.6,284.5,284.7,284.9,284.8,284.1,283.4,283.5,283.3,283.7,283.6,283.6,283.6,283.7,284.0,284.1,283.6,283.1,283.0,283.0,283.2,283.5,283.8,284.0,284.0,283.3,282.3,282.9,283.1,283.2,283.7,284.4,284.8,284.9,285.1,284.6,284.6,284.3,284.5,284.0,283.3,283.2,284.0,284.3,284.9,285.0,285.3,285.1,284.5,284.6,284.8,285.3,285.2,284.6,284.6,284.8,284.5,284.2,284.0,284.2,284.0,284.0,284.0,283.9,283.9,283.9,283.5,283.6,283.7,283.8,283.8,283.9,284.1,284.0,283.9
284.7,284.9,284.8,284.5,284.5,284.5,284.4,283.9,283.5,283.5,283.4,283.6,283.8,283.7,283.7,283.5,283.6,283.8,283.4,282.7,282.8,282.7,283.0,283.2,283.2,283.4,283.5,283.0,282.9,283.2,283.2,283.3,284.1,284.4,284.5,285.1,285.0,284.6,285.0,284.9,285.0,284.6,283.9,283.8,284.4,284.7,285.2,285.3,285.3,285.0,284.7,284.8,285.4,286.0,285.9,285.5,285.0,284.8,284.6,284.6,284.0,284.0,283.6,283.6,283.8,284.0,283.9,283.9,284.0,283.8,283.6,283.3,283.1,283.3,283.6,283.5,283.3
284.6,285.0,284.9,284.7,284.3,284.2,283.9,283.7,283.7,283.5,283.5,283.5,283.8,283.4,283.4,283.3,283.5,283.5,283.2,282.1,282.6,282.8,282.7,282.9,282.9,283.2,282.8,282.9,283.2,283.3,282.8,283.4,283.9,284.3,284.4,284.3,285.1,285.0,284.9,285.2,284.7,284.7,284.6,284.3,284.4,285.0,284.9,285.4,285.4,285.3,285.0,285.0,285.4,285.9,286.3,285.8,285.6,284.9,284.6,285.3,284.1,283.9,283.9,283.6,283.8,283.8,283.5,283.9,284.0,284.0,283.9,283.7,283.4,283.4,283.5,283.2,283.3
284.5,284.8,284.8,284.6,284.2,283.9,283.6,283.5,283.4,283.6,283.6,283.5,283.6,283.4,283.2,283.1,283.2,283.0,282.9,282.6,282.3,282.8,282.9,283.0,282.6,282.6,282.6,282.8,282.8,282.8,283.1,284.0,284.0,284.1,284.1,284.3,284.6,285.0,284.8,285.1,284.7,284.6,284.7,284.3,284.4,284.3,284.7,285.1,285.3,285.1,285.3,284.9,285.0,285.2,285.3,284.8,284.9,283.7,285.1,285.0,284.8,283.8,284.1,283.5,283.6,283.6,283.3,283.2,284.1,284.1,284.1,283.8,283.7,283.8,283.5,283.4,283.5
284.4,284.3,284.2,284.0,284.0,284.0,283.9,283.8,283.5,283.5,283.4,283.6,283.4,283.0,283.0,282.8,282.6,282.7,282.3,282.8,282.4,282.4,282.3,282.4,282.7,282.7,282.3,282.5,282.9,282.9,283.6,284.4,284.4,284.1,284.2,284.1,284.1,284.1,284.5,284.8,284.3,284.4,284.2,284.1,284.1,284.0,284.2,284.6,285.0,285.1,285.1,285.2,285.3,285.6,286.3,284.6,285.3,283.2,284.1,284.8,284.3,283.9,283.4,284.1,284.4,282.7,283.4,283.7,283.6,283.6,283.8,283.7,283.4,283.4,283.4,283.2,283.1
283.9,283.7,283.9,283.9,283.7,283.7,283.5,283.4,283.4,283.3,283.3,283.4,282.9,282.8,282.9,282.9,282.7,282.5,282.5,282.4,282.1,282.0,282.4,282.3,282.7,282.5,282.9,283.0,283.2,283.5,284.5,284.7,284.5,284.2,284.0,283.8,283.6,284.1,284.3,283.7,284.2,284.3,284.3,284.3,284.1,284.0,283.6,284.3,284.4,284.8,285.0,285.2,285.0,284.6,284.8,284.3,283.2,284.1,284.8,284.1,283.2,283.4,283.3,283.2,283.5,283.1,282.7,283.1,283.1,283.0,283.2,283.5,283.1,283.0,283.0,282.9,282.9
283.3,283.4,283.6,283.4,283.5,283.5,283.3,283.0,283.2,283.4,283.3,282.9,283.1,282.6,282.8,282.8,282.6,282.5,282.5,282.3,282.4,282.3,282.5,282.7,282.9,283.3,283.5,283.7,284.1,284.5,285.3,284.6,284.7,284.2,283.8,283.6,283.8,284.1,284.1,283.9,284.1,284.4,284.5,284.3,284.3,284.2,284.3,284.3,284.5,284.5,284.9,285.6,285.6,286.3,284.4,285.0,284.4,283.1,283.7,283.6,283.6,283.4,283.8,283.5,283.4,283.4,283.6,283.7,283.7,282.7,283.0,283.1,282.9,282.9,282.8,282.7,282.5
283.1,282.9,283.3,283.1,283.2,283.1,282.9,282.8,283.2,283.1,283.0,283.2,282.7,283.0,282.7,282.2,282.3,282.0,282.2,282.4,282.3,282.7,283.1,283.4,283.5,283.9,284.3,284.3,284.7,285.0,285.4,284.5,284.9,284.2,283.7,283.8,284.0,284.0,284.1,284.2,283.7,284.1,284.2,284.5,284.6,284.4,284.4,284.5,284.5,284.6,284.8,285.0,284.8,283.6,284.8,284.8,284.4,283.6,282.7,283.6,283.4,282.8,283.0,283.9,283.6,282.9,282.4,282.5,282.3,282.9,282.8,282.5,282.5,282.5,282.3,282.3,282.3
283.1,283.1,283.1,283.0,283.0,283.1,283.1,282.9,282.9,282.9,283.3,283.2,282.7,282.6,282.6,282.5,282.6,282.4,282.4,282.6,282.9,283.2,283.7,284.1,284.2,284.5,284.7,284.9,285.7,285.4,285.1,284.8,284.1,283.9,284.0,283.9,283.7,284.0,283.9,283.8,283.5,284.0,284.1,284.3,285.0,284.3,284.4,284.6,284.5,284.6,284.8,284.8,284.4,285.9,283.9,284.9,280.6,283.0,283.0,283.5,282.8,282.1,281.6,281.7,282.1,282.1,282.2,282.3,282.2,282.3,282.3,282.2,282.1,282.0,281.8,281.8,281.7
283.2,283.0,283.1,283.0,283.0,283.1,282.9,283.0,283.1,283.3,282.9,283.1,282.6,282.6,282.9,282.8,282.7,282.7,282.9,283.2,283.3,283.6,284.2,284.5,284.7,284.8,285.1,285.5,285.8,286.2,286.2,285.5,284.0,283.8,283.8,283.8,283.7,283.9,284.0,284.1,284.1,284.1,284.8,284.5,284.9,284.6,284.8,284.8,284.8,284.8,284.8,284.7,284.4,286.1,284.3,281.8,282.8,282.7,283.5,283.4,282.9,282.2,281.8,282.0,282.4,281.2,282.0,281.8,282.3,282.3,282.7,282.0,282.1,281.6,281.7,281.9,281.6
283.0,282.9,282.9,283.1,283.3,283.3,283.4,283.7,283.8,284.1,283.6,282.9,283.1,283.0,283.3,283.2,283.0,283.0,283.1,283.4,283.5,284.0,284.6,285.1,285.1,285.2,285.5,285.6,286.1,286.2,286.2,285.6,285.1,284.9,284.9,284.7,284.7,284.4,284.3,284.5,284.5,284.7,284.8,285.0,284.9,284.9,284.9,284.8,284.8,284.6,284.5,284.7,284.9,285.0,283.9,282.6,282.3,283.5,283.3,283.4,283.9,283.2,282.2,282.3,281.8,281.8,282.3,282.3,282.2,282.2,282.5,281.0,281.5,281.5,282.3,281.9,281.6
284.4,284.4,284.1,283.7,283.9,284.0,284.3,284.3,284.5,284.4,284.4,284.1,283.8,283.6,283.6,283.5,283.5,283.6,283.6,284.0,284.0,284.4,284.9,285.3,285.5,285.4,285.5,285.8,286.2,286.2,286.0,285.5,285.1,285.0,284.8,285.1,284.9,284.7,284.5,284.6,284.5,284.7,284.9,284.9,285.2,285.3,285.1,285.0,285.0,284.8,284.4,283.9,284.2,281.6,284.4,282.4,282.8,283.2,283.1,283.3,282.8,282.4,282.6,282.1,282.1,282.3,282.8,282.6,281.8,282.7,282.0,281.6,281.8,282.0,281.3,281.2,281.4
284.5,284.8,284.8,284.8,284.6,284.7,284.7,284.6,284.7,284.8,284.7,284.5,284.1,283.9,283.6,283.7,283.7,283.9,284.0,284.3,284.4,284.7,285.2,285.3,285.5,285.6,285.3,285.6,285.9,286.0,286.2,285.8,285.1,285.0,284.8,284.8,284.7,285.2,285.0,284.7,284.6,284.7,285.2,285.7,285.5,285.1,285.0,284.9,284.5,283.9,283.7,284.1,283.7,281.6,282.8,282.4,282.7,283.0,281.5,283.1,283.3,283.0,282.8,282.6,282.4,282.5,282.7,283.0,282.4,282.0,280.8,280.8,281.1,281.6,280.1,281.1,281.2
284.6,284.6,284.7,284.8,284.9,284.8,284.9,284.8,284.8,284.6,284.5,284.4,284.3,284.1,283.9,283.9,283.9,284.0,284.4,284.7,284.6,284.7,285.2,285.2,285.3,285.4,285.3,285.3,285.4,285.7,286.1,286.0,285.8,285.5,284.9,284.7,284.7,285.2,285.2,285.1,285.1,285.5,285.6,285.6,285.4,285.0,284.7,284.6,284.5,284.0,283.6,283.1,280.8,281.8,282.6,282.8,282.4,282.1,282.7,283.2,283.0,282.6,281.9,282.1,282.9,283.0,283.2,282.9,282.6,281.2,280.9,280.3,281.0,280.8,280.6,280.3,281.4
284.4,284.6,284.9,285.1,285.0,285.0,284.8,284.6,284.5,284.6,284.6,284.5,284.3,284.3,284.1,283.9,283.9,283.9,284.3,284.8,284.9,284.7,285.2,285.1,285.1,285.2,285.4,285.1,285.2,285.4,285.7,286.0,285.8,285.8,285.2,284.9,285.1,285.3,285.7,285.5,285.5,285.3,285.4,285.4,285.3,285.1,284.8,284.5,284.4,284.1,283.5,281.3,281.8,282.1,282.6,282.7,283.4,282.6,281.7,282.1,282.5,281.7,282.3,282.8,283.3,283.7,283.0,282.5,281.4,282.1,280.7,281.5,280.7,281.0,280.9,281.6,281.8
284.6,284.8,284.9,284.9,284.9,284.8,284.7,284.6,284.5,284.5,284.5,284.4,284.2,284.2,284.1,284.0,284.0,284.1,284.4,284.4,284.4,284.5,285.0,285.0,285.1,285.2,285.3,285.0,285.0,285.1,285.4,285.6,285.8,285.8,285.5,285.5,285.6,285.7,285.7,285.5,285.4,285.3,285.4,285.5,285.2,284.8,284.4,284.2,284.3,283.3,283.0,281.1,281.6,282.6,282.9,283.8,283.5,282.6,281.8,280.1,279.9,280.5,282.0,282.7,283.3,282.7,282.5,281.8,281.0,281.4,281.4,281.4,280.8,280.7,280.3,281.9,282.4
284.7,284.9,284.8,284.8,284.8,284.7,284.6,284.4,284.4,284.6,284.5,284.3,284.1,284.2,284.1,284.3,284.5,284.5,284.4,284.1,283.8,284.0,284.5,284.7,284.9,285.2,285.1,285.0,284.9,285.2,285.3,285.4,285.8,285.8,285.9,285.9,285.6,285.5,285.8,285.6,285.6,285.6,285.5,285.5,285.0,284.5,284.5,284.0,283.8,283.4,283.0,281.3,282.0,282.4,282.8,283.3,283.5,283.0,280.8,279.9,280.2,280.0,280.9,281.0,281.1,281.1,280.6,280.2,280.5,280.3,281.5,280.6,281.1,281.6,281.6,281.7,282.4
284.7,284.9,284.7,284.6,284.6,284.5,284.4,284.2,284.2,284.4,284.4,284.4,284.5,284.6,284.7,284.9,284.9,284.7,284.1,283.8,283.4,283.7,284.2,284.5,284.8,285.0,285.0,285.1,285.0,285.2,285.4,285.5,285.9,285.9,286.0,286.0,285.8,286.0,286.0,285.9,285.6,285.6,285.7,285.7,285.3,284.8,284.8,284.4,283.9,284.0,281.4,281.5,282.0,282.1,282.9,283.7,283.1,282.2,279.9,280.4,280.9,281.2,281.2,281.0,281.1,281.0,280.5,280.0,280.8,280.5,281.6,280.7,280.5,281.8,282.2,282.6,282.0
284.8,284.8,284.7,284.5,284.3,284.3,284.3,284.1,284.3,284.7,284.8,284.9,284.9,284.9,284.8,284.7,284.7,284.4,283.8,283.4,283.5,283.6,283.9,284.3,284.5,284.6,284.7,285.0,285.0,285.2,285.5,285.7,286.0,285.9,285.8,286.0,286.0,286.0,286.1,286.0,285.8,285.7,285.7,285.6,285.4,285.1,284.6,284.8,285.0,283.8,280.9,281.8,281.6,281.8,283.0,282.5,282.7,280.9,282.3,282.2,282.9,282.7,281.2,281.9,281.2,281.3,281.1,280.3,281.2,280.6,282.5,280.7,281.7,281.8,282.3,281.5,282.7
285.1,285.0,284.9,284.7,284.5,284.3,284.4,284.5,284.6,284.9,284.9,284.8,284.6,284.5,284.4,284.3,284.1,283.9,283.5,283.2,283.2,283.2,283.5,283.8,284.1,284.2,284.4,284.7,284.9,285.2,285.5,285.8,285.9,285.9,285.8,286.1,286.3,286.2,286.3,286.4,286.2,285.7,285.5,285.6,285.6,285.3,285.3,285.2,284.5,285.3,281.0,281.9,281.7,281.9,282.2,281.9,282.0,281.7,282.9,283.3,284.3,284.5,283.0,280.1,281.0,281.4,280.8,280.0,280.9,280.8,282.0,281.4,281.2,282.5,281.9,281.6,281.0
285.3,285.2,285.2,285.2,285.1,284.7,284.5,284.6,284.7,284.9,284.8,284.5,284.2,284.0,284.2,283.9,283.5,283.1,282.9,282.8,282.8,282.8,282.9,283.3,283.5,283.7,284.2,284.5,284.9,285.3,285.7,286.0,286.1,286.1,286.3,286.6,286.8,286.8,286.6,286.6,286.4,286.4,286.0,285.7,285.6,285.4,285.2,285.6,285.4,286.0,281.9,282.1,282.2,282.0,281.9,283.0,283.4,283.5,283.9,281.8,282.3,283.1,282.8,280.8,280.5,281.0,281.4,281.2,281.6,282.3,281.2,281.7,282.1,281.7,281.2,281.7,281.5
285.9,285.7,285.5,285.5,285.5,285.2,285.0,284.9,284.9,284.8,284.6,284.4,284.2,284.0,283.7,283.1,282.9,282.7,282.5,282.5,282.5,282.4,282.4,282.7,283.1,283.4,283.9,284.3,284.9,285.2,285.7,286.1,286.4,286.6,286.7,286.7,286.9,287.0,286.9,286.7,286.6,286.5,286.6,286.4,286.0,285.6,285.6,285.2,285.5,285.7,283.8,282.7,281.2,282.3,282.7,282.3,282.8,283.3,283.5,281.4,280.7,281.9,282.4,281.2,280.6,280.4,280.7,281.8,282.8,282.4,282.5,281.7,281.9,281.6,281.2,280.9,281.5
286.0,285.9,285.9,285.7,285.5,285.3,285.3,285.2,285.0,284.6,284.3,284.1,283.9,283.7,283.2,283.0,282.8,282.5,282.3,282.3,282.2,282.2,282.1,282.3,282.6,283.2,283.6,284.2,284.7,285.2,285.6,285.9,286.2,286.5,286.7,286.7,286.8,286.9,286.9,286.8,286.7,286.4,286.3,286.4,286.4,286.4,286.5,286.3,285.7,286.0,285.6,284.7,282.3,281.9,282.7,282.9,283.2,283.3,283.5,282.6,282.8,282.6,282.0,281.3,282.0,281.1,281.0,280.8,281.8,281.0,282.5,281.4,281.3,281.2,281.5,281.5,281.7
286.0,285.9,285.6,285.5,285.4,285.5,285.5,285.3,285.1,284.7,284.5,284.1,283.6,283.2,283.0,282.9,282.6,282.4,282.3,282.2,282.1,281.9,281.8,281.8,282.3,282.8,283.5,283.9,284.3,284.8,285.3,285.6,285.8,286.1,286.4,286.5,286.5,286.6,286.7,286.7,286.6,286.4,286.3,286.3,286.5,286.7,286.9,286.9,286.7,286.4,285.5,285.8,285.8,282.5,282.9,282.8,283.4,283.0,282.5,283.2,282.0,282.3,281.9,281.9,281.1,281.5,281.2,280.7,281.4,282.7,282.7,281.6,281.1,281.5,281.5,282.4,281.5
286.0,286.0,286.0,285.9,285.9,285.9,285.7,285.8,285.7,285.3,284.8,284.4,284.1,283.5,283.0,282.7,282.4,282.3,282.4,282.2,282.0,281.9,281.8,281.7,282.0,282.6,283.2,283.8,284.1,284.6,285.0,285.3,285.6,285.8,286.0,286.1,286.2,286.3,286.3,286.4,286.5,286.6,286.5,286.4,286.5,286.7,287.1,287.3,287.0,286.7,286.4,285.5,286.8,282.7,282.2,282.9,283.1,283.5,283.1,282.8,282.2,281.2,282.5,281.0,281.5,281.4,281.4,280.9,280.8,282.3,283.0,282.7,281.6,282.1,282.2,281.9,281.9
286.4,286.4,286.3,286.4,286.4,286.2,286.0,285.9,285.7,285.2,284.9,284.5,284.1,283.6,283.2,283.0,282.7,282.5,282.4,282.2,282.1,282.0,281.9,281.8,281.9,282.4,282.9,283.5,283.8,284.3,284.7,284.9,285.2,285.4,285.6,285.7,285.8,285.9,286.0,286.1,286.2,286.3,286.4,286.5,286.5,286.7,286.8,287.0,286.9,286.9,286.9,286.3,286.9,285.5,281.7,281.9,282.6,282.9,283.3,282.8,282.4,282.4,282.7,280.9,281.8,282.2,281.1,280.4,280.4,281.4,281.4,281.1,281.0,281.4,282.1,283.1,282.6
