wind-weather/data/weather/current/current-temp-isobaric-850hPa-gfs-1.0.json
{"header": {"discipline":0,"disciplineName":"Meteorologicalproducts","gribEdition":2,"gribLength":43647,"center":7,"centerName":"USNationalWeatherService-NCEP(WMC)","subcenter":0,"refTime":"2015-09-28T00:00:00.000Z","significanceOfRT":0,"significanceOfRTName":"Analysis","productStatus":0,"productStatusName":"Operationalproducts","productType":0,"productTypeName":"Analysisproducts","productDefinitionTemplate":0,"productDefinitionTemplateName":"Analysis/forecastathorizontallevel/layeratapointintime","parameterCategory":0,"parameterCategoryName":"Temperature","parameterNumber":0,"parameterNumberName":"Temperature","parameterUnit":"K","genProcessType":0,"genProcessTypeName":"Analysis","forecastTime":0,"surface1Type":100,"surface1TypeName":"Isobaricsurface","surface1Value":85000.0,"surface2Type":255,"surface2TypeName":"Missing","surface2Value":0.0,"gridDefinitionTemplate":0,"gridDefinitionTemplateName":"Latitude_Longitude","numberPoints":65160,"shape":6,"shapeName":"Earthsphericalwithradiusof6,371,229.0m","gridUnits":"degrees","resolution":48,"winds":"true","scanMode":0,"nx":360,"ny":181,"basicAngle":0,"subDivisions":0,"lo1":0.0,"la1":90.0,"lo2":359.0,"la2":-90.0,"dx":1.0,"dy":1.0}, "data":
[rows 136 to 169 of 181, columns 154 to 230 of 360]
273.7,273.4,273.3,273.1,272.9,272.4,272.1,271.6,271.7,271.9,271.9,271.7,271.0,271.4,272.2,271.8,271.8,271.4,271.1,270.8,270.4,270.5,271.8,272.8,272.9,272.8,273.0,273.1,272.6,271.9,271.2,271.1,271.2,272.4,274.8,275.3,275.5,275.6,275.6,275.7,275.9,276.0,276.2,276.3,276.5,276.8,276.3,273.0,272.1,272.4,272.0,271.7,271.7,271.6,271.6,271.6,271.6,272.0,272.3,272.6,272.7,272.7,272.7,272.5,272.3,272.2,272.2,272.2,272.2,272.3,272.2,272.0,272.0,272.0,271.9,271.6,271.2
273.7,273.6,273.3,272.9,272.1,272.2,272.1,272.1,271.9,272.0,272.2,272.0,272.0,271.9,272.0,271.8,271.9,271.8,271.3,270.8,269.9,269.3,269.3,269.8,270.4,271.9,272.9,272.9,272.7,272.6,272.6,272.6,273.2,273.9,274.6,275.2,275.5,275.6,275.7,275.7,275.8,276.0,276.2,276.3,276.4,276.8,277.1,277.0,274.9,272.1,272.2,272.4,272.3,272.3,272.4,272.5,272.6,272.9,273.1,273.0,272.4,271.8,271.5,271.4,271.5,271.7,271.9,272.1,272.4,272.4,272.2,271.8,271.6,271.8,271.9,271.8,271.7
271.5,271.5,271.7,271.9,272.0,271.8,271.7,271.9,272.2,272.4,272.4,272.3,272.3,272.3,272.2,272.3,272.2,271.9,271.6,271.5,271.1,270.5,270.1,270.4,271.2,270.8,270.1,270.8,272.6,273.3,273.2,273.4,273.9,274.1,274.4,274.8,275.1,275.4,275.6,275.8,276.0,276.1,276.2,276.3,276.5,276.9,277.4,277.6,277.6,275.7,273.0,272.0,272.0,272.1,272.6,273.0,273.1,273.2,273.3,273.1,273.0,272.7,273.1,273.7,273.6,273.2,272.5,271.7,271.3,271.2,271.3,271.0,270.5,270.6,270.5,270.5,270.5
268.3,268.7,269.0,269.3,269.3,269.5,269.8,270.2,270.4,270.8,271.1,271.5,271.8,271.9,272.1,271.8,271.7,271.7,271.7,271.6,271.3,271.4,271.0,270.1,269.7,269.7,269.9,271.0,271.1,270.7,271.2,272.5,273.7,274.3,274.3,274.4,274.7,275.1,275.5,275.7,275.9,276.2,276.3,276.5,276.8,277.1,277.4,277.8,277.4,276.8,274.8,272.6,271.9,271.9,272.3,273.0,273.3,273.4,273.4,273.6,273.7,273.7,273.4,273.9,275.0,275.8,275.8,275.3,274.7,273.9,273.1,272.2,271.4,270.5,270.4,270.4,270.3
264.9,265.1,265.4,265.7,266.1,266.5,267.1,267.5,267.9,268.3,268.6,268.9,269.1,269.3,270.0,270.7,271.4,271.7,271.7,271.6,271.5,270.9,271.3,271.5,271.2,270.9,270.3,269.8,269.6,269.7,270.4,269.9,269.6,270.0,271.0,272.0,272.8,273.7,274.4,274.8,275.2,275.8,276.1,276.3,276.5,276.5,276.3,275.9,275.3,274.5,273.6,272.7,271.3,271.4,271.8,271.8,272.3,273.1,273.4,273.6,273.8,273.7,273.3,272.8,272.9,273.7,274.6,275.0,275.1,274.5,273.3,271.3,270.0,269.6,269.2,268.9,268.8
265.0,264.2,263.9,263.9,264.1,264.3,264.5,264.6,264.7,264.8,265.0,265.1,265.2,265.4,265.7,266.1,266.6,267.2,268.5,269.7,270.7,271.4,271.6,271.4,271.2,271.2,270.9,270.9,271.0,270.9,270.5,270.2,270.4,270.6,269.6,269.5,269.8,270.0,270.2,270.6,271.4,272.0,272.4,272.5,272.6,272.3,271.8,271.6,271.4,271.1,271.0,271.1,271.0,271.1,271.2,271.1,271.3,271.8,272.2,272.4,272.6,272.7,272.7,272.7,272.6,272.4,272.3,272.4,271.6,271.1,270.7,270.1,269.8,269.3,268.9,268.6,268.6
264.6,263.9,263.8,263.7,263.6,263.7,263.9,263.9,264.0,264.1,264.3,264.5,264.6,264.6,264.7,264.8,264.9,265.1,265.3,265.6,265.9,266.2,266.7,267.1,268.3,269.3,270.0,270.3,270.3,270.2,270.8,271.1,271.3,271.3,271.3,271.2,271.1,271.1,271.1,270.7,270.4,270.5,270.8,271.1,271.4,271.8,272.0,272.0,272.0,272.1,272.2,272.2,272.3,272.2,272.3,272.3,272.3,272.2,272.1,271.8,271.6,271.6,271.6,271.6,271.5,271.5,271.8,271.8,271.9,271.7,270.6,270.0,269.6,269.1,268.7,268.5,268.3
263.6,263.7,263.6,263.5,263.5,263.3,263.2,263.1,263.2,263.5,263.7,264.1,264.1,264.2,264.3,264.4,264.6,264.9,265.1,265.3,265.6,265.8,265.9,265.9,265.9,265.8,266.2,266.5,266.9,267.2,267.8,268.7,269.7,270.2,270.7,271.0,271.1,271.1,271.1,270.9,270.8,270.9,270.9,270.9,270.7,270.7,270.8,271.0,271.1,271.0,270.7,270.5,270.6,270.7,271.0,271.1,271.3,271.5,271.6,271.6,271.6,271.2,271.2,270.9,270.8,270.9,271.0,271.3,271.6,271.9,271.5,270.8,269.9,269.0,268.5,268.2,267.8
263.4,263.2,263.2,263.2,263.1,262.9,262.7,262.6,262.5,262.5,262.7,263.1,263.2,263.3,263.4,263.6,264.1,264.3,264.6,265.0,265.3,265.5,265.6,265.7,265.7,265.6,265.5,265.3,265.5,265.8,266.1,266.3,266.6,267.0,267.2,267.3,267.4,267.6,268.0,268.2,268.1,267.9,267.7,267.8,268.0,268.2,268.1,267.8,267.6,267.6,267.3,267.2,267.2,267.5,267.9,268.2,268.7,269.5,270.0,270.3,270.6,270.9,271.1,271.0,270.9,270.9,271.1,271.2,271.4,271.7,271.7,271.6,271.3,270.6,269.0,267.7,267.0
262.9,262.8,262.7,262.6,262.5,262.5,262.3,262.2,262.0,262.0,262.2,262.3,262.6,262.9,262.9,262.9,263.1,263.3,263.7,264.2,264.5,264.7,264.9,265.2,265.4,265.4,265.5,265.5,265.4,265.3,265.5,265.4,265.5,265.5,265.4,265.3,265.3,265.3,265.4,265.5,265.5,265.5,265.5,265.5,265.4,265.3,265.1,265.0,264.9,264.9,264.9,265.0,265.2,265.1,265.1,265.1,265.7,266.1,266.6,267.1,267.5,268.3,269.1,269.8,270.2,270.5,270.8,270.9,271.2,271.5,271.6,271.6,271.5,270.8,269.6,267.7,266.2
261.5,261.3,261.5,261.8,261.9,261.9,261.7,261.5,261.5,261.3,261.4,261.7,261.7,261.7,261.7,261.8,262.0,262.2,262.6,263.0,263.4,263.7,264.2,264.3,264.4,264.6,264.8,265.0,265.2,265.3,265.4,265.3,265.2,265.0,264.9,264.8,264.7,264.7,264.6,264.5,264.4,264.3,264.2,264.0,264.0,263.9,263.7,263.4,263.2,263.1,263.2,263.4,263.6,263.7,263.8,264.0,264.2,264.5,264.7,264.9,265.2,265.7,266.5,267.2,268.0,268.8,269.4,269.9,270.4,270.6,270.8,270.9,270.9,270.3,268.8,267.2,265.8
261.3,261.3,261.4,261.5,261.5,261.4,261.3,261.2,261.1,261.0,260.9,260.9,261.2,261.5,261.6,261.6,261.7,261.8,262.1,262.5,262.7,262.9,263.2,263.6,263.8,264.0,264.1,264.2,264.4,264.6,264.8,264.9,264.9,264.8,264.9,264.8,264.6,264.5,264.3,264.0,263.9,263.6,263.5,263.4,263.1,262.5,262.0,261.7,261.8,262.4,262.9,263.0,262.9,263.1,263.3,263.7,263.9,264.2,264.4,264.6,264.9,265.1,265.5,266.0,266.3,266.8,267.4,268.0,268.2,268.4,268.5,268.7,269.0,268.9,267.7,265.8,264.6
261.8,261.7,261.7,261.7,261.7,261.6,261.4,261.1,260.7,260.4,260.4,260.5,260.6,260.6,260.7,260.9,261.1,261.4,261.7,261.9,262.2,262.5,262.8,263.2,263.4,263.7,263.8,263.9,264.0,264.2,264.4,264.6,264.7,264.6,264.6,264.6,264.3,264.2,264.2,263.9,263.5,263.2,263.0,262.5,261.8,261.2,260.9,261.2,261.8,262.3,262.4,262.5,262.7,262.9,263.2,263.5,263.8,264.3,264.8,265.3,265.6,265.8,265.9,266.0,266.3,266.8,267.0,266.7,266.7,267.1,267.5,267.8,267.9,267.2,265.1,263.5,262.8
262.2,262.1,262.2,262.1,261.7,261.3,260.7,260.2,259.8,259.5,259.8,259.7,259.6,259.7,259.8,260.1,260.5,260.9,261.4,261.8,262.2,262.5,262.8,263.0,263.2,263.5,263.8,264.0,264.0,264.0,263.8,263.7,264.0,264.4,264.5,264.4,264.4,264.2,264.0,263.6,263.2,262.7,262.2,261.5,260.7,260.2,260.1,260.8,261.4,261.7,262.0,262.3,262.2,261.8,261.5,261.4,261.8,262.5,263.4,264.3,265.2,265.9,266.2,266.4,266.5,266.5,266.3,266.2,266.4,266.6,266.6,266.3,265.3,263.1,262.0,261.0,260.2
262.2,262.3,262.0,261.5,261.0,260.5,260.1,259.5,259.3,259.4,259.3,259.3,259.2,259.3,259.3,259.6,259.9,260.1,260.5,260.9,261.3,261.8,262.2,262.5,262.8,263.0,263.2,263.4,263.7,263.8,263.7,263.6,263.6,263.8,264.1,264.2,264.1,264.0,263.6,263.1,262.7,262.1,261.5,260.5,259.7,259.0,258.9,259.4,260.2,260.9,261.4,261.6,261.3,260.9,260.6,260.3,260.7,261.5,263.0,264.8,265.6,266.0,266.1,266.1,266.0,266.2,266.4,266.6,266.5,265.2,263.4,261.9,260.5,259.4,258.9,258.6,257.7
262.2,261.6,260.8,260.1,259.6,259.5,259.1,258.6,258.6,258.6,258.5,258.5,258.5,258.6,258.6,258.7,258.9,259.1,259.3,259.7,260.0,260.4,261.0,261.5,261.9,262.2,262.5,262.8,263.0,263.1,263.4,263.6,263.6,263.6,263.8,263.8,263.7,263.5,263.0,262.4,261.8,261.1,260.3,259.3,258.3,257.6,257.3,257.7,258.5,259.7,260.5,260.7,260.6,260.4,260.1,259.9,259.9,260.2,260.7,261.3,262.9,264.2,264.9,265.0,264.5,263.9,262.9,261.5,260.2,259.9,259.0,258.2,257.8,257.3,256.3,255.5,256.2
259.9,259.0,258.5,258.3,258.1,258.2,257.8,257.7,257.5,257.4,257.5,257.5,257.7,257.8,257.9,257.9,257.8,257.5,257.2,257.1,257.3,258.0,259.0,259.8,260.5,260.8,261.2,261.5,261.7,261.9,262.1,262.4,262.7,262.9,263.1,263.0,262.3,261.6,260.9,260.4,259.8,259.1,258.3,257.4,256.4,255.4,254.9,255.1,256.2,257.5,258.6,259.3,259.3,259.5,259.2,259.1,258.9,258.8,259.0,259.4,259.7,259.9,259.9,259.7,259.3,258.8,258.5,258.3,258.1,257.2,256.2,256.0,255.6,255.0,254.0,254.3,254.7
252.8,252.4,251.9,251.6,251.5,251.4,251.7,252.1,252.7,253.4,254.1,254.5,254.9,255.2,255.4,255.4,255.3,255.0,254.8,254.8,255.1,255.7,256.6,257.7,258.6,259.6,260.2,260.6,260.9,261.2,261.4,261.7,261.9,261.6,261.2,260.8,260.4,259.4,258.0,257.3,256.7,256.2,255.5,254.5,253.3,252.5,252.2,252.0,252.3,253.3,254.8,256.3,257.1,257.5,257.9,258.3,258.1,257.9,257.4,257.2,257.3,257.4,257.4,257.2,256.9,256.8,256.6,256.4,255.2,254.7,254.2,253.7,253.5,253.5,253.4,252.6,252.8
245.8,245.9,247.1,247.4,247.8,248.0,247.8,248.6,249.1,249.5,250.0,250.5,250.9,251.3,251.5,251.6,251.5,251.5,251.5,251.7,252.1,252.9,254.3,255.6,256.8,257.7,258.3,259.0,259.9,260.6,261.1,260.6,259.9,259.6,259.2,258.7,257.8,255.5,254.7,254.0,253.3,252.4,251.5,250.9,250.0,248.5,247.9,248.2,248.6,249.3,250.4,251.5,252.9,253.9,254.5,254.9,256.4,257.5,257.1,257.8,257.6,255.9,255.6,255.6,255.8,256.0,255.9,254.8,253.6,253.2,252.5,252.1,252.0,252.1,252.3,252.5,252.6
247.0,245.8,244.4,243.5,244.1,244.2,244.5,244.4,244.3,244.0,243.7,243.5,243.7,244.0,244.3,244.7,245.3,245.8,246.5,247.3,248.6,250.7,252.4,253.4,254.4,255.6,256.9,258.2,259.1,258.9,258.2,258.0,257.8,257.7,257.1,256.0,254.4,252.5,250.0,248.6,248.0,247.6,246.9,246.7,246.9,246.8,246.4,246.5,246.6,247.1,246.8,247.3,248.1,249.0,249.7,250.5,251.3,253.2,255.5,256.8,256.9,256.2,256.0,255.2,255.1,255.2,254.7,254.3,253.5,252.7,252.0,251.4,251.3,251.4,251.7,251.9,252.2
245.3,244.7,243.7,242.5,240.9,239.5,238.8,238.6,238.7,239.0,239.3,239.6,239.9,240.3,240.7,241.1,241.5,241.9,242.4,243.0,244.3,246.4,247.8,249.3,251.9,254.4,256.2,256.4,256.2,256.2,255.9,255.8,255.4,254.3,253.0,251.6,250.4,249.4,248.5,247.6,246.8,245.9,245.0,244.1,243.5,243.3,243.5,243.7,244.1,244.4,244.9,245.3,245.7,246.1,246.7,247.3,248.0,248.1,248.7,250.3,253.2,255.3,256.1,255.9,255.6,255.8,255.2,254.5,253.7,253.0,252.3,251.9,251.9,251.9,251.8,251.8,252.0
244.4,243.6,242.4,241.0,239.8,239.1,239.1,239.7,240.4,241.4,242.1,242.6,243.0,243.5,244.1,243.7,242.1,241.8,242.1,242.2,242.8,244.2,246.4,248.3,250.2,252.6,253.6,253.5,253.3,252.8,252.3,251.7,250.7,250.1,249.6,249.1,248.5,247.5,246.3,244.9,243.4,242.3,241.9,241.8,242.2,242.8,243.4,244.0,244.4,244.7,244.8,244.7,244.6,244.6,244.7,244.9,245.0,245.2,245.4,246.0,246.8,248.5,250.8,253.0,254.8,255.3,255.0,255.5,254.9,253.7,253.0,252.5,252.2,252.0,251.7,251.6,251.5
244.9,244.1,243.0,241.9,240.9,240.7,241.1,241.8,242.5,243.3,243.8,243.6,243.0,244.2,246.7,247.7,246.9,246.4,246.8,247.0,247.3,248.1,248.5,249.3,250.0,250.1,249.8,249.4,249.1,249.1,249.0,248.9,248.6,248.3,247.8,247.0,245.8,244.4,243.2,242.5,242.2,242.2,242.5,243.0,243.5,244.0,244.5,245.1,245.2,244.6,243.7,243.2,243.0,242.9,242.9,243.0,243.9,244.8,245.2,245.1,245.0,245.5,246.6,247.8,250.1,253.7,256.0,255.2,254.6,254.0,252.9,252.2,251.6,251.2,250.9,250.9,250.8
242.0,242.5,242.7,242.4,241.9,241.6,241.7,242.1,242.8,243.5,244.3,244.9,245.0,245.0,245.2,245.6,246.0,246.3,246.5,246.7,247.0,247.1,247.0,246.8,246.7,246.8,247.0,247.2,247.2,247.2,247.0,246.7,246.5,246.1,245.5,244.6,243.6,242.8,242.6,242.7,242.8,243.0,243.2,243.5,243.8,243.7,243.3,243.0,242.9,242.8,242.7,242.5,242.5,242.4,242.3,242.2,242.0,241.9,241.9,242.5,243.8,244.8,245.4,246.3,247.6,249.1,250.1,250.6,251.0,251.1,250.9,250.7,250.6,250.6,250.4,250.2,250.0
238.6,239.2,240.3,241.7,243.5,243.2,242.8,242.6,242.7,242.8,243.0,243.3,243.6,243.9,244.2,244.5,244.7,244.8,244.8,244.8,244.9,245.0,245.3,245.6,245.8,245.8,245.8,245.7,245.5,245.2,245.1,244.9,244.7,244.3,243.8,243.2,242.8,242.6,242.7,242.8,242.9,243.1,243.2,243.2,243.2,243.5,243.7,243.4,243.1,243.0,243.0,242.9,242.7,242.6,242.5,242.3,242.2,242.1,242.3,242.6,242.7,242.6,243.3,244.5,245.3,245.9,246.8,247.7,248.5,249.1,249.6,249.9,250.0,249.8,249.4,249.0,248.5
237.1,237.7,238.8,240.5,241.9,243.3,244.0,243.1,244.5,243.7,244.1,243.6,244.6,244.2,244.1,244.3,244.5,244.7,244.9,245.1,245.1,244.9,244.7,244.5,244.4,244.5,244.7,244.9,245.1,245.1,245.0,244.9,244.7,244.4,244.2,243.9,243.7,243.5,243.4,243.3,243.2,243.2,243.3,243.4,243.5,243.6,243.7,244.1,244.4,244.8,245.4,246.0,245.8,245.4,244.7,243.9,243.2,242.5,242.1,242.1,242.5,243.0,243.0,242.8,243.3,244.1,244.8,245.6,246.3,247.0,247.6,248.1,248.4,248.7,249.0,249.3,249.6
235.7,236.3,237.4,238.7,239.4,239.3,240.7,242.6,242.1,244.1,246.4,246.0,246.0,246.7,247.3,247.0,246.5,245.8,245.3,244.8,244.6,244.7,245.0,245.4,245.8,246.0,246.0,245.9,245.8,245.8,245.8,245.6,245.1,244.4,243.9,243.6,243.6,243.7,243.9,243.9,244.0,244.0,244.0,244.0,244.3,244.8,245.4,246.0,246.8,248.0,249.3,250.3,250.6,250.5,250.2,249.4,247.9,246.5,246.2,245.3,244.2,243.2,242.9,243.1,243.6,244.2,245.1,246.1,247.2,248.4,249.7,250.9,252.0,252.8,253.4,253.8,254.1
235.6,235.7,235.8,235.6,235.9,236.7,237.9,240.1,243.7,246.4,246.3,246.1,247.7,246.5,247.3,246.7,246.8,246.3,246.0,245.9,246.1,246.4,246.7,246.9,247.0,246.9,246.7,246.5,246.5,246.5,246.1,245.2,244.1,243.1,242.5,242.3,242.2,242.4,242.9,243.5,244.1,244.5,244.9,245.4,245.8,246.2,246.8,247.6,248.7,249.7,250.5,250.8,250.9,251.0,251.2,251.0,251.0,251.1,250.7,249.8,249.1,248.7,248.7,249.2,250.1,251.2,252.2,253.1,253.8,254.5,255.0,255.1,255.6,256.1,255.8,255.6,255.8
234.6,235.0,235.3,235.4,235.7,236.9,236.5,236.8,243.4,247.1,248.2,248.2,248.0,247.6,247.3,246.9,246.7,246.6,246.7,247.0,247.4,247.8,247.9,247.9,247.8,247.7,247.5,247.2,246.9,246.5,245.7,244.7,243.7,242.8,242.1,241.8,242.2,243.1,244.3,245.3,246.0,246.5,246.8,247.1,247.6,248.1,248.6,249.2,249.9,250.7,251.2,251.3,251.2,251.3,251.5,251.7,251.7,251.8,252.1,252.4,252.7,253.1,253.5,253.9,254.3,254.6,255.2,255.7,256.0,256.3,256.7,256.6,256.4,256.1,255.8,255.9,256.2
235.5,236.8,238.0,238.9,239.6,240.6,241.4,241.1,241.8,249.4,249.0,248.9,248.8,248.5,248.2,248.0,247.8,247.9,248.1,248.1,247.9,247.8,247.8,248.0,247.9,247.6,247.1,246.3,245.6,244.9,244.1,243.4,243.2,243.3,243.6,244.4,245.7,246.9,247.7,248.1,248.4,248.6,248.8,249.1,249.5,249.8,250.2,250.6,251.1,251.6,252.2,252.4,252.2,252.2,252.3,252.5,252.7,253.0,253.2,253.6,254.1,254.5,254.8,255.1,255.3,255.7,256.2,256.5,256.6,256.6,257.2,256.7,256.7,257.1,257.0,256.9,256.8
236.8,238.4,239.6,240.8,242.2,243.1,243.8,245.4,250.4,250.4,250.5,250.4,250.1,249.5,249.0,248.7,248.4,248.0,248.0,248.1,248.0,247.5,246.7,246.0,245.5,245.3,245.0,244.8,244.4,244.0,243.9,244.3,245.2,246.0,246.9,247.7,248.4,248.8,249.2,249.5,249.7,249.9,250.0,250.2,250.4,250.5,250.6,250.8,251.2,251.8,252.6,253.3,253.6,253.5,253.4,253.3,253.4,253.7,254.1,254.5,255.0,255.2,254.4,253.5,254.5,254.9,255.3,255.6,254.8,254.2,255.0,255.8,255.7,255.1,254.4,254.2,254.1
234.8,236.7,238.4,239.6,241.0,242.7,244.3,245.7,250.4,251.3,251.6,251.3,250.9,250.7,250.6,250.2,249.5,248.7,247.7,246.7,246.3,246.4,246.2,245.7,245.2,245.0,245.0,245.0,245.2,245.8,246.6,247.3,247.8,248.3,248.7,249.1,249.4,249.8,250.2,250.5,250.8,250.9,251.0,250.9,250.7,250.6,250.6,250.9,251.4,251.8,252.3,252.8,253.3,253.8,254.0,253.8,253.6,253.5,253.5,253.0,253.5,253.4,252.0,252.1,252.5,253.2,253.9,254.4,254.7,254.8,254.6,254.8,255.1,255.1,254.6,253.8,253.0
235.4,235.9,235.6,235.6,237.3,240.6,242.3,243.7,245.9,248.1,251.7,251.7,251.5,250.7,250.1,249.8,249.5,249.1,248.6,248.1,247.6,247.0,246.7,246.6,246.6,246.7,247.1,247.4,247.7,247.9,248.3,248.7,249.0,249.5,249.9,250.3,250.7,251.0,251.3,251.5,251.7,251.8,251.6,251.2,250.8,250.6,250.5,250.4,250.3,247.5,249.2,248.8,250.4,249.6,249.6,249.6,250.7,250.9,250.5,250.4,249.7,251.3,249.2,249.6,250.2,250.8,251.2,251.5,252.0,252.7,253.5,254.6,255.7,256.2,255.8,254.6,253.3
240.2,242.3,243.6,243.5,242.5,243.8,243.7,242.6,251.6,251.3,251.0,251.1,251.2,250.9,250.5,250.0,249.6,249.1,248.7,248.2,247.7,247.4,247.2,247.4,247.7,248.0,248.4,248.8,249.2,249.7,250.1,250.5,250.9,251.2,251.5,251.8,252.0,252.2,252.2,252.2,251.9,251.7,252.2,249.9,251.1,250.7,250.3,250.9,250.9,250.1,249.7,250.1,248.5,249.3,249.1,248.6,248.5,248.5,249.3,249.8,249.7,248.9,249.3,250.1,250.0,249.7,249.4,249.1,248.5,248.3,249.3,251.6,253.6,254.4,254.0,253.8,253.9
