wind-weather/data/weather/current/current-temp-isobaric-10hPa-gfs-1.0.json
{"header": {"discipline":0,"disciplineName":"Meteorologicalproducts","gribEdition":2,"gribLength":20372,"center":7,"centerName":"USNationalWeatherService-NCEP(WMC)","subcenter":0,"refTime":"2015-05-15T06:00:00.000Z","significanceOfRT":0,"significanceOfRTName":"Analysis","productStatus":0,"productStatusName":"Operationalproducts","productType":0,"productTypeName":"Analysisproducts","productDefinitionTemplate":0,"productDefinitionTemplateName":"Analysis/forecastathorizontallevel/layeratapointintime","parameterCategory":0,"parameterCategoryName":"Temperature","parameterNumber":0,"parameterNumberName":"Temperature","parameterUnit":"K","genProcessType":0,"genProcessTypeName":"Analysis","forecastTime":0,"surface1Type":100,"surface1TypeName":"Isobaricsurface","surface1Value":1000.0,"surface2Type":255,"surface2TypeName":"Missing","surface2Value":0.0,"gridDefinitionTemplate":0,"gridDefinitionTemplateName":"Latitude_Longitude","numberPoints":65160,"shape":6,"shapeName":"Earthsphericalwithradiusof6,371,229.0m","gridUnits":"degrees","resolution":48,"winds":"true","scanMode":0,"nx":360,"ny":181,"basicAngle":0,"subDivisions":0,"lo1":0.0,"la1":90.0,"lo2":359.0,"la2":-90.0,"dx":1.0,"dy":1.0}, "data":
[rows 0 to 33 of 181, columns 154 to 230 of 360]
235.2,235.2,235.2,235.2,235.2,235.2,235.2,235.2,235.2,235.2,235.2,235.2,235.2,235.2,235.2,235.2,235.2,235.2,235.2,235.2,235.2,235.2,235.2,235.2,235.2,235.2,235.2,235.2,235.2,235.2,235.2,235.2,235.2,235.2,235.2,235.2,235.2,235.2,235.2,235.2,235.2,235.2,235.2,235.2,235.2,235.2,235.2,235.2,235.2,235.2,235.2,235.2,235.2,235.2,235.2,235.2,235.2,235.2,235.2,235.2,235.2,235.2,235.2,235.2,235.2,235.2,235.2,235.2,235.2,235.2,235.2,235.2,235.2,235.2,235.2,235.2,235.2
235.3,235.3,235.3,235.3,235.3,235.3,235.3,235.3,235.3,235.3,235.3,235.3,235.3,235.3,235.3,235.2,235.2,235.2,235.2,235.2,235.2,235.2,235.2,235.2,235.2,235.2,235.2,235.2,235.2,235.2,235.2,235.2,235.2,235.2,235.2,235.2,235.2,235.2,235.2,235.2,235.2,235.2,235.2,235.2,235.1,235.1,235.1,235.1,235.1,235.1,235.1,235.1,235.1,235.1,235.1,235.1,235.1,235.1,235.1,235.1,235.1,235.1,235.1,235.1,235.1,235.1,235.1,235.1,235.1,235.1,235.1,235.1,235.1,235.1,235.1,235.1,235.1
235.4,235.4,235.4,235.3,235.3,235.3,235.3,235.3,235.3,235.3,235.3,235.3,235.3,235.3,235.3,235.3,235.3,235.3,235.3,235.3,235.3,235.2,235.2,235.2,235.2,235.2,235.2,235.2,235.2,235.2,235.2,235.2,235.2,235.2,235.2,235.2,235.1,235.1,235.1,235.1,235.1,235.1,235.1,235.1,235.1,235.1,235.1,235.1,235.1,235.1,235.0,235.0,235.0,235.0,235.0,235.0,235.0,235.0,235.0,235.0,235.0,235.0,235.0,235.0,235.0,235.0,235.0,235.0,235.0,235.0,235.0,235.0,234.9,234.9,234.9,234.9,234.9
235.4,235.4,235.4,235.4,235.4,235.4,235.4,235.4,235.4,235.4,235.3,235.3,235.3,235.3,235.3,235.3,235.3,235.3,235.3,235.3,235.3,235.3,235.3,235.2,235.2,235.2,235.2,235.2,235.2,235.2,235.2,235.2,235.2,235.2,235.1,235.1,235.1,235.1,235.1,235.1,235.1,235.1,235.1,235.1,235.1,235.1,235.0,235.0,235.0,235.0,235.0,235.0,235.0,235.0,235.0,235.0,235.0,235.0,235.0,234.9,234.9,234.9,234.9,234.9,234.9,234.9,234.9,234.9,234.9,234.9,234.9,234.9,234.9,234.9,234.9,234.9,234.9
235.4,235.4,235.4,235.4,235.4,235.4,235.4,235.4,235.4,235.3,235.3,235.3,235.3,235.3,235.3,235.3,235.3,235.3,235.3,235.2,235.2,235.2,235.2,235.2,235.2,235.2,235.2,235.2,235.2,235.2,235.2,235.1,235.1,235.1,235.1,235.1,235.1,235.1,235.1,235.1,235.1,235.0,235.0,235.0,235.0,235.0,235.0,235.0,235.0,235.0,235.0,235.0,234.9,234.9,234.9,234.9,234.9,234.9,234.9,234.9,234.9,234.9,234.9,234.9,234.8,234.8,234.8,234.8,234.8,234.8,234.8,234.8,234.8,234.8,234.8,234.8,234.8
235.6,235.5,235.5,235.5,235.5,235.5,235.4,235.4,235.4,235.4,235.4,235.3,235.3,235.3,235.3,235.3,235.3,235.3,235.2,235.2,235.2,235.2,235.2,235.2,235.2,235.2,235.1,235.1,235.1,235.1,235.1,235.1,235.1,235.1,235.0,235.0,235.0,235.0,235.0,235.0,235.0,235.0,234.9,234.9,234.9,234.9,234.9,234.9,234.9,234.9,234.9,234.8,234.8,234.8,234.8,234.8,234.8,234.8,234.8,234.8,234.7,234.7,234.7,234.7,234.7,234.7,234.7,234.7,234.7,234.7,234.7,234.7,234.7,234.7,234.7,234.7,234.7
235.6,235.6,235.6,235.5,235.5,235.5,235.5,235.4,235.4,235.4,235.4,235.3,235.3,235.3,235.3,235.3,235.3,235.2,235.2,235.2,235.2,235.2,235.2,235.1,235.1,235.1,235.1,235.1,235.1,235.0,235.0,235.0,235.0,235.0,234.9,234.9,234.9,234.9,234.9,234.9,234.9,234.8,234.8,234.8,234.8,234.8,234.8,234.8,234.7,234.7,234.7,234.7,234.7,234.7,234.6,234.6,234.6,234.6,234.6,234.6,234.6,234.6,234.6,234.5,234.5,234.5,234.5,234.5,234.5,234.5,234.5,234.5,234.5,234.5,234.5,234.5,234.5
235.6,235.6,235.6,235.5,235.5,235.5,235.4,235.4,235.4,235.3,235.3,235.3,235.3,235.3,235.2,235.2,235.2,235.2,235.2,235.1,235.1,235.1,235.1,235.0,235.0,235.0,235.0,235.0,234.9,234.9,234.9,234.9,234.8,234.8,234.8,234.8,234.8,234.7,234.7,234.7,234.7,234.7,234.7,234.6,234.6,234.6,234.6,234.6,234.6,234.6,234.5,234.5,234.5,234.5,234.5,234.5,234.5,234.5,234.4,234.4,234.4,234.4,234.4,234.4,234.4,234.4,234.4,234.4,234.4,234.4,234.4,234.4,234.4,234.4,234.5,234.5,234.5
235.6,235.6,235.5,235.5,235.4,235.4,235.4,235.3,235.3,235.3,235.2,235.2,235.2,235.2,235.2,235.1,235.1,235.1,235.1,235.0,235.0,235.0,235.0,234.9,234.9,234.9,234.8,234.8,234.8,234.8,234.7,234.7,234.7,234.7,234.6,234.6,234.6,234.6,234.5,234.5,234.5,234.5,234.5,234.5,234.5,234.4,234.4,234.4,234.4,234.4,234.4,234.4,234.4,234.4,234.4,234.4,234.4,234.4,234.4,234.4,234.4,234.4,234.4,234.4,234.4,234.4,234.4,234.4,234.4,234.4,234.4,234.4,234.4,234.4,234.4,234.4,234.4
235.6,235.5,235.5,235.4,235.4,235.4,235.3,235.3,235.2,235.2,235.2,235.1,235.1,235.1,235.1,235.0,235.0,235.0,235.0,234.9,234.9,234.9,234.8,234.8,234.8,234.8,234.7,234.7,234.7,234.6,234.6,234.6,234.6,234.5,234.5,234.5,234.4,234.4,234.4,234.4,234.4,234.4,234.3,234.3,234.3,234.3,234.3,234.3,234.3,234.3,234.3,234.3,234.3,234.3,234.3,234.3,234.3,234.3,234.3,234.3,234.3,234.3,234.3,234.3,234.3,234.3,234.3,234.3,234.4,234.4,234.4,234.4,234.4,234.4,234.4,234.4,234.4
235.6,235.5,235.5,235.4,235.4,235.4,235.3,235.3,235.2,235.2,235.2,235.1,235.1,235.0,235.0,235.0,234.9,234.9,234.9,234.8,234.8,234.8,234.7,234.7,234.6,234.6,234.6,234.5,234.5,234.5,234.5,234.4,234.4,234.4,234.4,234.4,234.3,234.3,234.3,234.3,234.3,234.3,234.3,234.3,234.3,234.3,234.3,234.3,234.3,234.3,234.3,234.3,234.3,234.3,234.3,234.3,234.3,234.3,234.3,234.3,234.3,234.3,234.3,234.3,234.3,234.4,234.4,234.4,234.4,234.4,234.4,234.4,234.4,234.4,234.4,234.4,234.4
235.5,235.4,235.4,235.4,235.4,235.3,235.3,235.3,235.2,235.2,235.1,235.1,235.1,235.0,235.0,234.9,234.9,234.8,234.8,234.8,234.7,234.7,234.7,234.6,234.6,234.6,234.5,234.5,234.5,234.4,234.4,234.3,234.3,234.3,234.3,234.3,234.3,234.2,234.2,234.2,234.2,234.2,234.2,234.2,234.2,234.2,234.2,234.2,234.2,234.2,234.2,234.2,234.3,234.3,234.3,234.3,234.3,234.3,234.3,234.3,234.3,234.3,234.3,234.3,234.3,234.3,234.3,234.3,234.3,234.4,234.4,234.4,234.4,234.4,234.4,234.4,234.5
235.3,235.3,235.3,235.3,235.3,235.2,235.2,235.2,235.2,235.1,235.1,235.0,235.0,235.0,234.9,234.9,234.8,234.8,234.8,234.7,234.7,234.7,234.7,234.6,234.6,234.6,234.5,234.5,234.5,234.4,234.4,234.4,234.4,234.3,234.3,234.3,234.3,234.3,234.2,234.2,234.2,234.2,234.2,234.2,234.2,234.2,234.1,234.1,234.1,234.1,234.1,234.1,234.1,234.1,234.1,234.1,234.1,234.1,234.2,234.2,234.2,234.2,234.2,234.2,234.2,234.3,234.3,234.3,234.3,234.4,234.4,234.4,234.4,234.5,234.5,234.5,234.6
235.2,235.2,235.2,235.2,235.1,235.1,235.1,235.1,235.0,235.0,235.0,234.9,234.9,234.9,234.8,234.8,234.8,234.8,234.7,234.7,234.7,234.7,234.7,234.6,234.6,234.6,234.6,234.5,234.5,234.5,234.5,234.5,234.4,234.4,234.4,234.4,234.3,234.3,234.3,234.2,234.2,234.2,234.2,234.2,234.1,234.1,234.1,234.1,234.1,234.1,234.1,234.1,234.1,234.1,234.1,234.1,234.1,234.1,234.1,234.1,234.1,234.2,234.2,234.2,234.2,234.3,234.3,234.3,234.3,234.4,234.4,234.4,234.5,234.5,234.5,234.6,234.6
235.1,235.1,235.1,235.1,235.0,235.0,235.0,235.0,234.9,234.9,234.9,234.9,234.8,234.8,234.8,234.8,234.8,234.8,234.8,234.7,234.7,234.7,234.7,234.7,234.6,234.6,234.6,234.6,234.6,234.6,234.5,234.5,234.5,234.5,234.4,234.4,234.4,234.3,234.3,234.3,234.2,234.2,234.2,234.1,234.1,234.1,234.1,234.0,234.0,234.0,234.0,234.0,234.0,234.0,234.0,234.0,234.1,234.1,234.1,234.1,234.1,234.1,234.2,234.2,234.2,234.2,234.3,234.3,234.3,234.4,234.4,234.4,234.5,234.5,234.6,234.6,234.7
235.1,235.0,235.0,235.0,235.0,235.0,235.0,235.0,234.9,234.9,234.9,234.9,234.9,234.8,234.8,234.8,234.8,234.8,234.7,234.7,234.7,234.7,234.7,234.6,234.6,234.6,234.6,234.6,234.6,234.5,234.5,234.5,234.5,234.5,234.4,234.4,234.4,234.4,234.4,234.4,234.3,234.3,234.3,234.2,234.2,234.2,234.1,234.1,234.1,234.1,234.0,234.0,234.0,234.0,234.0,234.0,234.0,234.1,234.1,234.1,234.1,234.1,234.1,234.2,234.2,234.3,234.3,234.4,234.4,234.5,234.5,234.6,234.6,234.7,234.8,234.8,234.9
235.0,235.0,235.0,235.0,235.0,235.0,235.0,234.9,234.9,234.9,234.9,234.9,234.9,234.8,234.8,234.8,234.8,234.7,234.7,234.7,234.7,234.6,234.6,234.6,234.6,234.6,234.6,234.5,234.5,234.5,234.5,234.5,234.4,234.4,234.4,234.4,234.4,234.4,234.5,234.5,234.5,234.5,234.4,234.4,234.4,234.4,234.3,234.3,234.3,234.3,234.2,234.2,234.2,234.2,234.2,234.2,234.2,234.2,234.2,234.2,234.2,234.3,234.3,234.3,234.4,234.4,234.5,234.6,234.6,234.7,234.7,234.8,234.8,234.9,234.9,235.0,235.0
234.9,234.9,234.9,235.0,235.0,235.0,235.0,235.0,235.0,235.0,234.9,234.9,234.9,234.9,234.8,234.8,234.8,234.8,234.7,234.7,234.7,234.7,234.7,234.6,234.6,234.6,234.6,234.5,234.5,234.5,234.5,234.5,234.5,234.5,234.5,234.5,234.5,234.6,234.6,234.6,234.6,234.6,234.6,234.6,234.6,234.6,234.6,234.5,234.5,234.5,234.5,234.4,234.4,234.4,234.4,234.4,234.4,234.4,234.4,234.4,234.4,234.4,234.5,234.5,234.5,234.6,234.6,234.7,234.7,234.8,234.8,234.9,235.0,235.0,235.1,235.1,235.2
234.9,234.9,234.9,234.9,235.0,235.0,235.0,235.0,235.0,235.0,235.0,235.0,234.9,234.9,234.9,234.9,234.8,234.8,234.8,234.8,234.8,234.8,234.7,234.7,234.7,234.7,234.7,234.6,234.6,234.6,234.6,234.6,234.6,234.6,234.7,234.7,234.7,234.7,234.7,234.7,234.7,234.7,234.7,234.7,234.7,234.7,234.7,234.7,234.7,234.6,234.6,234.6,234.6,234.5,234.5,234.5,234.5,234.5,234.5,234.5,234.5,234.5,234.5,234.6,234.6,234.7,234.7,234.8,234.8,234.9,235.0,235.0,235.1,235.1,235.2,235.2,235.3
234.7,234.8,234.8,234.9,234.9,235.0,235.0,235.0,235.0,235.0,235.0,235.0,235.0,234.9,234.9,234.9,234.9,234.9,234.9,234.9,234.8,234.8,234.8,234.8,234.8,234.8,234.8,234.7,234.7,234.7,234.7,234.7,234.7,234.8,234.8,234.8,234.8,234.8,234.8,234.8,234.8,234.8,234.8,234.8,234.8,234.8,234.8,234.8,234.7,234.7,234.7,234.7,234.6,234.6,234.6,234.6,234.6,234.6,234.6,234.6,234.6,234.6,234.6,234.6,234.6,234.7,234.7,234.8,234.8,234.9,235.0,235.0,235.1,235.2,235.3,235.4,235.5
234.6,234.6,234.7,234.8,234.8,234.9,234.9,235.0,235.0,235.0,235.0,235.0,234.9,234.9,234.9,234.9,234.9,234.9,234.9,234.9,234.9,234.9,234.9,234.8,234.8,234.8,234.8,234.8,234.8,234.8,234.8,234.8,234.8,234.8,234.8,234.8,234.8,234.8,234.8,234.8,234.8,234.8,234.8,234.8,234.8,234.8,234.8,234.8,234.8,234.7,234.7,234.7,234.7,234.6,234.6,234.6,234.6,234.6,234.6,234.6,234.5,234.5,234.5,234.5,234.6,234.6,234.7,234.8,234.8,234.9,235.0,235.1,235.2,235.3,235.5,235.5,235.6
234.5,234.6,234.7,234.8,234.9,234.9,235.0,235.0,235.0,234.9,234.9,234.8,234.8,234.8,234.9,234.9,234.9,234.9,234.9,234.9,234.9,234.9,234.8,234.8,234.8,234.8,234.8,234.8,234.8,234.7,234.7,234.8,234.8,234.8,234.8,234.8,234.8,234.8,234.8,234.8,234.8,234.8,234.8,234.8,234.8,234.7,234.7,234.7,234.7,234.6,234.6,234.6,234.5,234.5,234.5,234.5,234.5,234.5,234.4,234.4,234.4,234.5,234.5,234.5,234.6,234.6,234.7,234.8,234.9,235.0,235.1,235.2,235.3,235.4,235.5,235.6,235.7
234.8,234.8,234.9,234.9,235.0,235.0,235.0,235.0,235.0,234.9,234.9,234.9,234.9,234.9,234.9,234.9,234.9,234.9,234.9,234.9,234.9,234.8,234.8,234.8,234.8,234.8,234.7,234.7,234.7,234.6,234.7,234.7,234.7,234.7,234.7,234.7,234.8,234.8,234.8,234.8,234.8,234.8,234.8,234.8,234.7,234.7,234.7,234.6,234.6,234.5,234.4,234.4,234.3,234.3,234.3,234.2,234.2,234.3,234.3,234.3,234.4,234.4,234.5,234.5,234.6,234.7,234.8,234.8,234.9,235.0,235.1,235.2,235.3,235.5,235.6,235.7,235.8
235.1,235.1,235.1,235.1,235.1,235.1,235.1,235.1,235.1,235.0,235.0,235.0,235.0,235.0,234.9,234.9,234.9,234.9,234.9,234.9,234.9,234.8,234.8,234.7,234.7,234.6,234.6,234.6,234.6,234.6,234.6,234.6,234.6,234.6,234.6,234.6,234.6,234.6,234.6,234.6,234.7,234.7,234.7,234.6,234.6,234.6,234.5,234.5,234.4,234.3,234.3,234.2,234.1,234.1,234.1,234.1,234.1,234.1,234.2,234.2,234.3,234.4,234.4,234.5,234.6,234.7,234.8,234.9,235.0,235.1,235.2,235.3,235.4,235.5,235.6,235.7,235.8
235.2,235.2,235.2,235.2,235.2,235.2,235.2,235.2,235.1,235.1,235.1,235.1,235.1,235.1,235.0,235.0,235.0,234.9,234.9,234.9,234.8,234.8,234.7,234.7,234.7,234.6,234.6,234.5,234.5,234.5,234.5,234.4,234.4,234.4,234.4,234.4,234.4,234.4,234.4,234.5,234.5,234.5,234.5,234.5,234.5,234.4,234.3,234.2,234.2,234.1,234.1,234.0,233.9,233.9,233.9,234.0,234.0,234.0,234.1,234.2,234.3,234.3,234.4,234.5,234.6,234.7,234.8,234.9,235.0,235.1,235.2,235.3,235.4,235.5,235.6,235.7,235.8
235.3,235.3,235.3,235.2,235.2,235.2,235.2,235.2,235.1,235.1,235.1,235.1,235.0,235.0,235.0,234.9,234.9,234.9,234.8,234.8,234.8,234.7,234.7,234.6,234.6,234.5,234.5,234.4,234.4,234.4,234.3,234.3,234.3,234.3,234.3,234.3,234.3,234.3,234.3,234.4,234.4,234.4,234.4,234.4,234.3,234.2,234.1,234.1,234.0,233.9,233.9,233.8,233.8,233.8,233.9,233.9,234.0,234.0,234.1,234.2,234.3,234.3,234.4,234.5,234.6,234.7,234.8,234.9,234.9,235.0,235.1,235.3,235.4,235.5,235.6,235.7,235.8
235.3,235.3,235.2,235.2,235.2,235.2,235.2,235.2,235.2,235.1,235.1,235.1,235.0,235.0,234.9,234.9,234.8,234.8,234.7,234.6,234.6,234.6,234.5,234.5,234.5,234.4,234.4,234.4,234.3,234.3,234.3,234.3,234.2,234.2,234.2,234.2,234.2,234.2,234.2,234.2,234.2,234.3,234.3,234.3,234.2,234.1,234.1,234.0,233.9,233.8,233.7,233.6,233.6,233.7,233.9,234.0,234.1,234.1,234.2,234.2,234.2,234.3,234.4,234.5,234.5,234.6,234.7,234.8,234.9,234.9,235.0,235.2,235.3,235.5,235.6,235.7,235.8
235.2,235.1,235.1,235.1,235.1,235.1,235.1,235.1,235.1,235.1,235.0,235.0,235.0,234.9,234.9,234.8,234.8,234.7,234.7,234.6,234.5,234.5,234.4,234.4,234.4,234.4,234.4,234.3,234.3,234.3,234.3,234.3,234.2,234.2,234.2,234.2,234.2,234.1,234.1,234.1,234.1,234.1,234.1,234.1,234.1,234.0,234.0,234.0,233.9,233.8,233.7,233.7,233.7,233.8,233.9,234.0,234.1,234.1,234.1,234.2,234.3,234.3,234.4,234.5,234.6,234.7,234.7,234.8,234.9,235.0,235.1,235.2,235.3,235.4,235.5,235.6,235.6
234.9,234.9,234.9,234.9,234.9,234.9,234.9,234.9,234.9,234.9,234.9,234.9,234.9,234.9,234.8,234.8,234.7,234.7,234.6,234.5,234.5,234.4,234.3,234.3,234.3,234.3,234.3,234.3,234.2,234.2,234.3,234.3,234.3,234.2,234.2,234.2,234.2,234.1,234.0,234.0,234.0,234.0,233.9,233.9,233.9,233.9,233.9,233.9,233.9,233.8,233.8,233.8,233.8,233.8,233.9,234.0,234.0,234.0,234.0,234.1,234.2,234.3,234.4,234.5,234.6,234.7,234.8,234.9,235.0,235.1,235.2,235.3,235.3,235.4,235.4,235.4,235.4
234.5,234.5,234.6,234.6,234.6,234.7,234.7,234.7,234.7,234.7,234.7,234.7,234.7,234.7,234.7,234.7,234.7,234.6,234.5,234.5,234.4,234.3,234.2,234.2,234.2,234.2,234.2,234.1,234.1,234.2,234.2,234.2,234.3,234.2,234.2,234.2,234.1,234.1,234.0,233.9,233.8,233.8,233.8,233.7,233.7,233.7,233.7,233.7,233.7,233.7,233.8,233.8,233.8,233.7,233.8,233.8,233.8,233.9,234.0,234.1,234.2,234.3,234.4,234.5,234.6,234.8,234.9,235.0,235.0,235.1,235.2,235.2,235.2,235.1,235.1,235.1,235.1
234.1,234.1,234.2,234.2,234.3,234.3,234.4,234.4,234.4,234.4,234.4,234.5,234.5,234.5,234.5,234.5,234.5,234.4,234.4,234.3,234.2,234.2,234.1,234.1,234.1,234.0,234.0,234.0,234.0,234.1,234.1,234.2,234.2,234.2,234.2,234.2,234.1,234.0,233.9,233.8,233.7,233.6,233.5,233.4,233.3,233.3,233.3,233.4,233.5,233.5,233.5,233.6,233.6,233.6,233.6,233.6,233.6,233.7,233.8,233.9,234.1,234.2,234.4,234.5,234.6,234.7,234.9,234.9,235.0,235.0,235.0,235.0,234.9,234.8,234.8,234.8,234.8
233.8,233.8,233.8,233.9,234.0,234.0,234.1,234.1,234.2,234.2,234.2,234.2,234.2,234.2,234.2,234.2,234.2,234.1,234.1,234.1,234.0,234.0,233.9,233.9,233.8,233.8,233.8,233.8,233.8,233.8,233.9,233.9,234.0,234.0,234.0,234.0,233.9,233.8,233.7,233.6,233.5,233.4,233.2,233.1,233.0,233.0,233.0,233.1,233.2,233.2,233.3,233.3,233.3,233.2,233.3,233.3,233.4,233.5,233.6,233.7,233.9,234.1,234.2,234.3,234.4,234.5,234.6,234.7,234.7,234.7,234.7,234.6,234.6,234.5,234.5,234.5,234.5
233.6,233.6,233.6,233.6,233.7,233.7,233.8,233.8,233.9,233.9,233.9,233.9,234.0,233.9,233.9,233.9,233.9,233.8,233.8,233.8,233.7,233.7,233.7,233.6,233.5,233.5,233.5,233.5,233.5,233.6,233.6,233.6,233.7,233.7,233.8,233.8,233.7,233.6,233.5,233.4,233.3,233.2,233.0,232.9,232.8,232.8,232.8,232.8,232.9,233.0,233.1,233.1,233.2,233.1,233.1,233.2,233.2,233.4,233.5,233.6,233.7,233.9,234.0,234.1,234.1,234.2,234.3,234.3,234.4,234.4,234.3,234.3,234.3,234.3,234.3,234.3,234.3
233.3,233.3,233.4,233.4,233.5,233.6,233.6,233.6,233.6,233.7,233.7,233.7,233.7,233.7,233.7,233.7,233.7,233.6,233.6,233.6,233.5,233.5,233.5,233.4,233.4,233.3,233.3,233.3,233.3,233.3,233.3,233.4,233.4,233.5,233.5,233.5,233.4,233.3,233.3,233.2,233.1,233.0,232.9,232.7,232.6,232.6,232.5,232.6,232.6,232.7,232.8,233.0,233.0,233.0,233.0,233.0,233.1,233.2,233.4,233.5,233.6,233.7,233.8,233.8,233.9,233.9,233.9,234.0,234.0,234.0,234.0,234.0,234.0,234.0,234.1,234.2,234.2
