wind-weather/data/weather/current/current-relative_humidity-isobaric-700hPa-gfs-1.0.json
{"header": {"discipline":0,"disciplineName":"Meteorologicalproducts","gribEdition":2,"gribLength":73774,"center":7,"centerName":"USNationalWeatherService-NCEP(WMC)","subcenter":0,"refTime":"2015-09-28T00:00:00.000Z","significanceOfRT":0,"significanceOfRTName":"Analysis","productStatus":0,"productStatusName":"Operationalproducts","productType":0,"productTypeName":"Analysisproducts","productDefinitionTemplate":0,"productDefinitionTemplateName":"Analysis/forecastathorizontallevel/layeratapointintime","parameterCategory":1,"parameterCategoryName":"Moisture","parameterNumber":1,"parameterNumberName":"Relative_humidity","parameterUnit":"percent","genProcessType":0,"genProcessTypeName":"Analysis","forecastTime":0,"surface1Type":100,"surface1TypeName":"Isobaricsurface","surface1Value":70000.0,"surface2Type":255,"surface2TypeName":"Missing","surface2Value":0.0,"gridDefinitionTemplate":0,"gridDefinitionTemplateName":"Latitude_Longitude","numberPoints":65160,"shape":6,"shapeName":"Earthsphericalwithradiusof6,371,229.0m","gridUnits":"degrees","resolution":48,"winds":"true","scanMode":0,"nx":360,"ny":181,"basicAngle":0,"subDivisions":0,"lo1":0.0,"la1":90.0,"lo2":359.0,"la2":-90.0,"dx":1.0,"dy":1.0}, "data":
[rows 38 to 75 of 181, columns 0 to 84 of 360]
13.8,15.9,18.5,18.5,20.0,23.6,24.4,22.3,20.8,15.6,20.5,25.9,30.6,26.5,13.7,5.8,6.9,11.3,15.2,12.5,7.6,8.8,12.9,14.2,13.5,14.6,18.4,15.3,11.7,14.6,50.9,61.0,43.4,72.6,82.9,36.6,29.0,29.2,21.9,20.8,22.3,22.2,24.7,30.1,48.3,49.4,49.2,66.3,70.9,67.4,72.2,76.3,81.3,76.5,66.9,70.7,68.6,70.8,75.3,79.1,72.6,69.7,61.8,57.4,59.9,45.2,15.8,4.2,9.2,3.1,6.6,26.7,44.1,56.8,54.7,37.0,29.8,36.6,48.1,60.7,72.4,80.9,82.5,75.1,67.2
11.4,14.4,16.1,16.7,18.4,21.1,21.2,20.9,15.4,13.5,20.0,26.6,33.7,23.0,10.5,4.3,3.8,4.6,5.8,7.2,8.8,10.5,10.3,8.1,10.5,16.0,14.0,9.8,2.9,44.5,46.3,42.0,73.5,87.0,68.7,27.9,34.4,31.0,19.0,17.7,19.1,18.3,22.9,32.8,36.8,42.2,39.9,58.2,59.6,54.3,74.3,82.0,80.0,71.4,57.8,49.6,52.3,59.6,64.4,61.9,53.8,45.4,49.9,45.9,21.8,5.3,5.4,9.7,6.5,4.2,24.2,38.3,44.6,41.4,26.2,21.6,28.2,40.8,49.1,60.5,64.4,69.1,67.0,67.9,79.0
10.0,11.6,13.9,16.2,18.2,19.3,17.8,12.7,10.7,14.3,22.5,30.0,31.2,26.3,19.5,14.6,8.4,7.2,5.7,6.6,6.6,7.9,10.7,14.3,13.6,9.5,19.3,41.6,54.6,44.5,77.4,90.9,88.6,83.4,59.2,25.5,36.0,34.3,17.1,14.1,15.0,16.5,23.7,37.6,38.3,34.9,37.5,47.7,55.1,50.5,79.0,82.1,73.8,60.6,29.1,28.7,37.1,41.6,41.0,36.8,36.8,40.4,25.1,7.3,3.2,6.5,10.3,8.8,5.9,20.6,30.7,36.4,36.8,26.2,17.7,18.1,30.1,48.1,58.2,58.7,61.1,63.3,61.3,65.4,84.3
7.7,7.1,8.0,9.5,10.1,9.5,7.8,6.8,7.9,11.0,12.4,13.5,13.4,18.4,15.6,16.9,17.2,15.0,12.3,14.0,12.7,14.7,19.3,42.9,59.6,70.6,61.7,53.8,84.3,96.8,96.5,99.7,89.7,69.0,52.9,25.3,26.3,38.5,19.0,12.3,13.1,16.2,18.7,34.6,52.6,47.9,38.1,41.4,57.0,56.4,73.4,79.4,53.2,33.1,19.6,19.0,18.4,18.6,20.9,29.4,29.8,18.2,7.0,2.3,4.3,10.9,8.6,8.9,17.9,24.1,29.6,33.1,31.0,22.9,16.0,16.4,32.2,52.3,55.4,67.4,65.6,53.9,65.1,59.7,78.3
8.2,7.9,7.3,6.3,5.2,4.6,5.2,7.3,10.7,10.5,10.3,10.5,10.5,11.9,15.0,14.8,15.7,7.9,13.6,33.1,56.2,78.5,75.3,80.0,94.8,96.5,95.3,98.0,99.7,86.7,98.6,90.3,83.7,44.4,59.6,28.7,11.3,38.8,28.6,22.5,12.7,11.3,14.1,17.9,31.6,48.5,40.8,38.7,49.6,62.7,63.6,65.4,32.9,15.0,15.5,14.3,10.7,11.9,18.2,21.6,18.6,10.6,3.5,0.8,6.0,10.0,11.0,15.3,20.7,23.7,27.4,28.4,27.6,22.2,16.5,16.2,28.5,48.0,62.6,75.9,61.1,83.0,90.7,100.0,93.9
7.2,7.1,7.5,8.3,8.7,7.4,8.4,8.1,12.0,17.9,11.7,42.8,18.9,10.0,30.6,12.3,16.6,45.6,89.0,100.0,96.1,84.9,96.9,95.6,98.3,97.2,97.1,91.9,94.6,78.1,98.4,84.0,70.8,44.8,59.0,53.4,11.6,19.5,46.4,34.1,22.6,16.2,11.5,10.3,11.8,26.4,39.7,42.6,39.8,53.8,64.9,47.8,23.4,14.6,16.3,13.9,9.9,10.1,12.6,15.8,17.2,11.7,4.5,0.9,3.0,8.8,13.3,16.0,19.6,21.7,23.9,26.2,27.7,28.2,25.4,19.8,20.1,33.8,41.9,39.4,33.5,29.8,18.7,40.7,88.6
10.6,10.5,10.7,11.9,13.2,17.5,6.2,91.9,99.7,92.3,89.9,24.3,48.9,64.2,51.5,48.3,70.5,83.7,94.6,97.7,97.3,93.5,97.6,91.4,97.8,96.8,85.9,97.2,79.1,78.4,82.3,86.4,76.4,55.0,42.3,59.9,38.4,11.8,58.8,45.0,42.7,36.5,35.0,25.1,13.6,10.0,18.7,36.8,49.4,43.5,59.8,66.3,34.1,16.9,16.0,14.7,10.6,8.4,10.5,15.0,20.4,21.4,16.1,2.7,0.6,0.0,2.8,5.5,8.7,11.3,13.3,15.8,20.4,23.0,25.7,26.2,22.9,19.1,16.3,14.3,17.1,28.6,46.2,91.0,69.5
28.8,34.7,43.0,47.8,47.9,21.0,69.4,99.8,89.8,78.4,39.8,78.9,100.0,94.6,92.3,91.3,100.0,100.0,100.0,99.2,99.2,98.5,99.4,87.3,98.3,96.9,97.6,94.9,80.4,68.6,66.4,71.1,86.3,82.3,63.9,66.8,48.8,12.5,67.8,50.5,41.6,54.9,56.2,51.4,42.2,30.4,18.9,13.4,37.2,66.5,63.0,63.5,70.9,46.7,24.4,16.3,13.6,12.4,12.2,17.1,26.0,34.9,39.7,37.8,31.1,17.7,9.2,3.5,11.1,21.1,24.2,23.4,23.7,35.8,27.9,29.4,28.0,21.4,16.5,31.9,69.5,97.3,96.9,97.8,98.6
35.8,49.6,46.9,53.8,66.9,80.3,76.6,65.9,42.9,37.6,82.3,84.8,77.8,96.0,98.0,100.0,100.0,86.8,90.1,99.7,100.0,99.8,81.4,98.1,98.0,97.5,86.4,85.4,75.8,71.9,65.2,58.8,88.2,74.5,68.3,53.6,44.9,15.0,59.8,57.5,55.1,51.7,63.4,66.1,61.6,57.0,48.6,36.6,16.0,29.7,63.4,68.9,69.2,68.3,79.4,66.8,42.7,27.0,21.9,21.7,29.8,41.0,59.5,77.6,83.5,83.0,76.9,78.5,89.3,84.6,100.0,100.0,100.0,96.1,89.0,100.0,100.0,96.5,96.3,84.0,85.9,98.3,97.6,88.7,99.6
43.4,23.9,29.1,47.9,69.3,84.3,86.6,69.7,90.4,54.0,51.0,58.3,65.9,77.1,95.5,87.9,87.0,95.7,99.8,94.9,99.0,98.2,70.6,97.8,95.9,98.0,90.3,83.9,67.0,72.1,90.0,83.3,71.4,58.6,61.5,43.1,48.1,16.7,24.3,48.7,59.3,41.2,54.0,43.9,71.5,70.8,76.8,62.9,33.5,19.9,26.6,64.9,85.3,72.2,74.6,73.8,67.2,65.2,55.4,48.5,46.1,54.8,67.3,66.3,75.5,90.3,93.5,94.4,88.5,84.6,93.9,86.7,76.7,88.3,96.9,90.3,100.0,99.5,98.1,88.4,78.7,81.6,71.6,100.0,79.1
63.8,83.7,72.3,46.5,54.5,64.9,73.0,65.3,68.0,92.4,63.8,52.1,64.8,80.1,85.3,99.8,87.0,79.2,81.6,91.1,96.1,86.4,69.4,89.1,99.5,79.0,67.7,62.6,64.3,77.1,76.2,68.0,62.8,55.7,44.7,37.0,43.8,20.0,7.1,17.4,29.1,56.3,38.5,67.5,76.9,97.7,89.2,84.6,67.9,35.5,28.6,32.8,57.1,83.5,91.3,74.0,54.2,47.8,49.9,48.5,57.6,58.5,44.0,37.1,38.7,66.4,86.2,92.8,81.6,69.8,58.2,65.7,57.5,62.1,88.3,83.7,92.9,100.0,99.1,52.7,67.2,70.6,61.6,63.4,70.0
28.4,54.2,64.5,75.2,49.0,64.6,69.2,72.0,79.1,79.9,79.7,71.3,82.9,79.0,79.5,62.4,50.2,44.7,76.6,81.1,75.5,87.5,53.9,82.1,84.5,58.6,55.6,47.5,58.1,67.5,80.5,75.0,67.2,45.3,32.8,20.4,16.6,13.7,15.0,22.8,33.0,49.3,66.9,70.0,65.5,82.5,69.7,73.2,62.4,56.5,33.9,28.3,30.4,43.5,67.1,69.5,54.3,48.0,28.8,23.2,26.6,18.1,13.4,15.4,29.6,62.0,52.7,63.7,57.7,42.6,24.8,30.3,38.9,64.6,81.2,85.7,100.0,80.0,43.6,55.1,55.1,53.6,53.1,51.4,46.6
43.5,56.0,78.8,85.5,61.1,60.0,57.7,63.5,87.8,85.9,68.9,74.0,69.5,49.8,65.4,66.3,83.8,74.2,70.3,73.3,60.7,58.8,55.2,46.4,57.9,56.9,39.1,36.6,35.1,58.3,72.3,73.3,70.1,47.3,31.2,60.4,48.1,46.6,54.5,57.9,64.5,62.0,54.2,52.0,65.3,67.9,77.2,69.8,59.2,66.7,59.1,38.7,23.0,22.3,27.7,34.6,48.8,50.0,38.6,26.0,19.0,12.3,6.8,5.7,24.3,40.5,41.9,40.4,48.0,67.4,65.0,57.7,63.9,73.8,85.0,59.6,19.3,23.0,18.7,18.0,25.5,30.2,36.5,37.3,36.8
58.9,68.9,90.1,80.5,73.4,82.4,72.9,57.7,85.4,86.6,78.3,85.1,61.0,64.3,66.3,68.6,72.3,75.6,77.1,77.9,82.7,78.0,61.0,47.5,55.1,61.3,31.4,10.1,22.7,55.5,58.7,69.7,72.6,61.5,31.4,59.7,63.7,72.1,57.7,45.2,54.2,47.7,53.4,51.4,48.1,64.1,52.8,65.6,59.1,55.5,59.6,58.4,38.9,22.8,18.4,19.0,32.0,35.5,54.6,63.3,51.8,33.6,22.0,17.2,27.8,33.5,30.8,17.3,68.6,67.2,61.9,67.3,80.8,57.0,37.0,20.9,35.2,15.3,9.3,18.4,29.4,39.9,37.6,37.8,28.5
79.6,66.0,75.2,76.9,86.7,88.0,75.3,65.2,81.5,80.2,89.2,62.0,46.1,62.4,79.5,96.4,72.6,89.3,81.8,72.4,82.1,77.2,56.7,62.3,58.8,63.8,4.6,7.7,16.0,23.5,33.4,65.7,73.3,64.1,55.2,58.1,55.3,63.1,49.8,51.4,41.5,43.1,34.6,58.0,50.0,50.6,51.0,49.0,54.9,42.4,52.3,51.2,61.2,59.8,30.3,23.9,22.1,55.2,41.7,45.8,63.1,69.3,54.3,41.4,37.4,25.4,16.9,44.5,41.2,46.4,41.0,57.8,52.1,33.1,23.4,40.1,42.2,33.7,46.4,48.5,40.0,37.5,34.2,26.3,27.3
65.2,69.6,65.1,64.8,71.9,80.4,81.7,78.7,82.6,77.1,81.1,82.8,74.8,65.2,53.7,71.1,62.1,50.1,38.7,66.0,63.3,63.9,55.4,61.1,71.7,91.0,83.9,48.5,40.6,27.1,36.2,22.1,69.8,56.5,56.6,43.4,26.8,50.0,32.4,10.4,10.0,17.7,22.1,40.6,41.9,53.9,47.5,43.3,54.3,47.3,47.3,35.4,58.2,59.4,59.3,45.0,34.6,40.0,51.0,57.7,54.9,48.8,46.6,35.5,26.3,17.9,16.2,19.9,41.9,38.8,35.1,20.5,44.3,15.5,73.2,69.8,34.0,47.9,68.6,48.2,43.7,41.0,33.3,38.2,40.6
59.8,64.1,56.4,53.9,56.2,76.2,74.2,80.4,79.4,83.3,79.7,83.3,72.6,73.2,71.1,44.6,39.3,46.9,48.3,47.4,59.9,70.3,81.6,91.7,94.0,95.2,96.2,85.1,56.5,45.6,39.5,25.2,25.0,23.3,31.3,30.1,9.7,14.7,6.9,7.7,11.2,13.6,4.8,29.8,35.2,45.5,38.0,44.7,37.8,37.8,38.4,37.2,30.2,42.0,46.5,58.0,45.8,37.5,53.4,50.5,45.7,37.2,29.6,20.7,17.6,20.4,34.3,40.6,42.5,34.9,49.5,52.5,21.6,90.4,35.5,87.3,97.9,90.1,55.4,73.4,59.8,93.0,74.4,85.7,82.1
43.6,54.4,55.6,53.2,50.6,51.3,50.6,84.5,70.7,80.0,77.3,88.6,75.6,64.6,55.0,39.3,40.2,39.2,43.7,22.2,69.5,63.6,74.6,82.0,84.4,92.6,93.9,83.8,70.8,61.1,58.9,51.4,27.2,26.2,17.1,10.4,11.1,11.4,23.7,25.0,15.4,11.9,2.5,3.1,32.5,48.2,37.7,36.4,35.3,37.0,40.1,36.7,41.3,41.0,44.8,55.7,57.6,36.3,37.7,46.8,42.8,20.0,13.3,15.2,18.7,40.3,45.2,49.5,31.3,27.7,37.5,54.2,52.5,28.8,80.3,80.3,61.8,72.8,69.8,72.3,51.1,45.2,37.4,70.4,74.7
43.3,44.3,51.4,52.7,58.1,63.0,55.7,46.9,51.9,65.8,61.3,73.5,52.2,35.8,34.5,37.5,36.2,42.4,37.8,33.7,53.7,81.5,82.7,87.4,90.4,91.4,97.9,87.3,74.0,65.2,60.9,51.5,31.6,29.0,14.4,8.5,5.0,25.3,35.7,26.4,21.6,15.2,15.9,16.0,16.2,30.5,30.1,42.2,45.3,43.6,43.0,43.3,32.7,35.1,42.1,40.8,53.1,38.2,40.7,40.0,44.6,27.2,8.9,28.1,28.8,18.0,16.2,22.5,27.8,30.7,57.6,59.4,58.1,57.4,43.8,26.0,38.2,67.2,75.3,72.8,63.7,27.5,29.0,43.4,57.3
50.5,56.7,72.6,68.3,54.6,60.2,57.6,49.0,46.6,71.7,44.3,46.2,49.4,41.7,35.2,33.6,33.6,32.0,30.2,52.6,84.5,89.8,98.9,90.1,92.7,94.6,96.0,87.3,79.2,67.6,59.8,52.3,34.9,34.1,15.1,10.7,10.7,29.2,55.0,41.2,28.5,41.3,47.0,43.0,32.0,24.8,27.3,36.4,43.9,40.6,40.9,35.9,43.2,35.7,31.5,41.7,42.5,47.1,51.0,40.2,45.0,37.4,18.4,7.1,18.1,21.3,23.1,20.6,18.3,20.1,29.6,36.3,40.9,52.4,47.8,27.1,39.3,46.2,36.8,53.4,59.7,47.2,48.0,46.4,42.6
58.5,74.5,72.8,73.0,77.8,76.0,44.2,42.7,33.8,51.2,66.5,71.2,79.5,54.6,28.6,25.0,27.9,37.4,45.1,65.1,88.3,94.1,99.6,94.7,88.3,84.3,82.8,79.6,76.1,66.8,58.0,48.3,38.5,31.9,13.4,19.1,39.1,55.6,50.3,46.6,44.8,50.4,50.9,41.7,30.8,25.7,19.4,18.1,38.9,46.9,42.5,32.2,27.1,31.8,31.2,26.4,22.0,27.6,28.8,32.4,31.0,31.1,29.6,19.2,13.1,13.9,12.2,14.5,15.9,31.7,42.9,43.3,39.1,38.5,39.1,34.3,35.4,21.0,44.5,76.2,67.2,49.2,46.0,45.4,34.8
78.4,87.0,89.4,74.8,63.0,64.5,32.7,40.8,48.5,57.5,55.3,58.0,46.3,44.9,34.2,26.9,27.2,31.9,34.8,49.6,81.8,99.3,93.7,82.9,81.9,78.7,78.6,72.9,66.0,58.6,52.2,46.7,39.3,28.0,10.7,43.7,49.0,45.0,43.9,41.1,38.5,39.4,40.2,40.2,40.0,36.1,32.6,34.2,39.1,40.5,31.3,46.7,26.7,26.3,28.4,24.7,21.2,24.4,28.2,28.6,26.5,21.9,19.3,21.9,11.6,5.2,15.3,17.6,13.8,17.1,30.0,33.2,37.3,39.3,29.1,34.0,30.6,47.5,44.9,66.6,52.7,48.7,73.9,53.7,44.9
65.3,71.0,70.9,57.4,50.3,29.9,38.4,43.0,42.7,44.6,48.2,60.3,39.2,37.4,46.0,40.0,43.2,45.6,46.5,48.8,46.4,62.8,73.3,75.4,72.5,66.6,67.6,64.1,62.8,55.1,46.3,41.5,38.0,27.7,16.5,34.1,42.8,42.5,39.8,39.2,37.5,37.7,35.8,39.5,37.5,35.4,34.7,32.3,34.1,40.1,38.3,28.3,30.9,23.3,23.6,23.3,23.2,28.1,30.2,24.4,19.3,24.4,18.0,19.5,9.7,6.8,10.9,17.7,20.8,20.9,38.9,37.0,51.0,32.1,17.8,23.6,31.0,31.0,35.7,71.5,43.7,98.4,31.1,63.9,41.8
91.7,85.7,63.6,47.7,47.2,45.3,48.1,53.9,47.7,46.5,44.6,44.6,40.6,36.3,36.3,35.9,35.5,32.7,39.7,40.3,38.4,44.2,35.4,47.2,59.5,63.5,59.7,54.5,52.4,49.7,43.2,38.4,33.4,26.9,29.2,39.8,42.6,42.5,39.8,36.0,34.5,36.2,32.7,31.3,25.2,24.4,27.0,29.2,33.3,38.4,37.7,26.5,23.1,25.0,23.5,20.5,25.9,34.1,25.1,28.8,22.0,18.1,16.5,14.7,7.7,8.9,11.1,16.9,25.6,24.0,48.4,43.7,40.6,20.8,27.7,46.8,28.8,29.6,27.9,23.8,30.2,62.1,97.3,36.5,62.0
87.8,91.2,85.3,79.0,57.9,38.6,49.2,57.4,82.2,89.2,88.3,85.0,75.3,63.5,56.7,55.2,51.9,49.6,49.8,49.9,48.7,41.4,37.0,47.8,53.3,57.2,47.6,47.3,46.7,42.6,38.5,35.6,33.4,26.8,26.4,25.5,44.5,39.1,33.1,31.6,27.7,30.4,33.0,28.1,25.7,25.1,28.9,31.5,29.4,30.2,35.1,35.0,22.5,24.4,11.6,28.1,35.8,52.6,48.9,25.8,18.5,16.2,14.0,8.7,5.5,6.8,17.1,19.5,27.6,30.5,45.9,46.9,38.3,24.6,38.4,46.7,46.8,46.1,43.0,41.8,44.5,50.7,93.8,96.4,90.4
78.6,73.6,57.4,54.5,64.9,69.6,59.5,63.6,77.9,82.2,88.9,72.7,73.5,68.0,68.7,54.6,50.8,50.1,49.7,48.2,44.6,45.6,51.1,53.6,50.5,40.6,37.4,39.5,40.3,37.6,33.7,33.0,30.3,26.4,28.0,23.3,23.6,25.6,27.0,30.7,32.3,38.8,29.8,29.0,28.9,28.9,29.5,30.1,32.3,33.6,35.4,41.3,34.0,29.8,14.7,9.4,23.1,39.3,35.3,23.9,20.7,16.4,14.7,11.5,4.3,5.4,14.8,26.3,21.6,28.0,41.6,39.5,25.5,14.1,18.4,43.3,70.8,69.5,76.9,82.8,48.3,10.9,50.7,95.1,94.8
59.0,58.5,51.9,43.4,35.7,37.2,42.6,51.4,61.2,65.9,71.6,78.6,80.6,71.0,61.9,50.5,41.7,38.8,35.5,45.7,46.0,43.8,41.9,37.9,39.3,36.5,32.7,30.6,32.6,33.3,30.9,28.3,25.9,28.9,29.0,26.9,27.1,27.1,29.4,29.6,35.8,27.8,26.0,26.6,29.4,30.1,27.7,30.8,35.5,38.0,39.5,46.0,38.5,24.3,16.5,13.3,22.2,23.5,33.8,25.4,20.8,15.5,16.5,13.2,11.0,7.5,25.7,31.5,17.2,24.7,24.1,19.1,16.4,6.5,28.2,84.0,87.0,77.6,86.5,92.8,89.9,59.7,20.4,85.4,86.5
55.0,56.8,57.6,51.9,43.7,50.2,52.8,48.9,52.8,53.5,60.5,71.9,64.8,51.2,42.5,38.4,37.6,37.1,36.1,33.6,41.7,38.1,32.8,34.7,36.1,31.6,29.5,27.2,28.3,31.7,32.7,28.0,27.5,31.8,31.6,31.6,33.3,29.7,29.3,28.2,40.7,24.7,26.8,26.8,29.7,28.9,26.8,33.5,34.3,34.9,37.5,40.4,29.5,24.2,14.9,17.9,34.0,27.8,23.6,24.7,15.6,16.3,15.5,12.7,11.1,9.7,25.9,21.0,13.0,12.8,14.2,13.0,18.1,12.7,26.0,48.7,61.3,69.5,74.0,76.8,68.3,35.4,33.6,40.6,20.8
53.6,69.2,54.7,52.4,50.7,47.1,40.4,48.1,48.3,47.2,53.4,58.8,43.2,42.0,36.4,35.7,37.3,39.4,36.0,34.2,38.6,31.3,27.8,30.4,31.0,30.1,31.0,27.1,27.7,31.8,31.2,33.1,33.4,31.0,31.4,32.7,33.4,34.5,32.7,36.0,23.0,24.9,25.7,26.7,24.6,26.7,25.9,23.9,28.0,31.0,32.1,30.4,23.5,15.7,27.4,42.4,35.8,23.8,23.9,23.7,19.5,20.5,12.8,11.1,10.7,15.5,18.8,6.5,8.6,10.1,8.4,7.5,9.7,13.5,34.2,25.4,49.0,87.7,84.3,82.0,64.0,52.1,47.1,69.1,51.5
81.0,62.5,53.9,47.7,44.7,41.9,43.7,49.1,49.4,50.7,46.0,35.0,34.6,39.9,34.3,32.6,36.9,36.7,35.9,33.9,30.9,30.1,28.5,29.7,30.5,30.9,34.3,29.4,28.7,34.1,33.6,34.9,35.6,29.2,30.6,33.9,32.9,37.0,34.7,29.4,18.2,23.0,22.4,18.5,20.1,22.6,25.3,25.9,24.7,25.2,23.6,19.8,16.5,22.7,36.7,43.0,33.3,33.9,21.2,21.5,22.2,12.1,7.5,9.1,9.9,10.8,9.6,11.4,10.8,12.3,8.0,12.4,13.3,14.6,12.4,28.3,69.9,74.4,82.9,63.8,71.1,63.3,53.9,61.6,68.7
59.7,56.1,53.2,46.5,50.8,51.1,48.8,52.5,50.2,55.8,50.8,32.9,37.4,35.0,29.7,31.1,33.2,36.3,36.5,33.2,29.4,28.3,30.6,30.5,33.3,31.0,33.8,29.5,32.4,34.4,35.3,36.1,32.0,31.0,35.1,32.1,29.8,34.0,31.9,17.4,16.3,18.6,16.5,13.4,17.9,19.2,19.2,21.6,20.9,22.1,25.3,30.4,37.2,32.1,51.6,42.6,60.3,57.4,46.1,22.2,20.3,9.3,7.3,7.9,9.6,12.5,14.9,12.8,11.3,12.8,11.1,10.7,14.6,16.3,12.0,22.3,55.8,70.2,78.2,73.6,58.6,68.9,62.3,58.4,49.3
55.9,56.2,54.8,61.1,60.0,52.0,51.1,52.7,43.3,44.7,34.9,36.4,29.5,30.0,29.3,30.1,30.0,30.7,30.0,29.9,28.0,28.3,29.5,30.4,30.5,32.1,31.6,33.5,33.8,34.7,35.7,30.4,31.3,33.2,33.5,29.7,32.7,29.1,33.1,9.8,11.2,15.3,11.5,12.4,20.8,21.5,21.9,25.7,31.6,41.0,44.1,41.8,41.0,42.8,53.1,52.0,61.0,68.1,55.4,31.3,16.8,11.9,7.7,9.0,10.8,10.5,11.5,11.8,11.3,9.5,7.9,17.7,22.1,21.0,18.0,24.9,44.2,54.0,67.9,60.8,58.9,54.7,52.2,45.9,27.1
54.9,64.0,59.3,62.4,57.8,49.6,42.5,46.6,41.1,38.6,33.0,28.7,28.4,30.5,33.1,31.2,29.6,27.1,27.4,27.2,28.9,28.9,29.8,31.2,31.8,32.0,32.3,33.5,33.1,33.8,29.2,32.0,31.7,29.7,29.8,32.6,28.6,26.8,24.7,23.7,15.5,15.4,20.2,28.5,28.0,30.6,28.0,28.7,32.8,40.9,50.6,48.3,47.3,38.3,47.0,35.7,53.3,65.7,57.6,33.3,16.7,11.2,8.5,9.6,6.9,5.6,5.8,6.7,11.8,24.8,31.2,27.6,24.5,24.4,17.7,21.2,34.6,53.9,59.6,47.0,48.4,43.6,47.5,36.6,37.4
57.8,61.1,62.0,62.0,59.2,40.2,38.5,44.6,35.9,35.3,28.8,27.9,29.2,31.3,28.2,29.3,27.2,23.6,21.7,27.2,28.8,29.0,29.1,30.0,30.2,31.0,33.9,34.0,35.6,30.5,32.1,32.7,29.7,26.5,32.2,33.8,25.3,28.3,36.9,24.6,21.5,21.0,28.1,29.4,31.4,33.2,32.1,32.0,35.6,39.0,42.8,50.0,47.9,51.2,56.7,26.3,36.7,41.2,28.2,16.8,10.9,8.7,8.6,6.5,5.7,6.1,5.8,38.4,69.5,75.3,61.8,53.6,41.4,33.6,21.5,22.9,20.6,31.9,44.1,40.7,40.5,44.8,45.0,47.1,87.8
54.3,64.3,63.1,77.3,69.8,40.8,40.9,41.5,39.5,34.2,32.3,31.3,31.6,30.9,26.4,23.1,22.9,26.1,25.2,25.8,27.2,25.8,27.8,26.3,29.6,30.6,29.6,35.1,35.7,32.9,30.0,29.2,27.8,32.5,35.4,30.7,18.2,13.3,21.3,35.7,43.7,50.6,35.4,32.7,31.9,32.3,35.1,39.3,38.0,42.2,46.0,43.7,44.1,62.1,65.2,30.8,21.7,14.5,14.9,14.3,14.7,16.7,21.0,24.5,27.1,38.1,50.7,50.9,53.1,61.8,69.3,67.0,60.8,45.3,35.5,21.8,26.9,25.9,24.6,30.5,36.4,41.4,84.6,83.2,94.4
63.2,68.1,69.7,61.9,63.3,33.3,39.2,39.4,39.4,38.2,34.7,33.7,33.4,32.6,34.7,32.2,26.6,31.2,29.7,32.2,31.7,29.0,31.1,34.5,35.7,34.8,34.0,34.1,33.3,32.1,33.6,34.8,35.8,35.9,38.4,28.6,12.0,3.6,4.3,8.1,18.0,25.0,43.2,41.9,33.7,35.6,36.6,35.7,36.7,41.2,39.1,34.9,40.8,51.2,39.4,14.6,19.8,21.3,23.0,27.3,31.9,40.4,54.0,63.6,59.8,52.5,48.2,52.3,57.2,68.1,72.0,70.5,61.8,54.1,48.1,27.4,24.5,25.7,25.4,19.4,19.4,32.0,54.6,82.0,73.8
63.0,66.3,69.3,60.7,53.1,32.5,36.6,40.6,38.8,33.7,34.3,36.6,34.5,33.5,32.7,26.9,29.1,30.9,31.6,31.7,32.0,33.1,31.4,31.0,32.6,36.2,37.5,37.1,34.0,35.9,37.7,34.1,39.4,42.4,37.9,49.0,35.1,38.4,10.9,13.7,16.9,22.4,43.3,44.6,35.4,36.8,35.0,35.0,32.3,30.6,29.0,26.6,39.6,25.2,26.5,45.3,48.7,38.1,35.0,40.7,44.9,48.6,56.4,59.5,56.3,45.0,50.3,52.3,53.4,61.0,64.9,60.9,55.0,52.9,63.6,30.4,24.4,25.1,21.8,24.0,20.0,24.1,33.7,56.3,53.8
68.2,65.6,60.6,46.5,40.2,42.0,46.2,50.2,50.8,48.7,39.1,35.1,34.7,33.7,31.2,35.4,33.5,28.0,33.9,37.9,29.9,27.6,29.7,30.8,32.0,34.4,34.3,35.7,39.4,47.7,48.4,47.5,42.9,40.2,41.9,40.0,45.6,36.8,31.8,22.5,18.1,18.3,29.0,48.4,45.1,45.0,36.7,33.2,33.3,33.8,28.2,26.4,31.9,36.8,39.8,28.6,20.3,13.8,12.7,12.7,13.2,21.1,30.0,55.0,61.7,57.8,54.8,54.8,54.6,55.0,56.2,55.3,49.2,54.0,57.6,33.0,30.7,30.0,31.0,27.7,30.5,37.7,36.0,50.6,49.2
