wind-weather/data/weather/current/current-relative_humidity-surface-level-gfs-1.0.json
{"header": {"discipline":0,"disciplineName":"Meteorologicalproducts","gribEdition":2,"gribLength":67911,"center":7,"centerName":"USNationalWeatherService-NCEP(WMC)","subcenter":0,"refTime":"2015-09-28T00:00:00.000Z","significanceOfRT":0,"significanceOfRTName":"Analysis","productStatus":0,"productStatusName":"Operationalproducts","productType":0,"productTypeName":"Analysisproducts","productDefinitionTemplate":0,"productDefinitionTemplateName":"Analysis/forecastathorizontallevel/layeratapointintime","parameterCategory":1,"parameterCategoryName":"Moisture","parameterNumber":1,"parameterNumberName":"Relative_humidity","parameterUnit":"percent","genProcessType":0,"genProcessTypeName":"Analysis","forecastTime":0,"surface1Type":100,"surface1TypeName":"Isobaricsurface","surface1Value":100000.0,"surface2Type":255,"surface2TypeName":"Missing","surface2Value":0.0,"gridDefinitionTemplate":0,"gridDefinitionTemplateName":"Latitude_Longitude","numberPoints":65160,"shape":6,"shapeName":"Earthsphericalwithradiusof6,371,229.0m","gridUnits":"degrees","resolution":48,"winds":"true","scanMode":0,"nx":360,"ny":181,"basicAngle":0,"subDivisions":0,"lo1":0.0,"la1":90.0,"lo2":359.0,"la2":-90.0,"dx":1.0,"dy":1.0}, "data":
[rows 38 to 75 of 181, columns 0 to 83 of 360]
83.8,81.1,78.0,76.5,75.8,74.4,80.1,87.6,84.3,81.6,73.2,62.2,64.7,63.7,61.3,65.1,66.5,62.7,63.5,69.7,75.6,78.8,82.6,82.7,83.7,86.0,87.1,93.8,94.6,90.1,84.0,84.0,85.5,95.3,91.9,79.6,44.8,43.5,38.7,39.2,39.1,42.0,41.6,36.9,52.2,56.3,46.0,43.2,39.4,41.4,42.5,43.5,48.7,52.0,55.7,52.6,51.4,54.8,45.2,42.5,43.5,42.7,41.2,41.2,40.5,39.5,48.5,56.1,63.3,66.7,67.3,69.5,67.0,62.0,64.4,73.9,69.5,71.8,71.6,73.9,82.8,89.8,86.9,78.6
80.2,72.7,69.3,66.0,65.7,67.2,72.1,63.6,78.2,82.8,73.1,69.6,71.6,65.7,66.7,73.0,74.0,59.2,61.1,73.6,77.7,80.5,83.6,88.3,88.0,88.6,95.8,94.5,86.7,82.6,83.6,82.7,90.0,93.6,97.0,58.4,43.1,41.2,38.7,37.3,38.1,40.4,34.7,38.2,44.6,46.2,36.0,33.1,37.8,39.7,40.1,41.2,43.7,44.3,45.9,45.8,43.3,41.9,39.9,37.6,40.7,39.0,38.4,41.5,38.6,38.8,47.4,53.9,61.0,64.7,66.5,68.0,71.9,75.1,76.1,78.2,74.4,76.8,69.3,68.2,78.7,87.1,83.7,90.6
67.8,68.3,70.1,67.5,76.8,85.7,85.0,83.9,73.7,68.1,76.2,77.6,81.4,70.6,63.4,65.6,59.7,67.3,63.2,73.8,73.3,76.8,86.2,81.9,90.7,95.2,88.8,87.1,84.5,81.3,78.9,85.9,89.7,83.2,99.1,38.2,40.1,42.1,40.2,38.2,39.8,38.3,39.4,37.9,44.8,41.9,28.6,31.0,36.9,37.5,38.1,39.1,40.4,41.3,40.1,41.2,39.5,39.9,40.9,39.7,39.4,38.8,36.5,34.4,33.1,34.4,38.5,48.4,52.3,57.5,66.7,73.5,77.7,75.8,71.7,74.3,77.1,83.5,81.0,71.7,73.7,80.3,84.8,83.2
75.2,78.9,72.8,72.0,72.2,73.8,82.8,75.8,65.0,70.1,73.1,75.6,71.5,71.4,75.3,64.6,62.5,62.5,79.6,91.5,89.7,80.8,76.3,88.1,84.4,92.5,80.5,81.6,84.3,85.6,84.4,84.0,85.2,81.2,88.5,35.2,40.0,41.3,37.4,40.5,37.8,40.1,40.7,39.4,38.3,33.3,28.5,29.7,35.6,36.4,37.8,38.1,38.6,37.4,35.7,36.0,38.4,39.6,38.9,40.4,35.6,37.0,35.2,34.1,31.3,32.8,35.3,40.5,46.2,50.8,57.2,67.1,73.5,83.3,83.2,84.7,84.8,79.1,71.2,75.7,79.9,86.6,94.8,69.8
64.1,64.2,64.3,66.0,65.1,66.8,68.3,84.6,78.1,73.5,82.3,80.5,72.4,67.5,61.5,58.6,67.7,57.1,68.5,73.3,76.9,67.2,67.3,67.4,78.3,95.3,88.6,85.8,84.1,82.5,78.9,77.1,74.0,78.7,62.0,40.4,45.8,42.5,40.5,37.7,39.0,36.4,37.6,30.2,34.1,33.7,34.5,29.7,31.1,33.2,34.6,36.7,36.9,35.1,34.8,35.9,37.3,37.8,37.5,37.1,36.7,34.6,34.5,34.5,33.6,32.2,34.8,37.7,38.1,40.0,44.6,50.4,59.4,68.9,68.7,72.5,68.8,67.9,67.4,67.4,78.5,83.1,72.7,59.6
65.2,66.6,67.5,72.7,72.3,66.5,75.7,85.2,88.6,95.0,92.6,100.0,92.7,92.7,100.0,95.8,68.9,60.4,69.6,58.0,62.1,68.5,78.0,94.2,88.9,88.5,93.6,85.9,82.7,78.4,73.4,68.6,63.1,74.5,50.4,45.0,52.3,55.7,40.0,38.4,38.6,37.6,37.5,38.0,40.7,41.2,44.1,42.4,42.7,51.3,51.5,44.9,37.6,33.7,34.0,34.7,35.4,35.3,36.1,35.6,34.8,38.2,39.4,41.7,41.4,40.1,41.6,44.8,41.4,34.7,37.5,46.5,48.7,52.6,53.6,54.8,58.9,62.1,60.8,61.2,58.9,54.0,54.8,55.5
72.9,81.6,84.9,88.2,81.0,84.4,87.0,97.2,100.0,81.5,89.0,78.3,71.1,61.5,77.7,63.9,66.3,67.8,67.2,57.9,64.4,74.3,94.5,91.7,97.9,90.5,85.1,83.7,75.9,75.2,66.4,70.2,74.6,61.2,54.7,55.8,55.1,54.1,40.9,41.1,42.6,45.9,49.1,48.5,46.7,53.7,54.6,57.0,54.0,48.1,45.2,43.1,38.4,32.7,33.3,34.1,35.6,35.1,37.4,46.0,44.2,32.4,32.9,36.7,41.5,45.9,46.9,41.8,36.5,37.3,42.7,50.8,58.2,58.2,53.6,49.7,50.2,53.5,59.9,64.0,64.7,84.2,58.9,75.9
65.5,73.3,83.9,90.1,94.2,78.7,84.7,100.0,87.3,59.3,63.3,63.3,53.6,48.9,52.1,61.8,75.7,85.1,83.8,72.1,78.7,82.7,98.4,75.7,96.0,91.4,82.8,77.2,74.2,75.1,70.7,75.9,69.1,56.9,59.4,77.8,61.3,54.2,57.0,48.3,46.6,50.3,61.3,64.0,56.5,54.1,54.5,51.6,48.0,34.6,26.9,28.1,30.9,36.4,40.6,45.5,46.0,48.9,56.5,49.1,41.2,34.7,31.9,32.4,36.9,40.2,42.0,43.7,41.9,40.3,40.1,41.1,41.8,47.7,49.4,50.2,54.8,57.0,64.1,60.3,69.5,72.2,76.6,80.6
65.2,52.7,54.0,59.7,66.6,65.3,53.8,58.3,62.3,50.3,55.8,72.0,80.2,66.6,61.2,53.6,59.8,95.5,93.8,99.3,95.3,96.2,88.5,77.2,91.4,86.0,77.6,81.3,74.1,72.9,75.8,73.8,67.3,66.1,63.7,58.2,61.6,66.0,61.0,45.4,53.9,60.6,73.3,60.8,60.2,60.8,57.3,50.7,34.3,32.0,28.6,24.2,29.6,37.2,42.8,42.7,46.1,51.6,58.1,51.8,42.8,30.5,33.8,28.1,27.8,31.0,33.9,34.3,48.9,45.0,38.7,40.5,43.2,46.3,50.8,63.9,58.1,53.2,64.6,55.9,63.1,69.2,71.0,88.9
74.8,63.3,56.6,59.3,66.4,53.4,58.0,64.4,59.6,59.6,63.3,76.2,89.3,95.6,67.2,63.4,56.9,54.7,69.3,94.0,96.3,95.6,90.7,90.1,87.1,87.0,98.9,85.8,76.0,78.4,70.2,66.8,73.2,70.6,65.0,64.2,69.4,70.8,72.9,64.6,51.7,36.0,52.1,49.5,46.1,42.8,38.6,44.6,56.6,31.2,30.3,24.9,26.3,29.7,38.3,44.7,49.3,58.4,60.3,46.9,32.9,32.1,31.9,33.4,36.7,30.4,32.0,34.8,37.1,40.4,64.3,65.8,67.4,71.3,76.4,58.4,100.0,99.5,98.1,80.7,69.8,62.3,75.6,100.0
70.6,77.4,63.4,60.6,63.3,63.3,66.6,60.0,63.1,80.9,63.6,66.3,59.9,71.9,98.5,74.2,64.6,60.1,63.0,57.1,85.5,84.7,87.4,80.1,98.2,91.0,91.8,88.9,88.1,84.6,80.5,76.1,80.5,55.1,50.6,61.7,84.5,84.8,83.4,68.6,72.1,69.6,51.8,77.4,52.4,44.6,40.3,83.4,46.0,37.1,34.9,34.9,25.9,25.1,30.0,36.1,42.1,47.8,58.8,54.9,39.4,35.1,38.0,26.0,28.8,33.4,31.4,32.7,35.3,32.9,47.8,65.9,60.4,50.0,88.3,76.7,92.9,100.0,99.1,52.7,67.2,70.6,34.0,43.8
76.2,68.4,60.1,62.9,63.6,63.4,63.7,62.2,58.8,74.6,61.7,57.2,61.9,62.0,64.0,88.0,83.7,73.1,63.2,55.8,64.3,94.2,72.4,82.0,82.4,75.8,86.2,87.0,84.7,90.3,98.8,88.1,49.4,43.2,37.8,66.3,71.9,82.2,80.6,86.4,84.6,69.7,74.9,91.4,92.6,69.1,35.7,33.8,38.8,35.6,51.9,35.0,25.5,22.7,23.8,30.5,30.2,36.6,43.8,52.2,52.3,45.4,37.0,28.3,27.8,28.6,29.2,28.8,29.1,28.2,29.6,29.5,36.9,34.6,78.9,85.7,100.0,80.0,43.6,51.3,38.6,35.4,36.1,32.1
73.7,62.5,67.7,67.3,66.5,68.7,65.1,61.7,63.7,73.9,63.3,64.8,61.5,64.2,61.5,54.3,84.0,64.9,67.7,61.7,70.2,92.0,69.1,62.0,70.5,68.3,69.1,87.6,92.4,65.9,79.2,61.5,43.7,38.1,44.6,67.4,54.6,64.0,49.1,43.3,42.2,37.0,52.7,78.1,53.2,72.5,93.6,53.1,52.7,40.4,60.8,38.9,27.9,24.3,26.9,28.1,28.1,28.6,32.1,35.9,39.3,35.4,31.6,28.6,27.0,24.2,29.1,33.2,30.0,32.6,40.5,34.0,54.4,73.8,85.0,59.6,25.6,25.6,24.0,34.9,36.0,35.9,33.6,29.4
69.7,63.9,57.9,69.4,66.7,66.9,69.6,63.2,70.1,69.5,70.9,62.6,65.3,62.3,62.6,56.3,55.7,66.3,66.6,63.5,65.7,68.4,72.3,65.8,66.6,72.5,68.3,60.8,54.8,56.4,58.0,58.8,33.3,26.5,35.2,40.0,39.0,48.6,27.3,26.0,23.0,27.6,31.6,39.0,51.9,59.8,67.1,73.7,79.6,59.5,55.4,58.6,45.1,31.9,25.3,28.1,30.3,27.0,29.6,29.8,29.9,29.7,28.1,29.2,28.3,26.9,23.6,26.8,68.6,67.2,49.7,67.0,80.8,57.0,37.0,20.9,27.6,20.9,17.8,21.2,19.0,19.0,21.9,22.4
67.0,67.0,70.9,66.7,62.9,65.9,69.3,67.9,67.3,63.2,62.5,66.3,68.8,71.8,79.9,88.4,64.2,67.9,57.2,58.3,58.5,68.1,93.5,66.7,72.3,80.4,79.6,78.6,88.4,57.2,50.4,49.0,53.0,33.7,22.2,30.5,50.1,52.1,32.0,28.5,33.2,29.3,30.7,43.6,46.9,62.4,52.3,70.3,75.3,55.9,54.0,57.2,57.6,54.2,35.9,50.6,30.1,34.6,33.2,25.0,25.4,27.8,27.5,23.9,27.1,27.8,19.7,26.7,24.9,27.5,24.6,57.8,52.1,33.1,23.4,40.1,42.2,21.6,18.2,19.3,16.1,19.3,22.2,21.5
75.3,77.9,74.4,68.0,67.5,68.2,71.6,68.6,67.2,68.9,68.5,70.4,69.3,68.2,67.3,80.6,65.1,65.8,68.4,67.8,65.0,64.1,67.2,69.2,70.9,77.7,82.4,73.7,68.4,60.7,57.2,62.0,77.1,59.4,54.7,85.9,74.2,84.7,49.0,51.9,37.1,32.8,28.0,25.4,21.3,45.5,41.1,67.1,65.6,73.0,75.8,86.1,78.5,82.4,55.4,29.5,33.7,27.2,44.2,43.8,26.2,25.6,23.8,23.3,24.1,23.1,19.7,22.9,23.4,22.6,24.8,15.6,44.3,15.5,73.2,69.8,34.0,47.9,68.6,34.7,28.1,25.9,26.0,26.9
62.0,52.8,67.6,82.4,77.8,85.5,78.3,79.4,66.4,76.7,60.4,64.0,64.5,65.1,63.9,64.6,65.7,58.4,58.4,64.8,64.2,64.9,67.4,66.4,72.5,69.1,67.2,67.2,66.5,67.9,58.5,57.4,64.3,63.6,74.6,75.5,90.6,80.1,66.9,63.5,33.7,27.7,26.1,28.4,21.7,18.5,27.7,49.0,56.0,66.3,62.9,14.4,30.2,54.7,51.9,32.7,28.5,24.5,29.3,30.7,30.2,27.8,26.0,20.7,23.5,27.7,33.2,35.2,31.0,25.7,49.5,52.5,21.6,90.4,35.5,87.3,97.9,90.1,55.4,73.4,59.8,93.0,74.4,85.7
39.9,35.9,59.4,58.8,65.2,49.7,30.7,58.1,66.2,64.5,66.2,63.0,58.1,58.4,60.4,63.8,65.7,62.2,51.6,51.9,68.4,71.5,70.4,76.1,71.7,69.8,67.9,70.1,68.0,70.9,66.7,68.0,71.5,84.5,72.1,68.8,85.2,73.6,74.9,47.5,27.1,25.5,27.7,26.1,26.5,16.8,16.7,23.6,24.6,19.0,15.3,20.7,19.4,13.8,25.1,17.5,14.6,18.8,22.3,24.2,37.3,28.0,27.3,26.0,27.7,45.0,45.2,49.5,31.3,25.4,35.2,28.8,27.9,26.6,80.3,80.3,61.8,72.8,69.8,72.3,51.1,45.2,37.4,70.4
35.6,29.7,33.4,25.9,24.4,19.4,17.8,23.8,28.4,56.9,61.1,61.1,61.1,63.7,63.6,63.9,63.2,58.4,62.5,70.4,73.2,75.0,77.2,79.2,82.2,72.2,63.8,66.4,64.0,70.0,74.3,72.6,68.6,69.5,72.2,72.3,82.3,58.3,68.6,28.4,27.1,25.8,25.7,28.0,21.4,20.5,20.5,25.4,30.6,34.1,36.4,27.5,20.5,20.1,16.8,14.9,15.5,20.3,22.2,31.7,24.3,22.9,28.5,40.2,37.1,24.8,17.3,21.7,27.8,32.1,60.9,60.9,50.7,44.6,63.8,34.4,38.2,67.2,75.3,72.8,63.7,27.5,29.0,43.4
24.2,24.2,34.5,33.8,32.9,24.5,26.7,24.5,25.4,32.6,59.3,55.7,59.3,61.6,62.3,62.5,62.9,69.6,67.4,74.2,80.6,87.5,82.8,76.5,70.6,67.1,65.8,66.3,66.5,68.5,68.1,67.5,63.2,71.3,71.8,69.7,100.0,59.7,45.2,22.2,29.9,28.4,25.4,23.6,23.5,21.5,16.0,19.0,20.5,26.7,38.6,24.9,20.3,22.6,20.6,22.1,19.9,21.4,21.1,28.6,32.4,23.6,24.8,13.0,17.0,14.7,14.2,20.6,17.3,38.6,47.4,38.7,44.1,43.8,29.3,37.9,50.1,46.2,36.8,53.4,59.7,47.2,48.0,46.4
29.7,29.7,25.4,31.0,29.3,27.8,26.6,23.9,30.9,38.5,46.8,52.6,57.2,73.5,66.9,67.0,65.6,65.0,68.8,76.1,76.2,77.7,79.6,76.2,75.7,72.7,70.8,72.3,70.2,67.1,67.2,63.3,62.5,72.7,64.2,72.8,82.2,48.0,34.6,20.7,22.0,26.0,26.1,25.3,22.5,20.1,18.3,14.4,14.0,15.7,26.0,25.9,15.6,14.7,14.1,19.9,18.8,16.4,13.7,19.0,29.0,21.5,19.2,11.4,12.3,10.2,12.5,14.3,17.1,35.4,33.2,38.8,35.7,38.9,42.4,40.7,30.1,11.0,44.5,76.2,67.2,49.2,46.0,45.4
24.6,24.2,26.1,27.6,27.3,26.3,26.4,27.3,31.6,35.7,40.8,48.9,54.8,66.3,72.4,75.1,80.1,76.2,74.0,75.2,65.2,64.9,72.8,71.6,72.3,75.2,78.8,78.9,72.3,68.1,77.8,87.0,80.7,69.8,65.0,69.8,71.1,60.7,22.5,23.9,20.9,16.9,14.8,17.7,19.1,16.4,14.1,13.4,14.2,17.2,18.1,35.7,21.3,16.6,14.4,15.5,15.8,15.6,11.0,16.1,20.3,20.6,18.2,17.6,15.6,14.4,10.9,13.4,13.5,23.1,40.9,35.8,37.5,41.3,42.1,43.1,41.8,53.0,39.1,66.6,52.7,48.7,73.9,53.7
23.5,21.9,22.0,24.8,26.6,28.7,29.7,30.1,33.5,35.7,34.6,46.1,58.1,64.5,74.4,83.6,88.4,87.3,88.9,82.8,67.4,50.4,36.7,33.2,43.0,44.2,57.3,67.5,73.6,78.6,82.0,84.3,83.3,81.6,74.0,68.6,63.5,36.0,24.1,20.2,17.1,14.6,13.4,16.2,17.2,16.5,16.2,15.8,26.1,29.9,38.6,24.2,21.2,18.9,17.5,14.2,19.7,15.4,8.6,8.0,17.7,13.0,20.7,23.5,15.6,14.2,10.7,11.8,2.9,11.3,32.8,38.2,41.0,38.4,44.1,46.0,50.8,43.5,47.9,77.4,43.1,98.4,31.1,63.9
21.1,20.6,21.1,23.5,26.9,31.2,30.0,28.7,30.6,33.9,38.3,55.1,57.1,62.2,68.6,74.2,74.1,77.6,79.2,78.2,63.2,45.2,30.4,27.8,35.5,39.0,47.3,56.2,64.3,69.5,76.5,62.9,55.7,63.1,85.8,71.5,37.3,23.0,18.7,17.6,17.4,16.0,14.7,15.8,11.2,11.0,13.5,18.7,23.2,23.5,40.4,38.4,36.8,16.0,19.0,8.9,35.8,22.3,16.0,9.1,11.7,15.5,18.5,19.4,11.1,11.7,10.8,12.0,25.6,36.7,35.2,33.0,37.1,46.7,39.8,43.7,45.7,43.7,41.6,47.2,53.0,59.5,97.3,36.5
21.7,20.6,21.9,23.0,25.1,26.0,27.9,30.2,29.9,31.9,40.9,50.5,59.8,59.8,63.5,63.6,70.4,78.6,71.1,68.5,52.0,38.5,27.6,25.7,29.7,36.9,39.4,44.4,53.5,62.6,56.5,47.1,45.4,62.9,48.9,42.1,29.2,22.6,21.4,18.9,18.5,16.9,16.6,11.9,10.4,12.7,13.4,17.9,21.9,33.0,28.6,49.7,52.5,42.6,22.3,33.9,38.8,27.5,11.6,9.0,9.6,12.9,14.5,20.8,20.2,13.4,11.3,18.5,25.4,27.0,31.8,35.7,39.9,40.7,42.5,40.4,43.9,44.3,43.0,46.9,44.2,56.4,56.8,72.9
20.4,22.5,21.1,22.2,25.8,29.3,30.2,30.5,36.3,38.1,42.8,54.6,53.0,48.7,49.8,52.5,45.6,45.8,46.6,44.4,39.0,29.1,28.9,24.0,22.8,25.6,25.2,27.7,35.3,48.9,47.1,42.9,34.9,37.7,48.7,58.4,46.0,25.4,26.6,25.3,19.0,15.5,10.2,11.0,11.9,12.9,11.1,15.4,16.3,26.7,30.4,44.8,51.9,57.2,34.6,54.9,74.0,47.3,34.7,14.1,13.8,29.9,11.6,10.0,14.2,8.0,18.7,26.8,39.4,57.5,62.4,48.3,49.6,43.3,43.1,43.7,36.0,40.9,40.1,43.8,46.8,46.8,41.6,46.6
18.3,18.2,20.8,23.0,25.8,30.2,33.8,42.8,56.7,69.2,60.1,53.5,45.6,39.0,37.7,40.6,40.2,36.7,31.9,35.0,29.0,28.0,24.8,24.7,26.0,23.8,21.9,22.9,29.5,40.6,43.3,37.7,28.4,19.3,34.5,59.2,63.5,29.1,26.1,22.1,18.4,11.9,11.7,11.3,11.5,12.6,11.6,11.8,16.3,21.2,34.2,34.8,45.8,58.8,62.7,63.3,57.2,49.8,34.2,56.3,50.2,46.1,43.3,21.0,13.1,40.3,64.4,80.4,56.1,82.4,68.2,69.4,53.5,55.3,54.6,50.2,51.3,48.3,51.5,41.7,44.4,41.6,42.1,46.7
19.2,19.8,20.7,20.7,21.4,18.8,37.7,35.2,44.6,45.4,48.8,50.2,37.2,37.9,41.3,41.8,38.0,29.4,23.8,22.0,24.6,22.9,22.2,24.8,28.1,32.0,28.4,25.8,25.0,29.6,33.2,30.8,24.3,16.3,38.5,49.7,66.6,53.2,23.1,20.7,18.2,9.7,10.3,10.9,11.3,11.8,11.8,11.4,14.3,17.3,17.7,34.3,38.2,41.8,50.9,73.2,57.9,44.0,50.3,67.6,72.6,80.1,83.6,80.8,87.1,92.3,89.2,86.0,84.8,85.6,81.1,71.5,54.3,52.0,51.5,60.5,61.9,68.4,62.8,51.2,51.9,42.3,49.3,52.5
16.8,18.2,18.2,18.7,19.5,17.9,26.0,37.9,35.6,40.1,35.5,37.9,37.4,36.0,36.3,39.3,37.2,23.0,23.0,21.8,22.0,22.6,22.6,24.7,25.8,28.1,35.4,32.1,26.0,22.2,23.2,20.3,18.0,19.4,30.3,24.1,64.5,56.8,21.2,19.5,14.1,8.3,9.0,10.5,10.9,11.3,11.8,11.7,11.0,18.7,23.3,25.0,39.7,49.2,64.8,63.4,36.6,18.2,29.6,52.5,62.1,82.1,82.3,83.3,83.8,87.2,83.2,80.4,80.7,85.6,80.0,81.6,62.2,51.5,50.4,66.4,67.5,70.5,60.9,60.3,61.4,59.2,59.1,53.7
15.7,16.9,16.7,13.9,17.4,25.7,31.9,30.5,36.8,35.6,24.6,32.4,34.2,31.8,31.0,24.7,22.3,22.9,20.8,19.0,20.6,20.4,22.1,20.5,17.4,24.0,31.4,29.3,27.4,20.8,18.8,20.0,20.8,26.3,24.3,41.4,60.1,69.9,55.4,58.8,8.6,4.3,7.1,9.8,9.4,11.6,12.0,12.6,11.2,12.6,14.4,23.8,29.3,28.8,37.8,55.0,21.9,25.1,45.8,26.7,63.0,83.2,87.9,88.2,85.8,85.4,82.8,74.3,76.3,80.4,79.0,79.0,67.8,77.8,63.2,68.6,77.7,71.1,60.3,62.2,59.4,54.3,53.1,52.9
25.4,29.8,30.4,28.5,24.5,25.7,26.1,25.2,23.1,22.7,17.1,27.4,28.1,26.7,22.7,17.6,21.4,20.3,19.2,22.1,18.3,16.7,16.3,14.5,16.1,21.8,26.2,25.9,23.6,23.6,24.8,23.1,21.8,20.0,24.9,23.4,51.1,61.5,72.5,65.7,31.5,0.0,9.1,6.3,10.3,12.9,14.0,12.7,12.8,12.9,12.0,18.4,19.3,19.8,20.7,30.6,23.2,31.9,69.0,54.5,73.7,84.6,86.5,80.9,79.9,77.4,76.2,75.1,73.5,73.4,81.1,84.2,68.9,84.1,69.5,68.5,70.4,64.3,73.2,61.3,55.1,53.5,52.5,50.3
26.8,29.2,30.0,28.2,26.5,22.2,20.7,22.6,19.6,23.8,17.1,20.4,19.9,16.0,16.7,16.2,15.8,24.3,21.0,16.7,16.3,13.2,13.4,15.8,18.3,18.9,21.1,21.3,22.4,21.8,21.1,21.8,17.7,16.5,18.6,25.8,28.7,57.9,73.9,63.7,40.8,2.9,13.5,9.9,8.6,10.4,12.4,11.3,11.3,13.0,14.3,12.7,14.3,15.1,15.8,30.4,44.7,48.5,56.4,74.0,83.0,84.8,78.7,77.3,74.4,70.9,70.7,72.4,72.4,71.4,74.9,80.3,76.2,79.3,83.9,68.1,51.0,55.4,63.7,61.1,54.4,51.7,51.6,46.8
41.5,28.7,29.8,24.1,18.6,17.7,18.5,17.0,21.7,24.8,16.3,11.9,10.1,11.2,10.4,12.5,12.2,11.4,11.8,12.6,11.8,12.4,14.1,16.7,18.8,19.2,19.9,20.8,20.6,19.7,19.2,18.4,15.4,13.5,18.9,21.5,28.8,49.3,71.0,66.1,63.0,42.8,8.0,13.6,13.3,12.6,11.2,10.1,12.3,13.2,13.6,14.1,15.3,16.2,25.4,39.3,47.1,64.8,73.7,82.4,82.5,76.9,76.8,76.2,74.8,74.4,74.7,77.1,77.5,71.2,71.3,77.9,77.1,92.5,70.8,59.8,61.3,65.3,57.8,56.7,60.8,62.2,68.5,64.6
29.9,30.1,26.8,20.8,18.0,17.6,18.4,15.2,22.9,22.0,12.0,10.9,11.0,10.2,11.6,13.6,9.9,11.0,10.6,11.3,11.8,12.9,14.9,15.8,18.0,18.0,18.9,20.1,19.5,18.7,18.3,15.7,13.8,11.7,13.9,20.2,23.8,42.7,71.1,67.9,75.0,67.1,26.4,20.9,18.5,14.2,12.9,12.7,13.6,15.5,15.1,14.5,11.5,11.9,20.9,45.2,69.9,92.4,86.6,82.7,74.5,76.6,78.1,78.7,77.1,77.4,78.8,81.3,80.7,76.4,72.1,72.9,74.4,93.9,53.0,64.5,62.7,64.9,56.6,59.6,62.9,71.1,74.7,86.5
30.0,26.8,21.3,23.7,18.4,17.9,20.0,15.5,14.3,15.4,11.4,11.4,13.1,12.4,12.6,11.1,10.7,10.3,10.7,11.0,11.4,12.5,13.1,14.3,16.1,15.7,16.4,17.6,17.9,18.2,16.1,12.9,11.8,13.2,12.7,19.3,24.9,37.6,81.4,72.5,72.4,70.8,67.8,37.8,18.9,15.8,15.5,15.6,15.9,14.5,23.4,24.8,27.4,29.3,29.1,47.1,96.4,84.0,81.2,75.6,74.5,75.9,80.6,80.0,80.6,79.4,80.0,81.8,80.3,77.0,74.3,73.8,74.1,86.1,45.6,56.4,62.3,63.4,64.1,67.5,67.4,70.9,80.9,66.8
23.5,20.8,25.0,26.2,19.4,18.6,19.4,22.0,15.1,14.8,13.0,12.8,13.0,13.1,13.3,11.8,11.8,12.1,11.8,10.9,10.5,11.3,13.4,15.6,15.1,15.0,14.8,15.3,14.6,14.0,12.9,14.5,14.0,14.8,15.2,18.1,34.1,63.3,39.5,58.3,67.3,68.9,62.6,62.5,21.3,17.7,16.7,16.2,12.1,21.3,30.4,45.0,76.2,51.2,77.3,78.4,80.7,74.8,73.9,74.6,75.2,75.4,79.1,80.5,82.5,79.0,77.9,77.5,78.0,76.4,73.1,75.4,76.3,87.1,56.6,59.8,64.9,66.2,69.9,62.0,67.3,86.7,77.8,62.5
22.2,22.8,24.5,23.3,25.2,23.3,24.4,17.0,16.0,15.0,15.2,15.3,14.5,13.0,14.2,18.2,20.8,21.4,17.9,16.0,12.4,13.3,15.0,16.8,16.1,15.3,17.4,16.3,14.4,12.8,17.2,16.6,18.3,26.1,25.1,19.1,36.1,39.3,28.4,14.4,61.3,67.8,63.2,47.8,45.4,17.2,39.4,23.4,29.2,28.5,51.5,63.5,73.9,70.9,72.5,71.4,74.2,74.6,74.1,73.1,74.4,72.7,78.2,77.4,80.3,78.9,77.8,77.3,75.9,74.8,71.4,75.3,77.8,76.4,84.0,58.7,63.9,65.2,67.1,65.4,65.6,76.5,72.0,69.9
38.4,31.2,28.8,34.5,36.7,33.0,22.6,20.7,19.6,18.0,18.6,18.1,22.5,30.0,38.3,31.8,26.9,22.0,19.4,18.7,19.2,17.7,18.1,16.9,18.1,16.5,17.2,17.4,18.1,27.1,39.0,38.1,34.9,37.6,37.1,36.2,32.7,38.1,36.0,29.4,57.1,59.9,59.8,51.5,54.2,46.8,44.3,36.4,50.1,64.0,75.8,81.0,76.8,75.8,77.3,75.3,75.4,75.9,77.7,77.1,75.2,72.1,70.6,74.4,78.8,80.5,77.3,76.8,75.0,72.7,70.5,72.7,79.2,73.5,72.9,97.3,88.2,67.7,71.8,67.3,65.3,70.0,73.2,72.1
