wind-weather/data/weather/current/current-relative_humidity-isobaric-700hPa-gfs-1.0.json
{"header": {"discipline":0,"disciplineName":"Meteorologicalproducts","gribEdition":2,"gribLength":73774,"center":7,"centerName":"USNationalWeatherService-NCEP(WMC)","subcenter":0,"refTime":"2015-09-28T00:00:00.000Z","significanceOfRT":0,"significanceOfRTName":"Analysis","productStatus":0,"productStatusName":"Operationalproducts","productType":0,"productTypeName":"Analysisproducts","productDefinitionTemplate":0,"productDefinitionTemplateName":"Analysis/forecastathorizontallevel/layeratapointintime","parameterCategory":1,"parameterCategoryName":"Moisture","parameterNumber":1,"parameterNumberName":"Relative_humidity","parameterUnit":"percent","genProcessType":0,"genProcessTypeName":"Analysis","forecastTime":0,"surface1Type":100,"surface1TypeName":"Isobaricsurface","surface1Value":70000.0,"surface2Type":255,"surface2TypeName":"Missing","surface2Value":0.0,"gridDefinitionTemplate":0,"gridDefinitionTemplateName":"Latitude_Longitude","numberPoints":65160,"shape":6,"shapeName":"Earthsphericalwithradiusof6,371,229.0m","gridUnits":"degrees","resolution":48,"winds":"true","scanMode":0,"nx":360,"ny":181,"basicAngle":0,"subDivisions":0,"lo1":0.0,"la1":90.0,"lo2":359.0,"la2":-90.0,"dx":1.0,"dy":1.0}, "data":
[rows 38 to 75 of 181, columns 255 to 339 of 360]
79.1,89.6,95.2,87.6,77.7,59.2,57.6,51.2,44.7,41.4,37.2,31.9,25.9,19.6,16.2,13.6,24.9,38.7,49.0,60.7,73.3,74.9,86.2,96.1,99.5,99.6,77.7,60.7,54.0,58.7,62.0,56.5,48.5,38.4,34.1,31.5,32.1,32.7,31.2,31.1,27.6,24.3,20.4,19.7,21.5,24.9,27.2,28.7,41.0,79.4,96.8,99.3,97.5,99.4,100.0,98.1,89.9,61.9,10.6,8.0,5.9,14.7,21.2,78.1,60.9,42.8,35.1,45.1,45.9,38.6,50.0,22.3,8.7,13.8,87.3,97.5,98.2,95.6,96.8,98.5,99.7,97.9,97.8,66.0,0.0
79.7,80.9,83.3,84.9,80.4,72.9,58.4,48.8,40.7,35.3,29.7,26.0,23.0,18.3,26.9,40.0,45.4,48.7,34.6,46.8,77.0,95.5,97.5,68.4,33.4,27.3,35.1,44.1,42.7,36.1,30.5,25.0,20.9,19.7,19.7,22.0,23.4,27.5,30.3,33.1,31.1,26.6,23.7,21.8,20.5,20.2,21.2,23.8,26.7,31.5,59.5,93.8,98.3,99.9,98.6,96.4,96.1,81.2,28.9,4.7,7.2,14.4,27.8,81.0,47.1,48.8,50.1,52.2,45.5,49.4,20.8,8.7,5.5,36.1,90.2,100.0,97.3,94.9,96.5,99.3,99.6,99.6,98.0,79.5,7.7
71.4,75.2,68.2,68.6,63.7,61.2,48.8,31.3,24.0,21.4,19.9,20.8,29.5,37.3,42.4,47.8,63.1,94.3,96.9,93.4,65.2,46.6,37.5,41.1,46.4,39.5,33.1,28.0,22.1,21.8,28.5,33.7,34.0,34.2,33.2,28.1,30.2,33.2,34.5,37.6,32.8,26.8,21.0,20.0,19.8,19.5,21.3,23.3,26.3,31.6,42.4,64.1,94.2,99.9,99.6,98.4,98.4,94.7,45.2,3.0,7.9,11.9,24.5,86.7,43.8,71.0,51.3,45.1,58.7,42.4,27.7,28.8,20.1,49.7,92.2,97.9,92.4,66.4,94.3,99.6,99.3,96.7,97.0,74.4,8.7
72.1,79.8,97.2,100.0,60.6,34.9,16.3,17.2,20.8,21.0,22.8,21.5,25.8,53.6,83.2,97.0,81.8,78.6,62.5,34.3,28.5,31.9,33.0,35.3,31.9,22.4,28.5,51.3,51.2,38.0,31.4,28.5,30.5,39.5,37.1,29.3,32.1,32.9,36.4,33.9,28.1,19.2,14.6,19.8,25.1,28.1,30.3,32.0,31.1,30.5,34.8,49.2,80.5,99.8,98.8,98.2,98.4,97.0,60.3,1.3,7.7,10.5,24.8,67.7,50.8,57.1,54.5,37.4,21.8,32.7,51.0,32.0,39.2,59.5,89.3,95.1,62.7,63.6,90.8,99.4,96.1,88.3,89.5,69.1,11.0
90.2,84.8,90.3,95.3,90.8,83.3,72.9,62.8,58.8,49.6,31.4,50.4,82.0,88.6,73.2,58.3,44.6,31.6,30.0,35.3,36.0,34.1,19.6,12.4,31.3,63.4,47.6,44.3,43.1,35.7,30.9,28.5,28.7,30.1,29.6,33.4,36.8,37.8,42.5,29.9,16.8,13.4,11.1,14.5,21.1,29.3,35.7,37.3,40.3,40.8,40.2,52.7,74.1,95.2,98.4,99.3,98.5,98.0,78.4,4.9,7.5,11.4,27.1,57.3,66.5,27.9,25.3,22.1,63.5,55.9,34.6,35.4,60.5,72.2,94.2,86.4,70.3,80.9,98.0,97.0,90.1,83.8,88.0,71.1,17.9
90.4,92.5,91.7,79.0,59.7,57.8,57.3,54.9,50.9,56.5,78.8,95.7,74.5,49.4,33.9,25.8,29.4,32.2,33.6,31.8,14.1,15.3,43.3,68.9,86.6,57.5,62.1,65.1,53.9,37.9,28.1,24.5,24.9,29.8,31.8,36.1,42.2,41.7,29.0,19.3,4.5,2.6,8.4,12.6,21.9,33.5,40.8,45.3,46.6,45.1,46.3,53.8,75.4,99.7,99.5,99.3,98.6,98.7,92.6,22.2,6.3,9.7,18.6,71.0,77.0,69.9,23.1,80.6,49.0,37.1,46.8,78.9,84.0,95.9,96.2,81.2,72.7,96.1,96.8,96.5,84.5,85.2,87.9,75.8,28.6
88.7,75.8,64.6,51.0,52.6,47.2,44.4,39.0,43.4,86.3,92.7,61.3,34.4,18.0,19.6,28.0,33.2,35.1,28.3,39.5,71.0,84.1,79.7,92.3,75.4,55.8,87.8,85.6,64.0,37.0,24.4,19.6,20.3,21.4,23.5,22.8,22.0,23.9,17.4,9.7,4.5,5.3,6.8,9.6,20.6,33.5,43.6,49.8,53.2,55.1,52.6,58.8,72.9,95.9,99.0,98.8,98.2,98.2,95.7,52.3,6.6,3.0,19.1,72.1,75.4,83.2,78.1,98.0,83.3,95.2,100.0,98.7,97.6,100.0,94.3,67.7,91.4,96.6,98.4,88.2,82.3,85.5,85.9,78.7,35.7
59.0,48.3,54.5,46.0,35.9,27.4,22.0,29.3,44.2,58.8,51.7,24.1,13.3,19.4,26.5,29.5,27.4,27.7,60.3,79.3,81.0,81.7,84.5,85.5,68.8,77.7,99.6,97.5,79.3,34.2,19.5,15.6,12.1,11.7,9.7,8.8,9.2,8.2,6.1,5.2,5.4,5.6,7.6,9.4,16.0,31.2,44.3,48.7,55.3,59.2,60.0,65.8,77.3,95.4,99.9,99.0,92.5,89.8,94.8,76.4,16.0,16.9,26.4,48.1,61.9,74.9,93.4,97.5,96.3,90.6,92.6,98.7,100.0,100.0,73.3,84.5,99.1,98.6,98.0,84.8,82.4,85.2,82.3,78.4,33.7
52.4,56.6,47.3,45.3,34.1,24.7,25.9,37.7,38.4,35.5,25.9,13.8,17.7,23.1,21.0,23.5,31.0,60.2,72.9,73.4,76.5,71.5,73.5,77.5,82.4,90.2,99.2,97.8,82.5,31.4,12.4,2.0,3.0,2.5,3.0,7.3,9.9,8.1,6.0,4.5,3.8,6.0,10.1,12.1,15.9,26.8,37.6,45.4,52.6,55.7,56.9,62.2,73.4,91.3,100.0,99.0,87.4,76.4,78.4,79.9,41.0,18.6,29.6,49.9,44.9,81.9,95.1,99.5,100.0,100.0,97.2,100.0,100.0,88.8,82.8,91.1,93.1,99.6,95.2,73.7,78.6,75.8,75.2,73.3,24.1
37.2,33.7,37.0,34.5,30.9,28.3,36.7,39.1,34.4,25.8,13.3,15.3,16.1,11.1,22.5,36.5,53.2,74.4,69.9,72.0,76.4,75.2,84.4,86.8,86.5,94.5,93.4,87.6,89.5,66.4,11.5,11.0,15.1,11.9,9.9,8.8,6.7,6.0,5.8,4.3,5.3,11.8,15.6,16.1,18.1,23.3,28.4,35.5,45.1,54.5,61.2,63.2,69.2,82.2,95.2,91.2,84.2,73.8,69.7,70.8,65.4,18.6,33.2,49.4,54.1,81.4,94.0,98.2,100.0,98.5,99.8,100.0,95.5,73.1,76.9,89.2,75.5,93.4,82.2,57.5,64.5,63.1,70.9,66.2,16.2
32.0,33.4,34.4,33.4,30.1,33.5,39.1,35.7,25.9,13.2,11.9,10.8,15.1,35.7,49.3,59.4,63.7,73.5,78.7,79.5,85.8,90.4,90.7,93.8,94.7,96.0,88.8,92.4,93.4,80.2,13.6,20.2,16.8,14.4,13.5,12.2,12.2,10.6,8.3,9.1,15.2,20.8,21.2,20.2,21.7,23.4,26.5,30.6,37.6,44.9,52.6,55.6,61.5,75.7,83.6,77.1,73.6,68.9,63.0,59.6,54.9,63.3,33.8,31.4,51.4,80.6,95.6,81.8,65.6,66.0,67.9,58.5,60.0,70.5,99.7,67.9,64.1,86.1,55.3,36.5,38.3,55.3,71.3,59.3,15.5
35.5,37.3,31.9,27.4,36.2,36.9,35.4,26.8,14.4,10.3,6.1,20.9,46.8,60.5,75.2,82.4,84.5,80.4,85.2,94.5,94.2,95.4,95.0,94.4,84.0,79.0,83.1,91.3,92.0,53.9,5.8,14.5,12.3,14.0,14.1,14.3,15.0,15.7,15.4,16.7,20.7,23.1,23.0,22.2,22.3,22.3,24.0,26.1,29.9,33.9,40.6,49.2,53.8,64.8,70.1,65.3,62.1,59.3,54.7,51.5,42.7,40.3,49.9,58.9,36.8,40.1,61.2,55.3,53.7,50.6,41.7,36.2,59.2,94.2,87.0,20.8,62.9,83.7,36.6,27.7,26.2,48.6,68.4,60.2,20.6
28.2,30.5,38.7,39.9,34.7,24.2,17.7,13.1,9.4,6.4,10.1,47.7,63.7,70.6,79.7,84.6,83.0,77.9,83.3,85.9,85.2,88.1,89.1,99.6,96.1,88.7,89.2,80.0,72.5,27.4,5.7,7.7,4.5,5.6,7.2,8.4,10.3,11.9,13.1,13.8,16.2,18.8,18.4,17.2,16.8,17.2,19.0,20.3,21.6,24.3,30.3,36.6,44.3,47.9,48.3,47.4,47.4,47.2,45.0,41.1,35.5,25.0,18.3,17.9,29.8,65.7,60.5,63.7,53.3,38.8,32.0,39.5,41.9,50.2,17.2,20.8,68.7,62.8,30.2,15.5,27.9,49.6,67.6,66.1,30.7
22.9,37.7,35.0,30.7,22.9,13.9,13.0,9.2,8.8,10.3,24.0,60.4,60.0,61.6,68.9,83.7,89.8,81.2,87.1,98.7,96.7,76.0,79.9,97.7,99.6,97.0,77.9,75.3,64.3,41.8,27.7,13.9,2.9,0.4,1.0,2.8,4.6,5.9,7.7,8.3,9.4,12.6,15.2,14.9,13.0,10.3,10.2,13.1,16.4,20.5,22.1,25.1,29.4,32.4,33.2,32.9,36.7,36.3,33.2,30.4,28.3,22.9,11.8,17.1,10.4,22.0,66.9,66.5,60.6,34.6,17.4,8.0,12.2,6.7,7.6,45.7,75.6,36.2,14.6,13.9,35.7,53.5,68.0,70.5,41.0
29.4,27.7,26.5,18.5,15.5,23.4,21.6,7.3,11.9,12.6,30.9,30.4,40.1,40.1,57.4,67.4,58.4,45.7,78.1,61.0,44.9,57.4,75.8,92.1,97.9,99.4,79.6,70.8,63.2,46.5,27.9,2.7,0.0,4.3,7.6,8.2,1.0,0.3,2.4,2.4,2.6,4.5,6.8,8.5,9.5,8.7,6.8,6.4,9.6,13.6,16.1,17.8,20.4,23.0,24.8,27.0,27.4,24.9,23.2,24.2,22.5,18.7,11.5,9.5,9.7,15.5,16.0,15.7,10.8,5.3,2.6,3.5,3.0,2.3,23.0,72.8,56.2,16.8,12.6,34.6,44.2,63.5,72.6,74.1,38.5
29.4,40.6,11.0,11.3,25.5,27.4,18.7,8.9,2.8,11.1,26.5,23.0,25.6,32.9,30.5,48.5,35.4,21.5,14.8,34.8,36.8,49.3,78.0,98.0,98.1,98.3,86.6,71.9,60.7,56.6,58.9,62.0,69.2,38.6,26.1,27.9,21.8,9.2,0.0,2.3,2.8,3.6,4.4,5.5,6.3,6.9,6.4,5.6,6.1,8.4,12.7,14.0,14.3,16.9,20.3,21.1,21.5,20.1,17.5,16.3,15.1,14.1,10.5,5.6,4.4,3.5,2.7,1.7,1.3,1.6,2.0,2.1,0.7,12.2,75.5,75.3,26.8,11.0,39.9,58.7,49.0,72.7,81.2,56.2,39.1
49.4,38.9,19.7,55.3,40.0,28.9,18.5,18.1,12.7,32.8,39.7,25.5,18.3,7.6,24.8,35.3,39.5,38.8,54.8,50.8,41.7,50.5,50.4,90.4,99.4,97.8,88.2,71.1,79.4,80.6,86.1,92.0,84.2,82.6,78.2,48.8,56.1,27.3,25.6,6.5,2.9,1.9,2.1,3.4,3.9,4.6,5.5,5.8,6.3,7.4,9.3,11.5,12.3,12.8,12.9,13.1,13.8,14.3,14.0,13.0,11.2,8.8,6.7,4.8,3.4,2.6,2.1,2.3,2.5,3.3,4.4,2.5,12.0,66.3,86.7,46.9,17.7,47.9,58.6,56.0,60.9,68.7,49.9,26.3,52.0
33.0,35.0,60.7,73.3,62.8,42.8,28.4,13.5,26.5,45.7,39.5,23.6,11.7,17.7,34.0,47.4,46.3,72.3,72.2,66.3,49.9,39.1,32.3,34.2,85.5,89.4,97.5,85.8,74.2,83.8,85.8,84.3,98.0,97.4,95.5,92.1,91.6,88.5,51.7,29.6,17.5,2.1,0.0,1.3,2.6,3.1,4.1,5.5,6.6,7.6,8.1,8.2,9.0,10.6,11.1,10.5,9.9,9.5,9.0,8.3,7.9,7.5,6.5,5.2,4.4,4.1,3.6,3.6,3.4,4.3,5.7,21.8,77.3,99.4,58.3,16.9,46.5,61.2,72.4,56.9,64.7,58.5,24.0,56.5,55.6
39.8,40.3,66.5,74.7,95.1,85.4,67.0,34.3,26.7,39.2,22.9,26.9,59.0,93.0,73.9,84.9,95.2,83.7,69.9,73.7,76.2,66.7,41.4,31.5,40.0,60.8,70.8,88.3,85.3,91.5,96.8,88.2,77.6,92.0,93.0,94.7,95.0,96.9,99.2,91.5,83.4,53.2,18.0,8.4,2.0,2.6,2.3,2.8,4.0,4.7,5.5,6.3,6.5,6.6,6.6,6.3,5.8,5.6,5.2,4.7,4.2,3.9,3.8,3.5,3.3,3.6,3.6,1.9,1.7,12.4,42.5,76.7,93.0,69.5,24.3,35.6,59.6,70.1,79.9,70.5,58.7,65.6,48.9,57.9,30.7
47.8,46.4,65.4,77.6,89.3,88.3,83.4,80.5,45.0,38.1,47.8,86.9,96.5,92.2,99.6,99.5,93.3,91.1,84.7,81.0,78.2,69.3,53.3,39.9,46.0,52.7,60.5,70.0,74.8,74.9,83.9,83.7,75.8,72.3,83.8,86.3,90.5,89.5,93.3,97.1,99.6,92.9,70.6,36.5,6.8,1.3,1.1,2.2,2.2,2.4,3.0,3.9,4.7,5.1,5.4,5.5,4.8,3.5,2.7,2.8,3.2,2.8,2.3,2.3,2.0,0.3,0.0,10.0,37.2,55.5,72.1,84.5,69.7,24.4,23.8,76.9,74.8,85.2,75.7,72.8,87.0,87.0,53.3,46.8,22.4
47.0,53.9,60.1,78.5,90.8,96.5,93.7,84.5,59.9,62.2,91.3,99.6,97.0,99.6,97.7,97.5,99.2,90.1,91.9,87.1,78.1,76.8,66.1,71.3,75.0,78.9,77.7,67.3,73.5,68.0,77.3,79.1,81.1,79.6,74.5,79.3,87.6,87.8,91.5,89.0,96.2,99.6,96.0,94.8,71.6,20.3,4.0,2.2,1.8,2.3,2.6,2.7,2.3,1.9,2.1,2.4,1.8,0.9,0.1,0.1,0.5,1.0,3.5,5.5,9.3,26.9,48.4,50.4,51.7,65.4,77.2,70.8,32.6,18.0,45.4,70.6,91.2,63.3,78.2,84.0,84.7,65.3,55.3,35.5,22.7
48.6,57.7,55.0,63.0,92.7,95.1,97.7,90.9,54.4,69.5,99.6,99.6,98.8,97.1,92.9,85.3,87.7,94.4,95.0,79.4,69.7,70.0,69.9,73.3,75.6,75.1,62.0,65.4,70.0,72.0,80.2,78.3,78.9,79.9,78.4,78.3,85.2,87.7,83.5,79.3,88.3,81.0,88.1,89.8,87.7,86.9,64.2,17.7,0.9,0.0,0.7,2.0,4.1,4.9,4.9,4.2,5.9,14.9,30.7,48.3,57.4,60.2,59.6,54.3,45.0,37.1,46.3,66.6,69.9,82.0,60.5,28.2,16.5,11.4,24.7,39.5,51.8,58.8,57.8,58.2,51.5,48.0,45.1,25.1,23.8
48.3,58.2,60.7,61.5,84.7,86.1,90.8,90.1,42.9,80.9,98.4,91.6,84.4,87.1,86.8,82.9,90.9,95.1,97.5,93.5,80.1,71.3,64.2,65.6,78.4,81.6,68.6,63.2,65.9,72.0,79.9,75.8,76.5,80.1,71.8,75.5,82.1,85.9,86.6,62.6,81.7,84.5,78.7,83.1,78.3,80.2,79.3,79.6,70.6,49.1,49.7,44.3,48.5,56.8,61.4,61.6,71.6,74.4,54.2,33.3,31.0,37.3,46.0,54.8,61.9,73.3,78.6,81.3,90.7,73.3,28.8,11.7,5.3,2.9,6.4,21.0,28.2,32.7,40.0,40.1,37.4,38.4,28.2,26.1,20.7
47.5,52.7,62.8,76.6,78.0,89.8,98.1,84.1,40.2,88.4,91.8,76.6,72.2,80.0,77.9,77.0,76.5,88.5,90.3,96.2,97.6,96.8,94.7,81.3,69.9,67.6,70.5,68.4,65.9,67.9,69.0,72.8,74.2,75.3,74.9,79.1,80.7,85.0,96.4,94.1,77.8,80.1,76.7,77.6,81.8,80.2,83.2,80.0,72.5,78.3,76.9,71.8,71.5,76.8,76.6,42.5,37.3,52.0,69.3,78.2,81.7,83.9,82.7,81.1,84.3,91.3,99.3,99.5,87.0,30.8,9.6,17.4,16.8,66.9,2.6,12.0,21.1,23.5,28.9,34.2,28.1,22.7,23.8,23.5,22.3
55.0,62.2,64.0,78.9,93.2,92.1,82.3,37.9,44.0,72.0,64.0,59.3,66.0,75.2,76.6,78.7,78.5,78.7,87.3,91.9,91.1,97.5,95.1,86.6,76.2,64.0,57.1,71.2,73.7,67.1,69.9,68.5,70.5,76.9,76.6,75.9,79.8,84.7,93.5,97.9,82.4,73.7,75.3,75.6,78.6,76.6,83.5,79.9,73.5,70.9,65.9,63.2,55.3,44.0,32.3,52.0,65.3,76.7,81.4,80.1,80.6,81.9,82.6,84.8,84.2,82.3,93.4,88.9,42.7,13.5,6.5,33.4,38.0,68.4,8.9,12.5,16.1,22.1,25.5,21.3,17.5,13.5,18.0,20.2,20.8
52.4,63.8,68.3,81.6,97.3,85.7,85.0,28.3,74.0,85.5,74.4,52.9,54.0,70.0,76.3,87.4,83.3,84.0,88.4,89.4,86.6,91.6,97.9,90.9,83.8,74.3,61.9,54.7,71.2,71.5,60.3,63.4,72.4,79.6,84.0,76.7,81.5,94.8,93.7,96.9,87.4,70.4,73.4,75.4,64.7,62.9,65.0,59.7,60.7,50.4,40.0,36.9,33.8,27.2,52.0,75.3,86.7,82.0,72.1,65.3,65.8,64.8,66.5,76.4,77.6,81.5,82.9,55.3,37.4,33.4,45.3,25.0,12.9,57.6,12.9,13.7,6.4,17.4,11.2,49.5,55.0,44.8,34.9,25.0,18.4
49.7,61.7,76.1,84.7,95.4,93.1,84.5,36.7,65.1,89.8,67.3,58.1,48.8,59.7,75.5,81.1,85.1,86.4,81.4,86.8,93.6,84.1,86.2,97.9,97.2,76.4,62.5,56.0,64.3,60.0,63.3,65.6,70.5,73.8,86.4,91.9,95.4,92.2,95.5,94.2,92.3,87.8,65.4,70.5,53.7,54.9,49.4,51.9,45.1,33.1,32.0,27.6,18.8,41.1,57.7,75.0,73.7,73.2,72.1,59.4,28.6,28.9,50.5,56.3,73.7,62.2,73.2,63.0,40.0,50.2,56.2,26.4,17.1,25.3,24.8,9.5,5.9,12.4,18.8,37.1,54.1,75.1,74.2,51.8,35.6
49.8,49.9,60.5,61.6,59.1,85.3,42.6,56.6,65.4,61.8,54.3,49.7,37.4,43.5,58.7,68.1,77.9,87.8,86.2,93.5,95.8,99.5,87.7,90.8,98.0,84.5,64.2,57.1,50.1,60.6,55.4,67.4,70.6,71.4,80.5,83.7,83.5,80.4,84.9,85.4,93.0,80.1,60.8,64.4,43.3,42.5,34.6,30.3,30.6,27.8,22.7,19.3,14.9,33.8,50.3,66.0,83.7,79.5,21.4,25.6,16.9,31.9,61.4,68.7,69.7,50.9,61.4,57.8,52.1,47.8,29.9,31.7,32.5,24.9,26.0,11.7,10.2,6.5,6.7,10.3,17.9,26.8,38.2,31.6,22.3
50.4,39.6,40.6,35.3,35.4,54.1,71.9,29.4,30.6,40.3,49.4,41.0,39.6,42.0,45.8,65.0,67.3,84.9,94.9,92.1,89.3,93.5,89.1,83.6,84.8,81.2,77.8,61.9,56.5,52.8,63.8,55.8,67.3,62.1,62.7,73.6,72.7,74.0,77.1,83.5,86.1,70.5,68.2,53.6,30.8,36.0,20.6,41.1,63.4,52.4,34.0,27.8,26.7,31.2,51.9,63.8,77.3,76.1,29.5,14.6,22.9,41.0,77.6,79.4,67.7,75.1,56.7,72.5,70.4,55.6,13.1,21.9,42.9,31.1,26.5,24.8,34.9,32.7,20.5,14.2,12.2,11.5,12.9,9.4,5.9
46.4,40.7,40.1,39.3,53.5,71.7,80.7,61.7,55.2,57.2,52.0,50.6,45.6,56.0,50.3,62.1,60.4,73.4,67.9,88.8,89.0,87.5,86.9,71.2,72.8,66.1,68.1,60.7,55.5,51.9,53.6,60.7,60.5,60.8,61.5,64.3,67.7,70.9,76.4,71.8,67.8,62.6,56.3,42.4,24.2,33.3,13.8,50.2,65.9,59.4,45.8,41.0,44.0,49.3,62.9,62.7,66.1,72.3,58.3,26.5,29.7,51.1,81.3,80.7,72.6,71.4,65.3,64.5,77.5,58.3,23.1,33.7,51.6,49.8,38.3,42.0,54.4,55.1,52.2,54.6,57.2,54.1,48.6,51.1,57.4
53.8,73.0,64.6,55.3,79.3,60.9,64.1,63.8,56.5,56.5,63.9,61.7,61.4,54.0,47.8,64.4,65.8,68.5,66.9,80.5,86.8,76.8,81.7,66.5,63.5,67.6,57.7,49.8,46.9,50.9,58.6,61.0,55.4,57.9,66.6,76.8,73.7,74.7,69.6,62.7,57.9,48.8,41.9,41.0,27.7,30.7,13.8,32.2,38.4,70.0,75.0,74.9,68.4,61.1,49.6,63.1,79.5,67.3,58.0,26.2,34.8,61.0,78.1,82.0,78.4,73.2,70.2,64.5,68.3,66.8,61.6,62.9,65.0,72.2,72.6,68.0,66.4,71.5,72.1,63.9,53.8,51.8,47.8,47.2,47.8
65.6,86.0,72.7,60.0,61.7,87.0,72.6,57.6,54.6,54.7,75.8,77.3,72.5,61.3,59.3,60.0,74.3,63.2,58.0,85.1,84.7,75.4,81.6,54.5,64.1,70.1,62.3,49.7,49.4,55.1,63.0,60.9,65.0,70.5,67.3,68.1,66.1,61.1,58.7,45.9,42.8,43.7,37.1,42.6,34.5,22.4,15.5,12.1,15.1,65.2,82.8,78.1,79.9,72.5,72.6,79.6,73.1,66.9,35.7,15.6,38.1,65.6,79.8,75.1,78.8,74.2,72.3,69.0,68.5,68.2,70.1,66.2,59.7,63.4,67.7,66.1,49.8,40.5,38.5,32.5,31.7,42.2,58.4,64.2,68.5
78.2,83.1,70.1,61.5,66.2,58.4,86.5,99.5,85.6,62.9,81.6,82.8,75.3,68.3,68.4,61.6,76.1,65.1,74.2,85.0,79.3,79.7,86.2,52.1,50.9,58.2,55.8,52.0,46.9,40.4,58.2,58.5,57.8,53.7,54.1,57.3,57.6,43.8,32.6,28.5,28.5,32.4,28.4,38.8,38.8,22.9,14.1,4.1,26.2,56.3,74.7,74.3,83.6,85.4,85.8,83.1,77.5,64.7,18.6,16.1,40.2,74.9,69.4,67.3,65.7,68.2,67.4,66.9,70.1,68.3,57.4,53.6,59.0,63.7,60.0,46.3,34.7,30.2,37.8,54.9,65.5,68.2,66.4,61.3,61.8
66.6,70.6,70.2,67.8,68.6,90.5,95.1,99.5,98.6,82.1,83.9,79.0,76.5,61.1,60.7,78.5,79.1,73.4,77.8,82.0,80.8,81.8,85.7,46.1,51.0,45.4,46.3,50.4,41.9,37.4,40.7,48.5,47.2,43.9,93.3,56.1,41.2,37.6,32.1,25.7,25.9,28.6,31.3,35.7,36.6,27.7,15.3,13.5,64.0,57.0,17.3,29.6,36.4,49.8,66.8,80.5,67.4,41.7,12.4,28.7,55.2,72.8,60.3,59.5,49.9,58.2,60.9,60.7,59.0,58.8,56.9,60.4,58.9,51.1,40.8,35.4,30.9,45.2,63.0,63.1,59.1,56.6,58.2,62.8,63.0
82.5,81.5,73.9,71.4,84.2,70.6,75.8,84.1,66.6,81.9,76.7,80.7,83.4,90.2,77.9,76.1,79.6,77.1,81.7,75.6,79.8,80.2,82.8,43.3,53.5,52.9,46.6,38.3,37.4,31.5,28.8,30.3,34.3,37.7,29.4,32.1,31.2,29.3,31.9,21.6,23.3,23.3,33.6,36.2,40.5,30.1,20.9,20.6,33.5,52.8,31.6,38.9,32.0,26.5,21.3,26.1,23.7,11.0,28.8,38.6,66.5,66.0,49.0,47.5,45.4,45.6,49.2,58.3,56.7,48.9,40.0,33.8,32.0,30.5,26.7,30.2,51.7,59.7,62.6,49.0,52.0,55.2,54.5,52.1,77.1
73.3,70.8,83.4,98.6,98.0,96.8,83.1,63.7,99.5,94.1,77.1,79.3,79.6,98.1,84.5,75.5,73.3,76.5,80.2,80.9,78.0,87.0,67.4,45.7,55.3,65.2,60.8,48.7,41.8,38.9,34.4,30.1,29.7,31.4,33.7,36.7,33.5,25.6,20.9,21.0,22.1,23.9,32.3,38.1,37.6,32.6,21.2,17.3,16.3,6.4,9.2,40.9,10.1,23.7,21.4,18.8,24.1,30.0,38.1,62.6,56.6,42.2,44.5,35.9,38.1,33.1,25.6,25.6,25.6,25.0,23.0,20.4,18.8,15.7,22.6,49.1,65.4,67.5,35.4,39.5,49.4,49.6,54.1,70.0,76.7
59.0,84.6,61.5,83.5,99.5,99.5,90.2,73.2,61.6,55.7,66.0,65.2,88.2,73.9,91.1,78.0,85.3,80.3,88.0,96.1,82.2,80.3,63.1,50.5,45.7,69.8,71.2,54.9,40.8,33.3,30.1,28.0,27.5,29.5,29.2,27.8,29.8,31.5,23.8,19.5,17.4,20.5,29.0,44.9,30.4,32.5,20.3,13.9,15.8,24.0,35.1,27.9,20.8,28.7,18.1,27.2,32.5,34.8,48.1,50.2,49.0,46.3,42.4,33.0,28.4,25.7,24.7,25.8,22.9,18.5,15.6,14.1,7.0,19.1,58.7,66.8,75.9,62.7,39.8,45.9,53.9,48.6,66.7,78.3,81.5
69.5,84.8,61.4,98.7,99.5,98.1,75.4,86.2,60.3,75.4,77.7,71.6,76.4,85.2,93.0,85.4,82.9,81.1,95.3,94.8,84.8,72.2,66.1,60.7,44.1,56.6,72.9,57.4,46.0,31.4,28.3,30.2,29.9,29.3,30.2,28.4,23.9,26.1,22.2,14.5,13.3,16.5,19.1,36.9,47.8,35.3,29.4,23.2,24.8,19.5,28.6,35.9,28.6,20.3,31.2,43.0,39.3,40.2,44.1,40.1,39.4,43.8,40.2,34.2,28.3,24.9,25.8,23.1,16.5,14.1,14.5,24.2,51.4,74.2,82.1,84.2,81.5,60.3,51.5,53.5,62.9,50.3,74.4,81.6,84.4
