wind-weather/data/weather/current/current-relative_humidity-isobaric-700hPa-gfs-1.0.json
{"header": {"discipline":0,"disciplineName":"Meteorologicalproducts","gribEdition":2,"gribLength":73774,"center":7,"centerName":"USNationalWeatherService-NCEP(WMC)","subcenter":0,"refTime":"2015-09-28T00:00:00.000Z","significanceOfRT":0,"significanceOfRTName":"Analysis","productStatus":0,"productStatusName":"Operationalproducts","productType":0,"productTypeName":"Analysisproducts","productDefinitionTemplate":0,"productDefinitionTemplateName":"Analysis/forecastathorizontallevel/layeratapointintime","parameterCategory":1,"parameterCategoryName":"Moisture","parameterNumber":1,"parameterNumberName":"Relative_humidity","parameterUnit":"percent","genProcessType":0,"genProcessTypeName":"Analysis","forecastTime":0,"surface1Type":100,"surface1TypeName":"Isobaricsurface","surface1Value":70000.0,"surface2Type":255,"surface2TypeName":"Missing","surface2Value":0.0,"gridDefinitionTemplate":0,"gridDefinitionTemplateName":"Latitude_Longitude","numberPoints":65160,"shape":6,"shapeName":"Earthsphericalwithradiusof6,371,229.0m","gridUnits":"degrees","resolution":48,"winds":"true","scanMode":0,"nx":360,"ny":181,"basicAngle":0,"subDivisions":0,"lo1":0.0,"la1":90.0,"lo2":359.0,"la2":-90.0,"dx":1.0,"dy":1.0}, "data":
[rows 114 to 151 of 181, columns 255 to 339 of 360]
17.1,15.9,15.3,14.8,14.6,13.8,14.8,16.8,16.6,13.7,12.2,14.5,17.9,23.4,37.7,43.6,43.9,42.6,38.5,34.6,33.8,34.6,33.9,32.3,29.6,26.5,25.3,25.2,25.9,25.4,21.7,14.7,8.9,7.3,8.0,4.9,9.6,10.4,34.1,17.3,47.1,15.4,28.8,19.6,13.7,10.9,7.9,4.3,0.6,6.4,13.5,26.1,68.2,92.0,98.7,96.4,73.1,68.2,75.1,74.6,85.1,87.9,81.9,71.4,62.5,60.9,53.5,56.3,55.7,54.0,50.3,48.5,48.7,52.3,60.0,69.3,82.9,85.1,71.2,61.4,60.2,57.8,58.6,57.0,55.1
19.9,19.6,18.0,17.4,17.6,18.1,19.4,20.5,19.4,17.9,16.6,17.8,18.7,25.0,40.7,43.7,40.6,39.2,38.8,38.5,37.0,36.9,36.3,36.4,36.7,35.5,34.1,34.0,35.2,33.8,30.7,28.4,21.4,13.1,8.4,12.0,25.0,49.8,48.1,58.5,30.2,33.3,23.2,21.6,17.3,13.4,13.4,11.8,13.9,12.9,7.0,14.0,40.3,73.9,99.6,99.6,94.4,75.3,71.0,83.4,86.8,88.1,94.3,86.9,81.5,81.4,73.2,63.8,63.4,65.4,63.1,61.7,59.2,65.4,86.1,94.5,94.3,93.3,90.0,84.6,78.7,85.4,77.0,69.2,64.4
21.4,21.0,20.7,20.0,22.1,23.2,25.1,24.2,24.3,21.4,18.6,18.3,17.8,24.6,37.0,41.0,38.6,37.5,39.2,39.3,36.6,31.7,28.3,28.0,29.8,32.2,34.8,37.2,39.0,39.1,35.9,31.2,29.2,21.0,11.1,12.3,22.0,39.6,80.4,69.3,60.9,32.3,17.5,18.4,19.8,18.0,16.3,13.4,22.5,34.8,23.6,45.0,46.0,55.6,73.3,97.3,99.3,91.2,80.8,85.0,89.2,86.7,82.8,80.8,81.8,85.4,84.3,80.2,74.7,73.8,73.2,72.5,85.6,93.1,97.4,98.9,99.6,99.6,99.6,99.6,99.6,87.5,46.2,25.5,16.8
19.1,19.0,19.2,18.0,19.8,24.4,27.0,27.3,26.7,29.0,28.5,21.3,18.5,25.0,33.3,37.9,38.8,40.2,42.4,41.0,35.9,29.4,26.6,25.0,24.2,25.8,29.9,33.7,39.2,43.3,42.6,36.2,30.4,24.6,13.2,17.2,30.2,35.2,13.2,81.9,33.9,21.3,18.2,19.1,16.7,16.0,15.8,14.5,20.4,38.5,46.0,45.0,64.5,97.4,63.4,56.0,95.8,98.6,90.7,95.3,86.7,85.6,82.2,81.4,86.6,93.8,99.6,99.6,94.6,84.6,85.2,94.2,93.4,97.3,98.8,97.9,96.2,96.7,89.6,75.8,45.3,21.7,11.0,5.2,2.6
14.4,14.0,14.7,16.5,16.3,18.7,24.0,27.4,31.2,30.7,27.8,29.2,23.6,17.6,25.6,32.8,34.6,39.6,44.2,45.8,41.8,34.9,30.3,26.9,24.0,22.3,24.8,29.2,35.7,45.4,48.1,45.6,35.9,23.9,9.9,19.6,63.1,24.4,13.3,20.4,28.8,18.4,16.1,15.0,14.2,12.8,16.3,18.9,22.0,32.0,47.5,52.3,70.2,91.7,91.8,81.4,60.3,89.2,90.1,92.1,94.0,89.5,90.8,97.1,94.7,95.9,93.3,92.5,93.2,93.9,96.3,98.7,99.3,99.4,91.1,89.2,80.9,52.9,24.6,13.3,7.2,3.5,2.6,1.7,1.3
11.6,11.8,12.0,13.0,14.8,15.0,17.8,23.2,28.1,32.9,31.9,28.6,28.0,24.7,22.6,19.3,23.4,32.5,37.9,42.1,47.7,43.8,37.5,31.9,27.5,24.5,21.3,23.0,26.2,37.9,49.8,49.5,44.2,24.8,15.7,18.0,55.4,9.8,37.8,22.0,23.8,18.1,19.7,18.9,14.9,14.9,16.4,23.8,27.5,23.6,28.9,41.2,57.1,79.2,95.9,90.2,69.4,99.6,99.6,99.6,69.8,57.6,46.5,78.6,93.5,97.5,92.6,94.7,99.6,96.5,97.7,97.7,98.2,97.9,90.2,75.1,31.6,5.7,3.0,2.4,2.3,1.9,1.3,1.3,1.1
10.2,10.3,10.6,10.9,12.0,13.3,14.9,18.7,23.0,26.0,29.4,29.9,32.6,34.6,29.6,26.0,25.9,19.0,27.9,35.6,35.0,39.1,42.1,38.7,33.2,29.1,24.7,20.2,19.7,24.4,36.0,48.6,51.7,37.6,23.3,52.1,23.5,9.8,24.7,21.7,22.3,15.3,30.4,29.6,28.4,20.5,16.4,16.0,22.3,28.4,22.2,26.3,34.0,45.8,75.0,86.9,77.9,69.2,60.6,82.7,80.2,82.9,58.9,87.0,86.8,59.7,66.8,75.0,79.5,82.0,86.3,87.3,84.9,79.3,70.2,43.3,14.2,6.2,2.0,1.1,1.0,1.2,1.1,0.9,0.9
11.4,10.5,9.5,9.5,9.9,11.2,13.8,17.1,19.7,22.6,26.4,27.6,27.7,29.2,32.5,34.4,28.6,21.9,18.2,18.3,23.0,27.5,31.0,32.3,30.3,28.6,24.3,18.8,16.9,16.3,25.5,34.8,44.3,55.2,34.7,60.5,31.5,31.8,35.5,35.0,27.2,26.1,42.3,41.9,32.2,27.8,22.6,16.4,13.9,16.9,24.9,21.0,20.6,30.2,42.2,91.4,95.9,77.8,49.8,61.6,73.0,80.0,80.9,84.0,79.3,61.5,60.1,66.4,69.3,76.0,77.0,78.7,65.2,38.6,16.4,2.6,3.4,2.0,0.9,1.2,1.4,1.3,1.3,1.6,2.2
16.7,8.9,11.2,9.8,9.6,9.0,9.0,13.4,17.8,20.0,22.4,25.5,27.2,25.9,25.9,26.6,27.6,29.2,28.2,26.0,24.5,24.4,25.9,27.7,27.6,24.7,20.8,19.7,15.8,13.1,17.4,26.9,33.0,49.1,60.2,77.5,37.8,31.2,31.8,38.1,26.8,39.9,42.8,50.8,34.6,41.1,29.6,18.8,16.7,22.5,25.4,23.8,22.1,22.6,25.4,44.1,94.5,84.2,75.8,79.6,93.8,85.2,97.2,94.3,82.7,88.6,85.7,78.8,73.7,77.4,80.9,57.3,10.8,0.0,0.4,0.1,0.1,0.6,1.2,1.0,1.2,1.8,2.7,3.9,5.1
34.6,22.7,22.4,12.9,11.1,9.6,8.7,7.0,8.5,11.2,13.5,15.7,17.0,19.4,21.7,22.9,24.1,24.8,23.2,21.3,20.9,21.7,22.8,21.5,22.6,31.5,33.7,28.1,19.0,12.0,12.7,17.2,25.5,33.7,72.0,92.8,38.8,44.7,39.7,44.7,60.3,60.5,66.3,55.7,50.5,50.7,49.3,21.6,21.6,27.3,29.4,25.4,21.6,19.2,20.2,22.2,21.6,71.6,80.1,86.1,91.1,94.1,93.7,97.2,99.6,87.0,74.7,67.8,69.2,65.0,36.5,7.9,1.5,0.0,0.6,1.1,1.2,1.5,1.4,1.6,2.0,3.0,4.5,5.9,6.7
79.3,63.5,37.8,24.9,16.4,11.9,9.6,9.1,8.1,6.8,6.5,6.7,7.1,7.6,9.0,10.2,11.2,8.8,6.2,6.3,8.7,10.9,20.3,44.3,49.3,43.7,40.9,38.2,27.7,14.6,8.2,14.4,29.1,39.7,52.9,96.5,37.2,37.3,42.2,48.0,63.5,71.7,70.2,66.5,68.4,63.8,51.3,37.0,24.5,23.8,24.1,23.0,22.4,19.4,20.7,21.5,22.3,15.0,87.0,89.0,91.4,96.9,97.7,97.8,94.1,68.9,50.8,44.0,44.1,33.2,12.9,1.5,0.2,1.1,1.9,2.0,2.3,2.5,2.5,2.4,2.9,4.3,6.1,8.8,11.1
99.3,98.9,77.6,56.0,35.7,20.8,13.6,11.6,11.4,11.3,9.1,7.4,7.1,7.6,6.8,1.3,7.3,18.1,20.2,18.0,23.2,42.9,50.2,46.5,46.3,46.3,50.6,51.4,50.2,55.3,61.7,68.0,77.6,99.8,98.3,89.9,66.5,61.0,65.9,68.7,78.2,67.1,79.7,90.6,89.6,68.5,72.4,64.4,63.5,38.1,31.6,23.4,17.3,21.7,15.6,17.3,22.2,18.8,52.8,93.5,86.3,81.0,94.1,92.4,80.8,63.5,47.4,27.6,15.5,9.6,4.9,1.3,3.5,3.8,2.8,3.2,3.5,3.6,3.3,2.9,3.7,7.1,11.8,15.0,22.5
66.8,96.6,98.1,91.4,73.9,49.0,33.1,27.1,27.7,25.5,19.1,15.9,11.3,5.2,11.6,25.5,31.7,39.8,46.7,48.9,48.9,50.8,53.2,53.6,54.7,63.0,72.8,73.5,71.3,78.3,88.6,89.3,99.7,99.7,100.0,73.4,58.3,67.1,81.3,85.6,89.5,68.8,97.0,93.6,87.8,73.9,79.7,82.9,72.4,46.9,65.6,58.5,24.4,15.1,20.3,12.9,13.4,12.5,26.6,90.9,99.0,97.4,97.3,85.2,81.8,68.5,43.6,17.6,5.4,3.7,3.1,5.6,8.7,7.9,6.6,6.3,5.6,4.6,3.8,4.2,7.9,14.5,21.8,29.8,20.7
40.7,52.5,75.0,89.1,91.5,84.2,77.9,64.3,55.4,47.2,44.1,36.0,29.2,26.6,26.8,34.1,45.9,51.1,53.0,51.7,52.6,56.9,63.0,72.3,83.3,85.8,78.5,73.8,79.9,88.4,99.7,99.7,99.7,99.8,100.0,70.6,80.0,92.0,97.5,85.6,69.2,85.3,97.6,96.8,97.4,91.0,92.6,100.0,100.0,69.6,62.4,65.1,42.2,17.2,18.9,19.6,15.2,13.9,62.7,99.7,97.4,99.7,99.7,86.3,59.8,43.9,27.3,9.4,4.1,2.9,4.2,8.7,10.8,9.9,9.1,7.3,5.2,4.3,5.4,10.4,15.5,25.0,32.4,17.8,6.4
75.7,53.7,50.4,65.8,79.7,90.4,94.5,91.4,92.8,88.5,80.1,65.9,63.2,62.9,63.5,61.6,63.6,67.9,78.0,87.6,89.7,90.3,88.8,81.8,73.4,66.8,68.4,70.5,65.4,54.6,51.0,65.8,100.0,100.0,97.0,51.8,68.4,81.7,95.3,89.9,79.3,86.6,90.8,97.7,98.0,100.0,100.0,99.5,99.1,85.5,78.1,62.7,49.1,18.5,20.9,22.7,29.5,75.4,84.3,97.8,99.0,99.8,99.5,93.7,57.7,24.0,11.0,4.1,4.1,3.1,4.9,9.3,10.8,10.6,8.8,6.1,5.3,7.9,14.0,17.7,29.3,33.1,15.4,8.4,5.5
79.7,79.3,54.4,39.8,51.6,67.1,73.4,72.4,76.5,87.7,89.8,88.5,84.9,82.5,79.6,86.0,97.9,96.7,86.5,84.1,80.4,71.2,62.9,54.4,48.9,57.3,68.9,63.0,52.0,46.7,45.5,48.6,84.7,100.0,96.5,19.4,79.4,84.0,99.8,98.9,96.6,96.1,91.6,90.4,81.6,87.5,92.0,90.2,87.9,85.2,77.1,66.3,47.2,25.1,49.8,26.4,38.6,82.9,89.9,91.2,98.4,98.2,82.6,55.9,32.1,13.1,4.9,2.7,3.6,5.0,6.3,7.9,7.8,7.0,6.1,7.5,12.6,19.5,26.6,38.4,33.3,15.9,13.2,6.0,5.5
85.5,71.3,73.2,60.9,45.9,37.3,46.8,56.3,57.6,56.8,62.2,68.8,73.0,75.3,74.9,75.7,80.0,81.0,72.0,58.0,54.2,54.7,52.6,47.5,50.3,66.1,71.0,67.5,62.9,60.5,57.5,57.3,87.0,100.0,92.5,57.8,84.9,83.3,87.3,88.6,93.5,94.5,73.7,54.7,61.2,68.3,83.6,86.8,87.7,82.9,73.0,75.0,36.9,37.2,94.9,53.3,54.8,96.2,100.0,97.6,98.1,89.2,47.0,21.2,10.6,5.5,2.5,2.2,3.5,4.5,5.4,5.6,6.0,7.6,10.8,17.9,25.2,37.0,51.9,38.5,20.9,17.3,7.2,4.9,7.4
99.4,98.3,91.3,79.0,74.7,65.3,57.9,60.2,64.1,67.6,66.9,65.9,65.8,68.0,68.4,67.8,65.2,61.9,61.7,61.9,61.1,64.1,64.8,81.0,91.8,91.3,81.1,77.4,75.3,58.7,46.7,58.4,87.7,100.0,83.7,88.6,87.5,89.5,100.0,95.8,99.7,93.3,75.7,56.0,61.9,66.2,69.8,78.8,82.9,81.8,74.7,78.1,27.1,23.7,89.7,100.0,92.2,95.5,95.8,96.7,94.7,96.2,75.7,3.2,0.8,3.3,2.6,2.9,2.8,4.0,6.3,9.0,11.9,16.9,24.9,33.3,47.5,58.0,44.9,33.1,26.5,10.2,5.0,9.5,13.3
81.9,97.2,98.6,98.6,96.5,91.2,86.0,79.4,73.3,71.1,73.7,75.6,71.8,67.1,65.3,64.7,64.3,62.8,61.2,64.2,69.4,70.2,90.0,100.0,99.3,94.8,88.1,45.8,11.1,2.2,7.0,28.7,81.6,97.4,80.4,84.3,90.9,88.4,82.1,91.5,98.3,90.8,84.6,69.3,64.3,63.1,65.4,76.1,81.7,80.8,82.2,71.5,10.2,27.1,86.5,86.6,87.9,96.4,95.3,95.0,95.9,95.2,88.3,24.8,0.0,0.1,0.6,2.9,7.0,12.5,17.1,20.4,28.0,39.9,55.4,73.9,77.3,57.2,47.7,38.4,14.2,6.8,13.1,15.0,23.5
16.4,81.0,96.2,98.9,99.0,98.8,96.1,92.2,86.1,78.4,72.2,68.6,67.1,67.9,68.9,69.7,66.2,59.2,63.2,59.8,64.7,90.0,99.2,98.8,95.6,42.7,2.8,5.2,6.7,6.8,6.0,16.9,51.0,100.0,89.8,98.2,91.2,91.8,99.4,97.1,95.5,99.6,88.2,70.5,60.8,61.9,69.9,74.8,80.3,82.5,90.9,76.5,18.0,0.0,84.7,100.0,95.5,98.3,90.9,87.2,96.3,97.9,74.8,41.9,15.2,10.4,14.0,20.5,30.8,40.5,51.9,63.7,73.3,84.5,88.4,86.4,72.8,63.4,62.3,31.0,14.0,14.6,14.4,21.9,29.6
23.2,8.5,62.0,86.7,95.8,92.7,80.9,72.7,64.6,55.9,48.4,46.9,51.7,57.2,64.1,74.5,69.7,55.6,44.2,59.8,88.5,97.8,96.1,56.9,4.0,7.8,11.7,19.0,20.5,18.1,13.1,19.2,82.9,91.2,95.4,100.0,99.1,98.6,98.6,99.3,98.6,96.6,81.8,71.6,62.7,67.9,74.4,77.8,83.9,86.9,88.4,83.8,47.4,5.6,34.2,96.2,98.2,89.9,100.0,95.1,69.4,67.6,70.6,55.4,45.4,43.6,47.2,58.5,74.5,82.3,66.2,35.4,16.5,25.4,55.5,57.3,49.6,77.5,58.2,27.0,14.9,11.6,18.8,27.6,36.1
59.1,41.0,15.4,19.5,33.6,37.0,39.7,32.6,23.6,16.2,11.9,11.0,13.0,17.7,24.9,29.6,28.5,28.6,53.4,94.0,98.4,92.0,25.8,1.8,10.6,20.2,33.1,38.5,42.3,45.9,36.4,18.4,84.0,96.0,64.4,64.0,78.9,88.3,100.0,100.0,99.7,97.8,83.0,70.1,68.0,73.5,77.3,86.6,89.1,92.6,94.2,83.5,69.7,31.3,34.0,67.2,95.0,87.5,91.7,83.9,76.4,70.6,80.8,84.7,81.5,78.8,83.6,88.7,70.2,29.3,11.1,9.9,10.0,14.2,24.7,57.1,75.1,61.0,37.2,18.9,16.3,25.0,34.3,43.3,52.3
63.3,69.6,51.0,24.1,12.4,19.3,25.1,24.1,22.0,19.4,15.9,12.8,10.9,10.0,8.9,9.9,15.1,33.2,88.0,99.7,96.1,30.9,2.8,12.7,21.3,34.8,43.4,52.5,64.4,82.3,84.8,55.9,76.9,69.9,93.6,80.9,63.2,64.4,38.1,38.7,35.4,33.2,33.3,34.7,42.2,59.9,77.3,86.5,97.4,96.4,95.3,96.7,79.3,37.0,35.6,83.8,86.9,99.6,98.5,91.6,89.7,92.0,99.9,100.0,100.0,100.0,98.4,59.8,19.6,11.5,9.2,12.7,18.0,24.0,29.8,34.3,31.8,24.0,23.7,33.9,46.0,54.9,61.5,68.3,70.0
61.7,64.5,72.4,54.3,24.2,9.1,8.4,13.8,17.1,16.5,15.7,13.9,11.4,9.0,7.1,4.9,9.5,45.8,99.1,100.0,59.2,2.4,12.3,21.0,33.6,38.3,50.5,69.1,86.4,100.0,99.0,79.2,53.9,82.0,83.5,97.8,91.5,100.0,93.7,73.9,62.7,52.3,39.6,31.5,31.4,26.1,54.8,85.2,96.1,99.8,100.0,94.5,67.1,26.4,45.4,72.9,95.9,96.9,100.0,100.0,99.9,98.6,99.6,100.0,96.9,74.5,30.7,15.5,12.5,17.1,24.7,23.8,20.8,19.3,20.0,26.5,38.4,49.8,58.1,65.4,75.4,81.3,77.9,77.6,79.0
95.4,93.7,70.5,60.5,52.5,41.9,19.0,8.1,5.5,6.7,8.4,8.6,7.4,6.2,5.2,3.3,9.5,78.5,100.0,100.0,20.5,8.0,19.0,30.2,35.7,49.5,78.7,89.7,96.3,98.3,100.0,95.1,86.2,70.1,74.8,74.7,85.4,68.8,81.0,90.9,87.8,82.0,66.2,47.3,35.4,31.4,57.5,87.2,98.3,100.0,100.0,86.6,45.6,18.3,52.9,89.3,65.8,82.7,99.7,100.0,99.9,98.8,100.0,72.9,30.8,16.5,15.2,17.6,24.3,23.6,22.3,26.9,33.8,39.0,45.4,57.3,66.7,73.1,74.4,73.5,73.5,77.0,80.6,83.2,89.2
100.0,99.5,98.0,78.7,46.2,48.0,58.2,41.3,26.7,19.0,16.5,11.2,6.5,5.0,4.8,3.4,19.6,92.9,100.0,68.1,1.3,15.6,25.5,35.9,42.9,41.1,39.7,53.7,44.6,80.3,100.0,84.1,57.2,94.4,89.4,90.6,86.5,95.7,94.8,100.0,100.0,100.0,96.7,66.3,50.1,62.6,82.0,87.7,97.6,100.0,91.7,53.9,17.2,23.0,45.7,39.6,13.0,21.5,46.8,64.6,63.5,47.4,25.4,15.6,18.2,22.9,27.7,34.2,44.1,52.7,56.4,58.0,60.3,62.7,63.1,62.0,58.5,57.2,59.9,69.3,81.6,89.4,93.7,93.6,85.4
100.0,100.0,100.0,89.8,68.2,43.0,39.0,44.2,51.4,44.8,31.1,27.3,17.0,8.5,5.2,0.5,80.2,98.7,97.3,24.9,6.3,15.2,25.7,33.0,29.1,22.4,51.1,34.8,30.6,64.3,84.4,90.1,91.5,90.4,89.5,92.6,99.2,88.5,69.6,68.8,74.8,72.1,59.1,64.6,87.0,86.2,85.5,93.9,92.6,69.2,52.1,38.0,22.6,17.0,14.9,10.9,7.9,4.0,3.4,6.9,12.0,17.9,21.0,23.7,33.7,48.6,58.2,59.3,56.5,51.6,46.0,41.2,37.7,35.3,36.8,45.4,58.2,71.8,80.8,83.5,82.7,81.9,78.3,76.9,77.3
64.1,100.0,100.0,100.0,85.9,64.9,57.7,61.1,70.6,76.6,77.9,85.9,80.2,43.8,0.2,66.7,95.7,98.0,68.0,6.8,10.8,12.5,18.8,30.6,17.8,16.6,29.5,44.7,50.6,63.8,70.2,70.8,51.6,91.7,94.6,99.3,93.7,99.9,99.5,94.2,94.4,94.3,99.4,100.0,100.0,98.0,84.0,67.3,47.1,23.9,11.5,8.2,8.4,10.1,9.5,7.7,8.5,11.5,18.0,25.4,29.0,37.2,57.7,67.7,59.5,46.7,38.0,34.9,33.5,30.4,27.1,27.6,31.8,38.6,58.0,76.6,85.6,85.0,80.5,75.7,69.7,58.6,40.7,25.3,19.3
38.8,68.8,87.9,100.0,99.3,89.8,81.1,84.0,89.9,100.0,100.0,99.8,95.3,88.7,91.0,97.3,97.5,91.7,25.0,3.7,8.4,11.4,13.3,29.9,19.6,11.3,9.6,15.4,28.0,37.4,59.4,74.2,79.9,95.3,98.2,96.4,90.8,88.1,97.1,94.5,92.1,97.5,100.0,99.0,91.9,75.0,59.4,45.1,42.8,35.8,19.0,9.4,8.5,7.6,9.5,13.9,19.7,28.1,34.9,44.3,57.6,58.5,49.6,44.0,37.2,31.5,28.2,24.9,22.5,22.4,27.1,42.7,55.7,76.7,88.1,92.1,89.7,82.0,75.4,64.8,44.7,24.7,16.9,16.0,14.6
31.6,53.9,79.5,83.9,98.6,94.7,86.4,86.4,93.3,97.6,99.7,99.2,98.9,99.1,99.1,98.1,97.9,52.0,5.1,5.7,8.9,9.4,15.5,29.6,28.7,16.3,17.3,22.6,31.6,42.8,52.1,61.0,79.5,87.9,82.3,87.0,91.0,74.4,71.1,80.3,87.8,96.3,100.0,100.0,92.2,85.0,91.8,100.0,99.2,94.5,59.6,21.8,11.3,14.2,15.1,18.9,30.2,36.0,35.4,42.5,44.3,44.5,45.6,39.2,32.8,27.4,24.9,25.7,27.8,37.1,54.2,69.3,82.5,86.6,85.1,83.4,85.6,83.5,67.0,41.9,23.6,18.2,16.6,14.6,10.7
31.3,40.8,78.1,91.3,96.4,99.3,96.5,95.5,97.5,98.7,100.0,99.0,100.0,99.1,98.9,98.3,71.2,13.6,4.4,6.0,6.6,6.2,20.8,30.2,32.8,31.9,22.4,23.4,32.0,44.2,63.0,69.7,65.0,67.8,64.0,74.2,67.4,67.8,73.2,78.9,74.0,74.3,77.7,80.3,85.0,91.1,99.6,100.0,99.7,99.7,100.0,76.6,26.3,16.8,18.1,26.1,39.8,48.6,47.8,50.0,55.3,55.6,47.8,36.9,30.7,31.8,36.4,43.3,44.3,70.3,91.9,96.7,95.9,98.4,100.0,100.0,89.8,64.8,36.9,23.3,22.3,20.5,16.4,10.9,7.1
28.2,35.4,77.4,96.8,98.8,99.9,99.8,97.1,97.5,100.0,100.0,99.8,99.0,99.1,98.3,79.3,20.5,3.0,3.5,3.8,3.3,5.8,18.7,32.3,33.3,36.0,39.9,43.8,50.1,54.4,59.5,62.1,62.5,58.0,48.1,32.3,31.7,28.2,24.8,28.4,35.7,50.6,70.5,89.1,94.9,97.9,99.8,98.2,98.5,97.7,98.7,100.0,97.8,36.2,27.1,28.9,37.7,53.0,62.2,60.7,52.2,41.0,36.4,43.0,54.7,63.7,72.2,78.1,91.8,91.0,98.5,99.9,97.1,97.5,94.6,81.6,54.2,30.4,25.9,28.1,27.0,23.7,16.9,10.1,14.1
26.0,36.9,89.9,99.3,100.0,100.0,99.5,96.3,100.0,100.0,99.4,99.3,100.0,99.0,76.8,22.1,1.8,3.0,2.6,3.7,5.1,5.6,8.5,18.1,27.6,32.9,38.3,40.0,38.9,38.6,35.2,28.4,22.9,22.5,24.7,24.3,21.0,15.8,11.4,8.9,7.8,7.2,6.3,4.5,4.9,18.7,47.1,80.8,100.0,100.0,100.0,100.0,100.0,100.0,72.4,34.4,30.8,35.1,37.0,37.8,43.1,57.5,73.8,90.6,94.4,94.7,91.5,91.2,92.8,94.8,95.0,95.3,97.6,89.8,64.3,37.3,30.9,36.5,37.9,36.7,36.2,28.7,17.7,21.2,45.2
36.9,52.2,97.4,100.0,100.0,100.0,100.0,100.0,100.0,100.0,99.6,99.6,100.0,90.6,23.0,0.3,2.0,2.4,4.7,9.6,13.1,12.9,10.0,8.0,8.8,10.3,12.1,14.0,15.4,18.9,23.9,27.9,29.4,26.4,18.8,11.4,7.6,7.3,8.2,9.3,9.4,10.1,12.0,15.0,20.3,28.8,40.0,47.2,47.0,66.1,100.0,100.0,100.0,100.0,99.7,100.0,97.2,87.1,79.7,86.1,98.8,99.0,98.5,99.8,99.9,100.0,100.0,99.1,96.7,97.4,100.0,90.6,61.0,37.3,36.1,42.6,45.1,46.3,50.3,50.6,39.6,27.4,29.4,53.7,77.1
67.7,77.8,96.2,100.0,100.0,100.0,100.0,100.0,100.0,100.0,100.0,100.0,86.0,31.5,0.0,1.2,3.0,5.4,11.8,19.1,23.5,25.5,24.8,21.7,20.9,23.6,25.6,25.5,25.1,28.6,33.9,34.6,31.4,25.5,18.9,13.2,10.5,10.0,9.9,8.7,8.7,8.6,9.2,10.8,12.6,16.2,23.1,35.9,55.7,78.2,75.0,73.3,98.4,100.0,99.7,99.2,99.3,99.0,98.2,98.5,99.7,100.0,100.0,99.7,100.0,100.0,98.8,100.0,100.0,77.3,41.3,27.4,29.8,30.4,32.4,39.2,47.6,51.1,47.2,39.0,32.8,40.2,63.5,78.5,65.5
91.8,92.0,100.0,100.0,100.0,100.0,100.0,100.0,100.0,99.9,100.0,87.7,29.1,0.0,0.6,3.4,7.4,14.7,23.4,29.4,31.2,31.2,30.6,30.8,31.2,29.9,30.1,33.7,37.6,40.3,41.8,40.7,38.1,35.0,30.2,24.0,18.6,14.7,12.0,9.3,8.4,10.5,13.5,16.5,22.6,27.9,29.5,29.1,30.9,35.0,38.2,42.7,58.9,87.4,96.2,97.1,96.8,98.6,100.0,100.0,99.2,99.8,100.0,100.0,97.2,100.0,94.9,56.9,20.7,16.4,16.5,13.3,12.1,12.8,15.4,21.8,29.5,31.4,27.2,32.8,55.8,73.5,69.9,59.3,44.7
98.2,96.5,98.4,100.0,100.0,100.0,100.0,100.0,100.0,99.2,98.9,57.8,3.8,2.0,3.5,7.9,17.0,26.8,35.3,39.8,41.1,39.3,35.6,35.0,33.7,35.2,39.9,43.2,47.5,50.2,49.0,46.5,44.5,44.6,45.2,42.3,34.6,24.4,17.0,11.8,10.6,15.9,21.9,27.3,38.1,51.3,64.9,77.2,90.1,100.0,98.1,96.5,96.3,96.4,95.7,97.4,98.3,98.8,99.4,98.7,98.6,96.8,93.5,96.1,81.9,35.8,8.3,11.7,11.8,11.0,10.4,9.2,11.7,16.9,21.1,24.4,30.0,41.8,55.6,61.5,58.5,55.4,47.3,59.3,96.4
91.4,97.5,97.0,98.7,100.0,100.0,100.0,100.0,99.4,99.7,99.4,47.5,1.9,8.7,9.8,16.2,26.5,35.6,43.1,47.9,51.7,52.7,48.3,44.1,42.5,44.1,49.7,54.8,58.7,61.9,64.6,65.4,62.5,58.5,57.3,58.2,55.5,43.1,27.7,17.3,13.7,17.5,27.3,32.4,36.5,43.0,51.6,65.1,68.9,85.7,96.3,94.5,91.4,91.1,92.7,93.3,94.0,92.8,90.6,88.3,87.7,87.9,67.3,22.5,4.3,12.0,13.2,12.8,13.0,13.9,14.0,15.6,21.2,27.9,33.3,36.0,36.7,35.5,36.3,41.9,60.0,91.7,100.0,98.8,98.9
